0 0.999982520163 -0.003413960230 -0.004827447002 0.040690377000 0.003428466014 0.999989623416 0.002999780250 0.000314804000 0.004817155779 -0.003016278553 0.999983848407 -0.001090238000
1 0.999979389271 -0.003678995296 -0.005261751354 0.060392592000 0.003697770825 0.999986815538 0.003563038186 0.000420547000 0.005248573580 -0.003582421500 0.999979809162 -0.001616673000
2 0.999976119367 -0.003588807777 -0.005906026886 0.064630240000 0.003611587625 0.999986063341 0.003850916561 0.000496425000 0.005892124376 -0.003872154733 0.999975144335 -0.001805246000
3 0.999976952522 -0.003061507849 -0.006059834485 0.068956785000 0.003083062917 0.999988942858 0.003550899285 0.000543891000 0.006048896375 -0.003569500297 0.999975334456 -0.001804096000
4 0.999975538402 -0.002339653248 -0.006591556806 0.072285675000 0.002369785489 0.999986762114 0.004567243488 0.000552896000 0.006580783782 -0.004582752342 0.999967845316 -0.001843329000
5 0.999972912183 -0.002123398504 -0.007047416466 0.077325828000 0.002151383925 0.999989821874 0.003965815942 0.000361384000 0.007038923729 -0.003980870215 0.999967302578 -0.001886875000
6 0.999974951387 -0.001204096937 -0.006974722119 0.079421617000 0.001239523841 0.999986342541 0.005077234632 0.000677961000 0.006968513379 -0.005085752789 0.999962786778 -0.001957064000
7 0.999974295199 -0.001664590077 -0.006974100800 0.083738171000 0.001702327688 0.999983924053 0.005408670357 0.000745781000 0.006964985466 -0.005420403533 0.999961053343 -0.002034280000
8 0.999973797822 -0.001935366764 -0.006975530474 0.086904965000 0.001970635015 0.999985293436 0.005052673576 0.000731719000 0.006965649112 -0.005066287410 0.999962905544 -0.002153908000
9 0.999968054703 -0.001976549513 -0.007744858068 0.091254279000 0.002020038744 0.999982215400 0.005611446047 0.000718173000 0.007733629028 -0.005626911701 0.999954263377 -0.002238089000
10 0.999961776991 -0.001388518718 -0.008632298216 0.095510125000 0.001439929568 0.999981248312 0.005952279146 0.000812505000 0.008623871495 -0.005964481534 0.999945025389 -0.002347811000
11 0.999956977669 -0.001758826685 -0.009107652793 0.098759249000 0.001810684331 0.999982179658 0.005688742268 0.000792235000 0.009097484980 -0.005704988610 0.999942342774 -0.002443926000
12 0.999952284628 -0.003437470441 -0.009143974219 0.102955878000 0.003486993198 0.999979310663 0.005405471636 0.000655001000 0.009125203887 -0.005437098688 0.999943582714 -0.002632024000
13 0.999951467526 -0.003969630508 -0.009016907801 0.106713288000 0.004022130176 0.999975022961 0.005811705650 0.000856843000 0.008993612261 -0.005847690770 0.999942458070 -0.002627693000
14 0.999951628812 -0.004194379032 -0.008896472386 0.111212537000 0.004246366417 0.999973973197 0.005832778179 0.000775180000 0.008871775957 -0.005870273722 0.999943414138 -0.002766772000
15 0.999951428401 -0.004723663585 -0.008650308777 0.114477068000 0.004775538003 0.999970680445 0.005986024270 0.000758215000 0.008621779189 -0.006027043397 0.999944668305 -0.002858148000
16 0.999948831133 -0.004049265519 -0.009270305503 0.117869750000 0.004105160980 0.999973462609 0.006018449167 0.001062928000 0.009245689195 -0.006056197306 0.999938917987 -0.002837275000
17 0.999933871208 -0.004219203257 -0.010698202405 0.121052891000 0.004288163425 0.999970124994 0.006431234237 0.001107812000 0.010670748111 -0.006476684587 0.999922090811 -0.002866555000
18 0.999919050440 -0.004947299783 -0.011722490821 0.126498491000 0.005023884896 0.999966171685 0.006512761868 0.000879596000 0.011689873684 -0.006571127107 0.999910079528 -0.003160901000
19 0.999924244867 -0.003509347313 -0.011797839154 0.128636464000 0.003591830519 0.999969206298 0.006977478782 0.001143501000 0.011772989458 -0.007019326041 0.999906058478 -0.003046124000
20 0.999920463545 -0.002693050836 -0.012321284862 0.132903412000 0.002782731669 0.999969721762 0.007267184047 0.001102594000 0.012301340899 -0.007300892870 0.999897681753 -0.003111065000
21 0.999925540405 -0.002046269413 -0.012030229737 0.137148499000 0.002132345825 0.999972189631 0.007146542274 0.001119205000 0.012015271421 -0.007171662756 0.999902095460 -0.003213578000
22 0.999926156304 -0.001976884250 -0.011990574084 0.140353903000 0.002064106187 0.999971470491 0.007266200445 0.001128988000 0.011975867562 -0.007290413700 0.999901709402 -0.003300457000
23 0.999920893091 -0.001634128882 -0.012471454711 0.143042877000 0.001729008188 0.999969619246 0.007600731225 0.001207337000 0.012458655245 -0.007621693202 0.999893340163 -0.003298136000
24 0.999907221059 -0.001211684103 -0.013567648855 0.147286549000 0.001322048001 0.999966090646 0.008128329947 0.001263373000 0.013557339816 -0.008145512892 0.999874916756 -0.003388357000
25 0.999896000876 -0.002155230449 -0.014259818125 0.152839854000 0.002256986683 0.999972079555 0.007123631143 0.001110231000 0.014244066917 -0.007155074511 0.999872947662 -0.003477205000
26 0.999883065360 -0.001069608313 -0.015254885929 0.155031845000 0.001181834489 0.999972292793 0.007349619966 0.001223220000 0.015246602044 -0.007366789291 0.999856625493 -0.003615602000
27 0.999871320216 -0.000724773725 -0.016025533141 0.158888862000 0.000844532839 0.999971761095 0.007467514827 0.001292694000 0.016019668339 -0.007480087997 0.999843697040 -0.003548497000
28 0.999859485960 -0.000576282385 -0.016753394709 0.162085712000 0.000703407434 0.999971000370 0.007583115247 0.001322151000 0.016748538851 -0.007593834175 0.999830895766 -0.003637826000
29 0.999869200462 -0.001242342641 -0.016125710887 0.166523710000 0.001360974574 0.999972078353 0.007347806683 0.001345397000 0.016116132137 -0.007368792275 0.999842973264 -0.003757697000
30 0.999885375783 -0.001306359326 -0.015084055207 0.169658318000 0.001421286603 0.999970026481 0.007610918799 0.001358539000 0.015073660490 -0.007631485169 0.999857262410 -0.003815011000
31 0.999912669169 -0.000459434929 -0.013207685436 0.173820376000 0.000563650775 0.999968731126 0.007887906489 0.001439568000 0.013203648467 -0.007894662154 0.999881661986 -0.003913823000
32 0.999932122307 -0.000152453300 -0.011650216202 0.177086651000 0.000248792458 0.999965786071 0.008268300287 0.001491526000 0.011648557072 -0.008270637539 0.999897948629 -0.004035310000
33 0.999955036780 -0.000838518066 -0.009445702998 0.181381881000 0.000920369619 0.999962039227 0.008664469046 0.001499783000 0.009438079118 -0.008672773001 0.999917849461 -0.004127271000
34 0.999964169465 -0.001372578132 -0.008353191940 0.184715196000 0.001449190712 0.999956881411 0.009172522237 0.001514063000 0.008340241759 -0.009184298949 0.999923041549 -0.004292824000
35 0.999980666652 -0.001884919797 -0.005925656020 0.188991576000 0.001941342030 0.999952700240 0.009530397313 0.001561553000 0.005907411704 -0.009541716784 0.999937027081 -0.004387895000
36 0.999991289140 -0.001931979551 -0.003699878372 0.193428978000 0.001967123600 0.999952760897 0.009518739332 0.001564631000 0.003681313583 -0.009525934534 0.999947850891 -0.004468988000
37 0.999993896005 -0.002777982017 -0.002119143544 0.199883521000 0.002798419746 0.999949007862 0.009703119272 0.001585291000 0.002092080393 -0.009708990297 0.999950678137 -0.004612571000
38 0.999989920452 -0.003189195440 -0.003160383935 0.204033151000 0.003221272777 0.999942818088 0.010197252356 0.001632475000 0.003127682187 -0.010207330031 0.999943012385 -0.004714865000
39 0.999989814809 -0.002790703506 -0.003547147131 0.208353326000 0.002827223192 0.999942621129 0.010332534007 0.001694783000 0.003518108561 -0.010342457345 0.999940326464 -0.004908014000
40 0.999990197780 -0.002253467990 -0.003811328694 0.211643189000 0.002293557691 0.999941747372 0.010547106482 0.001811875000 0.003787339108 -0.010555744599 0.999937114182 -0.004866370000
41 0.999986616543 -0.002346176243 -0.004611094415 0.215881318000 0.002392770990 0.999945872811 0.010125516997 0.001833028000 0.004587088582 -0.010136414776 0.999938103941 -0.005027904000
42 0.999986456229 -0.002657142421 -0.004475148319 0.219252512000 0.002702330727 0.999945119577 0.010122017752 0.001898562000 0.004448007078 -0.010133973993 0.999938757027 -0.005159723000
43 0.999987249019 -0.003060562965 -0.004016808914 0.223373845000 0.003099440579 0.999948068277 0.009708461158 0.001838432000 0.003986886958 -0.009720787226 0.999944803991 -0.005252402000
44 0.999990417375 -0.003311737599 -0.002863136767 0.227828145000 0.003340143655 0.999944678695 0.009974116010 0.001846230000 0.002829946720 -0.009983583720 0.999946158279 -0.005294180000
45 0.999992493112 -0.003110639370 -0.002310333616 0.231171861000 0.003134587819 0.999940635166 0.010435540374 0.001971238000 0.002277735261 -0.010442703980 0.999942879296 -0.005506283000
46 0.999992953529 -0.003481413003 -0.001404512459 0.234276399000 0.003495623200 0.999941406215 0.010245230818 0.002004849000 0.001368762283 -0.010250068272 0.999946529866 -0.005564957000
47 0.999993754817 -0.003164135225 -0.001574348950 0.238510996000 0.003180720550 0.999938269143 0.010646169252 0.002113629000 0.001540565845 -0.010651110329 0.999942088576 -0.005652898000
48 0.999994624910 -0.002871020746 -0.001583474408 0.242816299000 0.002887290025 0.999942065172 0.010369660380 0.002188156000 0.001553611160 -0.010374176592 0.999944979863 -0.005766595000
49 0.999994771592 -0.002642063695 -0.001864480880 0.245938241000 0.002661293692 0.999942503140 0.010387874173 0.002034778000 0.001836928253 -0.010392781792 0.999944306340 -0.005851011000
50 0.999996231418 -0.002014669188 -0.001865008958 0.250200123000 0.002035451265 0.999935103930 0.011209142081 0.002227873000 0.001842305213 -0.011212895973 0.999935436353 -0.005922723000
51 0.999996182120 -0.001702784212 -0.002176297829 0.253419697000 0.001727846977 0.999931610464 0.011566716864 0.002192245000 0.002156453370 -0.011570433013 0.999930734996 -0.006072356000
52 0.999995844101 -0.001403385183 -0.002518390359 0.257644057000 0.001433241502 0.999928249367 0.011892936420 0.002339308000 0.002501519292 -0.011896496456 0.999926105156 -0.006211583000
53 0.999994756620 -0.001263063945 -0.002981845281 0.260687679000 0.001299380826 0.999924623433 0.012208974607 0.002411564000 0.002966199804 -0.012212785144 0.999921021650 -0.006247494000
54 0.999992254474 -0.001591841692 -0.003599587820 0.265006214000 0.001634223909 0.999929017825 0.011802060108 0.002334152000 0.003580545302 -0.011807851227 0.999923874275 -0.006302757000
55 0.999989856674 -0.001983729698 -0.004043682179 0.268292636000 0.002030361003 0.999931112791 0.011560592865 0.002358853000 0.004020470530 -0.011568685737 0.999924997851 -0.006357840000
56 0.999989902842 -0.002503771778 -0.003731667397 0.272790253000 0.002543475402 0.999939805460 0.010673152739 0.002303862000 0.003704719633 -0.010682536375 0.999936077191 -0.006555476000
57 0.999992139546 -0.002450363944 -0.003117140215 0.275958687000 0.002482986088 0.999941738755 0.010504945296 0.002341888000 0.003091217667 -0.010512602539 0.999939962978 -0.006677238000
58 0.999995205681 -0.002966682842 -0.000887360517 0.280162036000 0.002975745552 0.999941569987 0.010392379404 0.002355600000 0.000856477775 -0.010394970139 0.999945604041 -0.006724030000
59 0.999994849406 -0.003208107921 0.000095941983 0.283391863000 0.003207010367 0.999946583101 0.009825783869 0.002415377000 -0.000127459033 -0.009825425573 0.999951721218 -0.006812963000
60 0.999989209058 -0.004640531812 -0.000217331485 0.287888467000 0.004642379045 0.999944540152 0.009453303018 0.002418357000 0.000173451078 -0.009454209943 0.999955292915 -0.007038492000
61 0.999985891957 -0.005230016236 -0.000928878991 0.290926695000 0.005238950448 0.999937354599 0.009891424366 0.002454410000 0.000877088491 -0.009896151168 0.999950647236 -0.007034582000
62 0.999988981539 -0.004633639201 -0.000752454671 0.295080662000 0.004640795787 0.999941156967 0.009805387145 0.002539477000 0.000706975768 -0.009808771093 0.999951642928 -0.007186529000
63 0.999995180761 -0.003083018998 -0.000365306110 0.299450725000 0.003086370737 0.999949535930 0.009560330012 0.002590768000 0.000335812996 -0.009561411408 0.999954232273 -0.007337028000
64 0.999997287778 -0.002279554455 -0.000477565824 0.302632689000 0.002284072648 0.999950498503 0.009684190991 0.002627091000 0.000455466543 -0.009685255521 0.999952993083 -0.007411248000
65 0.999997000826 -0.002254280046 -0.000957371795 0.306858987000 0.002263680653 0.999948091202 0.009934316898 0.002552130000 0.000934927367 -0.009936454287 0.999950195153 -0.007551881000
66 0.999997063746 -0.002119742234 -0.001174390371 0.310094595000 0.002131416816 0.999947421215 0.010030546779 0.002632738000 0.001153066449 -0.010033020443 0.999949003169 -0.007666474000
67 0.999998253705 -0.001457585522 -0.001169629134 0.314267725000 0.001469617770 0.999945324495 0.010353175595 0.002698635000 0.001154474545 -0.010354876423 0.999945720388 -0.007769030000
68 0.999998823431 -0.000591628140 -0.001415313363 0.317184895000 0.000606363186 0.999945385920 0.010433479822 0.002695510000 0.001409063327 -0.010434325740 0.999944568157 -0.007748120000
69 0.999997008447 0.000525042893 -0.002389022091 0.321450293000 -0.000499401588 0.999942404383 0.010720938181 0.002701830000 0.002394513446 -0.010719713027 0.999939675209 -0.007886011000
70 0.999995383804 0.001140635184 -0.002816260421 0.324735522000 -0.001110486016 0.999942309472 0.010683845230 0.002769680000 0.002828284319 -0.010680668494 0.999938960201 -0.007994573000
71 0.999994303548 0.000612432689 -0.003319306836 0.328950167000 -0.000578409947 0.999947389841 0.010241239815 0.002719079000 0.003325404277 -0.010239261557 0.999942047925 -0.008152033000
72 0.999995894303 -0.000011518838 -0.002865526777 0.332222521000 0.000040720427 0.999948071588 0.010190803189 0.002699074000 0.002865260589 -0.010190878035 0.999943966573 -0.008241573000
73 0.999997078584 -0.000383918507 -0.002386509815 0.336305618000 0.000408054766 0.999948694296 0.010121376773 0.002814668000 0.002382501590 -0.010122321031 0.999945929690 -0.008271317000
74 0.999997364075 -0.001790186464 -0.001437732831 0.340708017000 0.001803138049 0.999957348485 0.009058140169 0.002625954000 0.001421455750 -0.009060708724 0.999957940626 -0.008435322000
75 0.999997277940 -0.001378857062 -0.001882250273 0.343979031000 0.001395222669 0.999960995746 0.008721257905 0.002755712000 0.001870151489 -0.008723860323 0.999960197605 -0.008589868000
76 0.999994434886 -0.002017755545 -0.002656851316 0.348262578000 0.002041601543 0.999957384662 0.009003372857 0.002870033000 0.002638571487 -0.009008746984 0.999955939238 -0.008739734000
77 0.999988860014 -0.002629116148 -0.003920152483 0.351479799000 0.002666512221 0.999950699698 0.009564930031 0.002818208000 0.003894811906 -0.009575276613 0.999946570832 -0.008842754000
78 0.999988619708 -0.001985716801 -0.004337900762 0.355700284000 0.002028059651 0.999950131287 0.009778645741 0.002892221000 0.004318266815 -0.009787331978 0.999942778715 -0.009006199000
79 0.999987803480 -0.001453828083 -0.004720092621 0.359790474000 0.001499064670 0.999952848229 0.009594484080 0.002912213000 0.004705921330 -0.009601442785 0.999942831666 -0.009080751000
80 0.999988846794 -0.000884689979 -0.004639354617 0.362956971000 0.000929367825 0.999953132227 0.009636888718 0.002918876000 0.004630611522 -0.009641092903 0.999942801746 -0.009215136000
81 0.999987742931 -0.000822942134 -0.004882289856 0.366182923000 0.000867842774 0.999957287274 0.009201656162 0.002926993000 0.004874508890 -0.009205780437 0.999945744913 -0.009287312000
82 0.999992001224 -0.000691672029 -0.003939426067 0.370235860000 0.000728737258 0.999955411063 0.009415138197 0.002919319000 0.003932738224 -0.009417933694 0.999947916691 -0.009300266000
83 0.999996190762 -0.000690776656 -0.002672319068 0.374718279000 0.000714056607 0.999961721702 0.008720393032 0.002991312000 0.002666192933 -0.008722268001 0.999958405863 -0.009395023000
84 0.999998125572 -0.000108801723 -0.001933135927 0.377969623000 0.000124340264 0.999967673392 0.008039695942 0.003068073000 0.001932198703 -0.008039921239 0.999965812553 -0.009540020000
85 0.999999387807 0.000023370752 -0.001106272541 0.381133288000 -0.000014676949 0.999969125329 0.007858000638 0.003037405000 0.001106422033 -0.007857979591 0.999968513498 -0.009523250000
86 0.999999947943 -0.000008931626 -0.000322544465 0.385405272000 0.000011396225 0.999970800022 0.007641922162 0.003078273000 0.000322466792 -0.007641925440 0.999970748068 -0.009630382000
87 0.999999453116 -0.000319227279 0.000995922583 0.389889300000 0.000311944381 0.999973274449 0.007304319107 0.003139259000 -0.000998227704 -0.007304004440 0.999972827161 -0.009795621000
88 0.999994573298 -0.000947880441 0.003155138382 0.394147396000 0.000927599319 0.999978940585 0.006423234870 0.003092673000 -0.003161160396 -0.006420273309 0.999974393250 -0.009854165000
89 0.999991534958 -0.001565886795 0.003804998176 0.397493124000 0.001542287541 0.999979607753 0.006197211257 0.003068566000 -0.003814624715 -0.006191290396 0.999973557931 -0.009980334000
90 0.999988660442 -0.002106264777 0.004271139945 0.401672363000 0.002079927504 0.999978855129 0.006161428113 0.003094389000 -0.004284027232 -0.006152474584 0.999971896689 -0.010120136000
91 0.999988620035 -0.002106253935 0.004280595135 0.406033546000 0.002079445514 0.999978258878 0.006257609610 0.003092749000 -0.004293682185 -0.006248637134 0.999971259001 -0.010301939000
92 0.999989562145 -0.001691169121 0.004244472717 0.409321338000 0.001665430587 0.999980249732 0.006060238233 0.003132343000 -0.004254637775 -0.006053106103 0.999972628607 -0.010384792000
93 0.999992084952 -0.001115968340 0.003818985239 0.413544476000 0.001092256549 0.999980149872 0.006205387765 0.003155802000 -0.003825834448 -0.006201167338 0.999973453905 -0.010573001000
94 0.999991157630 -0.001008411971 0.004082617723 0.417445362000 0.000978125843 0.999972041078 0.007413523587 0.003239130000 -0.004089979464 -0.007409464720 0.999964185309 -0.010594551000
95 0.999991593236 -0.000795554124 0.004022505605 0.421005189000 0.000765435705 0.999971705410 0.007483481016 0.003262328000 -0.004028345305 -0.007480339134 0.999963907829 -0.010892780000
96 0.999989511727 -0.000516172910 0.004550824331 0.425418884000 0.000480344771 0.999968911996 0.007870470767 0.003384521000 -0.004554745378 -0.007868202255 0.999958671990 -0.010943978000
97 0.999986960015 -0.000650396321 0.005065252735 0.429310054000 0.000607444260 0.999963887854 0.008476673806 0.003435877000 -0.005070583015 -0.008473486411 0.999951243419 -0.011003257000
98 0.999986702727 -0.001005705747 0.005057956618 0.432597160000 0.000963810792 0.999965267257 0.008278607914 0.003438229000 -0.005066106785 -0.008273622918 0.999952939756 -0.011094325000
99 0.999990568457 -0.001014550735 0.004222994712 0.436744094000 0.000978574348 0.999963288934 0.008512530545 0.003366349000 -0.004231476076 -0.008508317744 0.999954850550 -0.011243202000
100 0.999991208327 -0.000686279266 0.004136700218 0.439975411000 0.000649068287 0.999959378756 0.008989969313 0.003430957000 -0.004142701810 -0.008987205275 0.999951032883 -0.011352207000
101 0.999990883317 -0.000931162169 0.004167279708 0.444033265000 0.000895224624 0.999962469527 0.008617314570 0.003411091000 -0.004175147425 -0.008613505357 0.999954186785 -0.011427261000
102 0.999989177555 -0.001912462461 0.004241139096 0.448202729000 0.001878889385 0.999966982261 0.007905957408 0.003316391000 -0.004256118910 -0.007897903215 0.999959753478 -0.011524852000
103 0.999988535157 -0.002469762710 0.004102417181 0.451549172000 0.002437809970 0.999966798139 0.007775583771 0.003452817000 -0.004121484820 -0.007765493712 0.999961354488 -0.011654500000
104 0.999988973999 -0.003105179823 0.003522746044 0.455746561000 0.003077615860 0.999964818644 0.007803188731 0.003416247000 -0.003546852413 -0.007792261034 0.999963349581 -0.011797662000
105 0.999990781510 -0.003065135930 0.003006964815 0.460017800000 0.003043542890 0.999969738798 0.007159492625 0.003510235000 -0.003028818639 -0.007150274799 0.999969849459 -0.012027832000
106 0.999990949874 -0.003298643765 0.002686841827 0.463213503000 0.003278672028 0.999967215317 0.007403958407 0.003544452000 -0.002711176761 -0.007395082127 0.999968980659 -0.012068385000
107 0.999993956144 -0.002916518828 0.001892509718 0.467464954000 0.002901772339 0.999965769314 0.007748542895 0.003623605000 -0.001915043707 -0.007743004432 0.999968188739 -0.012263139000
108 0.999994216460 -0.002985363462 0.001629309881 0.470563829000 0.002972904546 0.999966728224 0.007596333594 0.003605303000 -0.001651933487 -0.007591445878 0.999969820077 -0.012311746000
109 0.999996780835 -0.002341779081 0.000976928776 0.475000799000 0.002333899756 0.999965355418 0.007990048556 0.003705887000 -0.000995605859 -0.007987742781 0.999967601842 -0.012476205000
110 0.999998276623 -0.001741928194 0.000642212416 0.479084015000 0.001736584820 0.999964633361 0.008228991421 0.003828736000 -0.000656524015 -0.008227861983 0.999965935051 -0.012564291000
111 0.999998987317 -0.001406213480 0.000218924308 0.482123494000 0.001404382195 0.999965788430 0.008151667307 0.003706015000 -0.000230379803 -0.008151351598 0.999966750643 -0.012701379000
112 0.999999634473 -0.000641945905 0.000564764452 0.486436993000 0.000637242948 0.999965447351 0.008288427237 0.003756485000 -0.000570065659 -0.008288064316 0.999965490912 -0.012789943000
113 0.999999910741 -0.000346673307 -0.000241529219 0.490221590000 0.000348609002 0.999967449472 0.008060922291 0.003688905000 0.000238726851 -0.008061005770 0.999967481069 -0.012857613000
114 0.999999760021 0.000204749287 -0.000661843209 0.493785501000 -0.000199467473 0.999968213579 0.007970699071 0.003726081000 0.000663454167 -0.007970565142 0.999968014448 -0.012986349000
115 0.999999442549 0.000910378171 -0.000534896032 0.498074889000 -0.000906183731 0.999969245334 0.007790200071 0.003739462000 0.000541971610 -0.007789711014 0.999969512870 -0.013139414000
116 0.999999274005 0.001168786746 -0.000293132759 0.502211690000 -0.001166560415 0.999971317878 0.007483485738 0.003760369000 0.000301870951 -0.007483138348 0.999971955364 -0.013269677000
117 0.999999651972 0.000702595388 0.000449907183 0.505581737000 -0.000705731797 0.999975184521 0.007009442591 0.003769385000 -0.000444971216 -0.007009757665 0.999975332345 -0.013384157000
118 0.999999229926 -0.000061294111 0.001239512171 0.509905100000 0.000052937215 0.999977277843 0.006740993603 0.003788261000 -0.001239897190 -0.006740922795 0.999976511032 -0.013451568000
119 0.999998498164 -0.001016007452 0.001404065259 0.512795508000 0.001007374119 0.999980667776 0.006135900195 0.003743929000 -0.001410272235 -0.006134476561 0.999980189469 -0.013508453000
120 0.999996334369 -0.002497362998 0.001046148715 0.517076373000 0.002490912786 0.999978156420 0.006122257531 0.003750877000 -0.001061415363 -0.006119629223 0.999980711582 -0.013702119000
121 0.999995456552 -0.002922789650 0.000737682701 0.521566689000 0.002918086696 0.999975910725 0.006297836182 0.003743825000 -0.000756072181 -0.006295654946 0.999979896340 -0.013937715000
122 0.999995992955 -0.002702505943 0.000842933020 0.524932027000 0.002697388031 0.999978273400 0.006014717471 0.003878575000 -0.000859169516 -0.006012419653 0.999981556149 -0.013963417000
123 0.999996187970 -0.002184876417 0.001688301368 0.528960466000 0.002175057025 0.999980836139 0.005796247144 0.003855741000 -0.001700933097 -0.005792552897 0.999981776413 -0.014061784000
124 0.999997322252 -0.001756798130 0.001506369214 0.533159137000 0.001747579187 0.999979870185 0.006099605905 0.003879856000 -0.001517054667 -0.006096957072 0.999980262635 -0.014239914000
125 0.999997862235 -0.001327615052 0.001585233158 0.536432981000 0.001317554130 0.999979091548 0.006330917623 0.003820173000 -0.001593605035 -0.006328815459 0.999978703032 -0.014315548000
126 0.999997416834 -0.001023158910 0.002029648219 0.540722251000 0.001010930486 0.999981387881 0.006016802327 0.003882380000 -0.002035766588 -0.006014734951 0.999979839106 -0.014400907000
127 0.999996184885 -0.000675345880 0.002678455445 0.543817639000 0.000659038625 0.999981271954 0.006084522035 0.003917962000 -0.002682514440 -0.006082733617 0.999977901990 -0.014439161000
128 0.999995560829 -0.000992429077 0.002809520914 0.548116088000 0.000975547738 0.999981502222 0.006003625623 0.003877612000 -0.002815427117 -0.006000858150 0.999978031294 -0.014528932000
129 0.999996266907 -0.000467252322 0.002692182623 0.552424133000 0.000449785957 0.999978872534 0.006484765104 0.003891170000 -0.002695155766 -0.006483529990 0.999975349683 -0.014733405000
130 0.999996480404 -0.000432676064 0.002617627102 0.555561185000 0.000416491092 0.999980814048 0.006180458731 0.003911537000 -0.002620251017 -0.006179346760 0.999977474725 -0.014688655000
131 0.999997389273 -0.000784160734 0.002146284778 0.559913933000 0.000772236298 0.999984294618 0.005551051119 0.003914753000 -0.002150603986 -0.005549379188 0.999982289490 -0.014818778000
132 0.999998782746 -0.001206361951 0.000989544430 0.564384043000 0.001200362248 0.999981029851 0.006041445960 0.004090952000 -0.000996813829 -0.006040250794 0.999981260691 -0.015049673000
133 0.999998759728 -0.001574963741 0.000005671713 0.567417860000 0.001574900834 0.999980550281 0.006034794657 0.004116012000 -0.000015176185 -0.006034778239 0.999981790445 -0.015093126000
134 0.999997734478 -0.001705688277 -0.001273446495 0.571679056000 0.001713712571 0.999978516098 0.006326968563 0.004203667000 0.001262627300 -0.006329136550 0.999979173685 -0.015230025000
135 0.999995908298 -0.001951789463 -0.002091388158 0.575774372000 0.001965274078 0.999977169520 0.006465147769 0.004298656000 0.002078721803 -0.006469231466 0.999976913713 -0.015495941000
136 0.999991339313 -0.002904813597 -0.002980496107 0.579722226000 0.002923572775 0.999975824042 0.006309045380 0.004170728000 0.002962097450 -0.006317704437 0.999975655998 -0.015290068000
137 0.999989866804 -0.002973113680 -0.003380367448 0.582776129000 0.002994580752 0.999975270219 0.006363288222 0.004434044000 0.003361365073 -0.006373346525 0.999974040503 -0.015346562000
138 0.999983067816 -0.002799241152 -0.005101796801 0.586935699000 0.002832856200 0.999974249407 0.006593591446 0.004313805000 0.005083208374 -0.006607932459 0.999965247507 -0.015738314000
139 0.999979387651 -0.002464727247 -0.005928692353 0.590929925000 0.002505645268 0.999973026543 0.006904196402 0.004352040000 0.005911515474 -0.006918909290 0.999958590482 -0.015799729000
140 0.999979851718 -0.001970873619 -0.006034220290 0.593960404000 0.002015419062 0.999970699664 0.007384977922 0.004409648000 0.006019488627 -0.007396990610 0.999954524109 -0.015599933000
141 0.999972427635 -0.002091746598 -0.007125206379 0.598654926000 0.002147188050 0.999967412250 0.007782288964 0.004305713000 0.007108695608 -0.007797373546 0.999944332157 -0.016056387000
142 0.999967048163 -0.002208021293 -0.007811992741 0.601733625000 0.002266022671 0.999969877093 0.007423614213 0.004418310000 0.007795365922 -0.007441071744 0.999941929675 -0.016299769000
143 0.999969018643 -0.001719616954 -0.007681449905 0.605713427000 0.001774465668 0.999972940379 0.007139312372 0.004566944000 0.007668965165 -0.007152721655 0.999945011261 -0.016298344000
144 0.999977713245 -0.001617282512 -0.006477453974 0.609810770000 0.001657691242 0.999979170343 0.006237863416 0.004340047000 0.006467230663 -0.006248462013 0.999959565008 -0.016386211000
145 0.999984371517 -0.001937770042 -0.005244212815 0.612668931000 0.001966084263 0.999983490480 0.005399377800 0.004326280000 0.005233663484 -0.005409603980 0.999971672074 -0.016509706000
146 0.999986185591 -0.004339669037 -0.002965788322 0.616605103000 0.004351168189 0.999982999044 0.003881875564 0.004054542000 0.002948891845 -0.003894726582 0.999988067500 -0.016407825000
147 0.999980378983 -0.005410072337 -0.003157968546 0.619524181000 0.005421543815 0.999978695272 0.003635362962 0.004233851000 0.003138233690 -0.003652412697 0.999988405618 -0.016535359000
148 0.999973883195 -0.005127804411 -0.005092990266 0.621635079000 0.005146922210 0.999979731534 0.003747761077 0.004083021000 0.005073669253 -0.003773876422 0.999980007669 -0.016565714000
149 0.999973257087 -0.004787559384 -0.005528506699 0.623869002000 0.004809385712 0.999980667250 0.003941438180 0.004349886000 0.005509529948 -0.003967921495 0.999976950074 -0.016672207000
150 0.999971781092 -0.004295969257 -0.006162926905 0.625662327000 0.004319062861 0.999983683482 0.003738778669 0.004202678000 0.006146764670 -0.003765291234 0.999974019596 -0.016678710000
151 0.999972423106 -0.001201759125 -0.007328628916 0.627317607000 0.001229755631 0.999991959658 0.003816847029 0.004288550000 0.007323983061 -0.003825754195 0.999965860856 -0.016830960000
152 0.999980419935 0.002172377248 -0.005868604847 0.628704011000 -0.002147127402 0.999988426580 0.004305409270 0.004443342000 0.005877889900 -0.004292724327 0.999973511113 -0.016868690000
153 0.999958212578 0.003445334125 -0.008467748796 0.629734695000 -0.003407840980 0.999984344352 0.004438205720 0.004411755000 0.008482907330 -0.004409163517 0.999954298736 -0.016851807000
154 0.999937526406 0.005215123923 -0.009886645928 0.631077528000 -0.005173137982 0.999977513036 0.004267559808 0.004389675000 0.009908679460 -0.004216148215 0.999942019402 -0.016892206000
155 0.999951840721 0.006989670121 -0.006889176327 0.632031560000 -0.006957944932 0.999965128375 0.004618336954 0.004376344000 0.006921216742 -0.004570180029 0.999965604515 -0.017010178000
156 0.999927018553 0.008102546015 -0.008961379090 0.632882357000 -0.008064389553 0.999958297690 0.004285849038 0.004271498000 0.008995731668 -0.004213268199 0.999950661374 -0.016942490000
157 0.999911774962 0.008965986976 -0.009800682069 0.633387089000 -0.008922449162 0.999950171678 0.004477059531 0.004458891000 0.009840334975 -0.004389218455 0.999941949600 -0.017120585000
158 0.999917879709 0.007119497562 -0.010655824335 0.634636819000 -0.007071686181 0.999964789518 0.004517851200 0.004177152000 0.010687613969 -0.004442125547 0.999933018971 -0.017137397000
159 0.999905552357 0.007900744602 -0.011245648030 0.635489941000 -0.007844815240 0.999956684079 0.005008876079 0.004304917000 0.011284734765 -0.004920182972 0.999924220409 -0.017230213000
160 0.999900796228 0.009655701423 -0.010255005208 0.636274874000 -0.009608870044 0.999943224745 0.004606180966 0.004221957000 0.010298898885 -0.004507185004 0.999936806986 -0.017228320000
161 0.999859575400 0.013123829594 -0.010420872187 0.637403011000 -0.013075627997 0.999903557068 0.004680225996 0.004217033000 0.010481289656 -0.004543309329 0.999934748325 -0.017186614000
162 0.999853071876 0.013449697816 -0.010627336818 0.638089061000 -0.013395276775 0.999896884804 0.005175550190 0.004239112000 0.010695850564 -0.005032433639 0.999930134256 -0.017157730000
163 0.999889516477 0.010475026203 -0.010546500142 0.639188766000 -0.010429294629 0.999936012395 0.004381886534 0.003941954000 0.010591725673 -0.004271409851 0.999934783076 -0.016907321000
164 0.999877091120 0.010818134909 -0.011347713855 0.639979839000 -0.010763104688 0.999930073440 0.004899368114 0.004209056000 0.011399922374 -0.004776629305 0.999923609873 -0.017184801000
165 0.999888592811 0.009476678239 -0.011532325692 0.640652895000 -0.009425556627 0.999945546321 0.004479204644 0.003972359000 0.011574145696 -0.004370007039 0.999923468166 -0.017155156000
166 0.999877751259 0.009751207644 -0.012222785579 0.641414464000 -0.009694581349 0.999942037963 0.004683567822 0.004156639000 0.012267747563 -0.004564500473 0.999914330183 -0.016987795000
167 0.999861905886 0.011106534224 -0.012361798202 0.641896367000 -0.011046771130 0.999927014324 0.004892327912 0.004387097000 0.012415232775 -0.004755094355 0.999911621631 -0.017037854000
168 0.999927280684 0.008054269798 -0.008975638269 0.642600894000 -0.008003922784 0.999952112420 0.005631171069 0.004444395000 0.009020563419 -0.005558921259 0.999943862339 -0.017144343000
169 0.999942227526 -0.001000523859 -0.010702362445 0.642738640000 0.001057735024 0.999985175565 0.005341333738 0.004333303000 0.010696859656 -0.005352345420 0.999928462237 -0.017340505000
170 0.999921051094 -0.000829368998 -0.012538091009 0.642643869000 0.000884748981 0.999989875520 0.004412037648 0.004290052000 0.012534304860 -0.004422782386 0.999911661197 -0.016809501000
171 0.999914162761 -0.000004565856 -0.013102178773 0.642768264000 0.000064160489 0.999989655575 0.004548035395 0.004277342000 0.013102022473 -0.004548485646 0.999903819517 -0.016841305000
172 0.999928175984 -0.000355227584 -0.011979844988 0.642724395000 0.000414520253 0.999987676375 0.004947248792 0.004379010000 0.011977939954 -0.004951859349 0.999916000494 -0.017051341000
173 0.999938648440 0.000373015273 -0.011070691761 0.642674565000 -0.000317895977 0.999987548245 0.004980190564 0.004380895000 0.011072411599 -0.004976365693 0.999926316028 -0.017118551000
174 0.999931455240 0.000030402434 -0.011708283270 0.642765403000 0.000031918403 0.999985834487 0.005322575209 0.004403509000 0.011708279235 -0.005322584085 0.999917289728 -0.017049331000
175 0.999934928692 0.000000012605 -0.011407821111 0.642662644000 0.000056823502 0.999987588739 0.004981881172 0.004471666000 0.011407679588 -0.004982205227 0.999922518237 -0.017030168000
176 0.999937415870 -0.000057871882 -0.011187537433 0.642952859000 0.000118236716 0.999985439162 0.005395135196 0.004285144000 0.011187062306 -0.005396120324 0.999922862786 -0.017117262000
177 0.999936859928 -0.000214962863 -0.011235210211 0.642814338000 0.000269800018 0.999988058565 0.004879542604 0.004267419000 0.011234027126 -0.004882265769 0.999924977244 -0.017054344000
178 0.999939044497 -0.000235175746 -0.011038658537 0.642649591000 0.000289210694 0.999987983841 0.004893723660 0.004384071000 0.011037375010 -0.004896617859 0.999927097086 -0.017018216000
179 0.999938978329 -0.000114936571 -0.011046556375 0.642921925000 0.000169770198 0.999987669548 0.004963056540 0.004350677000 0.011045849729 -0.004964629062 0.999926668142 -0.017065164000
180 0.999940736414 -0.000290855012 -0.010882971244 0.642839372000 0.000340313973 0.999989622417 0.004543043493 0.004274356000 0.010881536938 -0.004546477883 0.999930458428 -0.016967561000
181 0.999940043367 -0.000459316102 -0.010940690135 0.642910600000 0.000508714848 0.999989687938 0.004512784912 0.004201593000 0.010938504520 -0.004518080032 0.999929965583 -0.016897593000
182 0.999937449180 -0.000160856006 -0.011183552736 0.642816365000 0.000211357222 0.999989786656 0.004514633172 0.004363620000 0.011182712308 -0.004516714502 0.999927270473 -0.017093977000
183 0.999938748428 -0.000756003259 -0.011042094558 0.642775893000 0.000803569161 0.999990415370 0.004303887082 0.004252858000 0.011038734971 -0.004312496549 0.999929771886 -0.016876871000
184 0.999932709214 -0.000561484703 -0.011587138536 0.642817795000 0.000616584100 0.999988518163 0.004752196027 0.004361041000 0.011584337209 -0.004759020694 0.999921574351 -0.017190542000
185 0.999935052021 -0.000439883406 -0.011388513614 0.642675519000 0.000491259045 0.999989714749 0.004508776035 0.004374564000 0.011386413144 -0.004514077910 0.999924983534 -0.017106730000
186 0.999934945340 -0.000392122001 -0.011399619670 0.642787457000 0.000447333882 0.999988181448 0.004841162754 0.004337821000 0.011397586617 -0.004845947250 0.999923302966 -0.017099587000
187 0.999934394624 -0.000441190028 -0.011446038598 0.642778277000 0.000494200113 0.999989164517 0.004628889091 0.004337405000 0.011443872355 -0.004634242044 0.999923777888 -0.017098533000
188 0.999935543238 -0.000515667593 -0.011342109836 0.642731905000 0.000570635672 0.999988106550 0.004843669482 0.004318419000 0.011339477216 -0.004849829487 0.999923944813 -0.017044483000
189 0.999939047692 -0.000565570794 -0.011026378850 0.642821789000 0.000620351444 0.999987480113 0.004965358036 0.004306318000 0.011023432539 -0.004971895616 0.999926879421 -0.016859118000
190 0.999936309101 -0.000532244107 -0.011273617781 0.642815530000 0.000584251092 0.999989201523 0.004610367556 0.004315862000 0.011271042202 -0.004616660541 0.999925822275 -0.017046852000
191 0.999939815289 -0.000596544499 -0.010954904552 0.642750561000 0.000647305412 0.999989068916 0.004630663467 0.004311356000 0.010952022406 -0.004637475941 0.999929271010 -0.016837742000
192 0.999934617682 -0.000693122122 -0.011414023959 0.642740905000 0.000750637652 0.999987040006 0.005035510191 0.004307383000 0.011410385810 -0.005043748753 0.999922178819 -0.017081212000
193 0.999960329755 -0.002516777644 -0.008544281520 0.642776668000 0.002560555157 0.999983632171 0.005116536574 0.004387350000 0.008531264483 -0.005138211703 0.999950406924 -0.016819203000
194 0.999931552624 -0.006951513465 -0.009410979115 0.642123044000 0.007001721908 0.999961374815 0.005312698718 0.004329691000 0.009373684318 -0.005378228136 0.999941602647 -0.016832784000
195 0.999868949067 -0.013478542515 -0.008967362150 0.641315758000 0.013521318307 0.999897410585 0.004726759673 0.004331793000 0.008902732362 -0.004847390784 0.999948620760 -0.016601864000
196 0.999802560040 -0.016941084645 -0.010384632348 0.640268862000 0.016993834428 0.999843029511 0.005012577211 0.004351351000 0.010298083772 -0.005188062251 0.999933514530 -0.017078793000
197 0.999802921463 -0.016436498618 -0.011133721178 0.638917267000 0.016495539935 0.999850250395 0.005232011690 0.004417995000 0.011046057954 -0.005414637315 0.999924330290 -0.017663477000
198 0.999873132031 -0.011779491830 -0.010722099377 0.637737095000 0.011831915562 0.999918291186 0.004839083100 0.004240662000 0.010664221347 -0.004965332150 0.999930807536 -0.017157627000
199 0.999917610441 -0.008626995143 -0.009505118842 0.636531472000 0.008671033143 0.999951817823 0.004601653610 0.004235277000 0.009464962421 -0.004683693682 0.999944237195 -0.016891008000
200 0.999908028095 -0.009690119272 -0.009488779691 0.635113597000 0.009732593288 0.999942778382 0.004440336538 0.004130039000 0.009445209337 -0.004532278586 0.999945121730 -0.016867850000
201 0.999907097115 -0.010221169423 -0.009018028307 0.633809447000 0.010264557352 0.999935902026 0.004778148406 0.004296116000 0.008968612005 -0.004870270571 0.999947920876 -0.017040556000
202 0.999914994988 -0.009325503316 -0.009112507176 0.632245004000 0.009366032787 0.999946390425 0.004415167772 0.004109349000 0.009070844996 -0.004500140502 0.999948732939 -0.016769409000
203 0.999916549564 -0.009050368052 -0.009218717148 0.630577564000 0.009094715802 0.999947216945 0.004780111807 0.004208867000 0.009174968785 -0.004863554518 0.999946081439 -0.017143084000
204 0.999931345828 -0.007836745275 -0.008711432358 0.629037559000 0.007877844309 0.999957954116 0.004693566871 0.004156933000 0.008674283790 -0.004761871946 0.999951039490 -0.017015515000
205 0.999937693136 -0.006436989725 -0.009120033351 0.627909124000 0.006478643123 0.999968684209 0.004545083588 0.004229722000 0.009090491094 -0.004603885839 0.999948082256 -0.016796904000
206 0.999958220423 -0.005329190429 -0.007426785191 0.626468122000 0.005360765523 0.999976650020 0.004238113717 0.004190535000 0.007404026061 -0.004277749904 0.999963439959 -0.016535340000
207 0.999966657707 -0.003182222839 -0.007520434286 0.624979913000 0.003215647865 0.999984987732 0.004436656246 0.004175145000 0.007506202958 -0.004460691386 0.999961878848 -0.016277440000
208 0.999953995576 -0.002593549841 -0.009234729618 0.623525798000 0.002642811367 0.999982323546 0.005326175364 0.004094071000 0.009220752680 -0.005350335985 0.999943174198 -0.016756723000
209 0.999942822964 -0.002095583454 -0.010486149615 0.622373641000 0.002155170453 0.999981578167 0.005674378049 0.004171802000 0.010474065309 -0.005696653045 0.999928918524 -0.016814442000
210 0.999935716184 -0.001057432388 -0.011289168977 0.620986164000 0.001123655063 0.999982191087 0.005861305986 0.004272911000 0.011282769994 -0.005873614330 0.999919096605 -0.016652638000
211 0.999946102689 -0.001212085274 -0.010311283412 0.620216548000 0.001268523867 0.999984241956 0.005468700723 0.004170879000 0.010304492395 -0.005481486084 0.999931883053 -0.016331689000
212 0.999963824999 -0.003246769680 -0.007861754228 0.619230151000 0.003287612956 0.999981138740 0.005187847875 0.003893566000 0.007844762198 -0.005213506610 0.999955638543 -0.016679412000
213 0.999971524144 -0.003901555051 -0.006459780862 0.618563116000 0.003930117751 0.999982531500 0.004414846497 0.003829730000 0.006442443253 -0.004440108479 0.999969389712 -0.016329600000
214 0.999961790921 -0.003114526388 -0.008168012265 0.617488801000 0.003157056319 0.999981500620 0.005199174332 0.004156918000 0.008151668196 -0.005224762551 0.999953124982 -0.016620709000
215 0.999962359482 -0.003094713577 -0.008105699684 0.616661906000 0.003140902336 0.999978868914 0.005691788592 0.004066937000 0.008087913946 -0.005717033561 0.999950949385 -0.016470378000
216 0.999966306462 -0.003267508019 -0.007530559897 0.616294026000 0.003308324356 0.999979871460 0.005414024735 0.003911766000 0.007512717949 -0.005438755852 0.999956988577 -0.016637966000
217 0.999974567381 -0.002741783755 -0.006583859983 0.615554750000 0.002774168288 0.999984074771 0.004914691750 0.003925405000 0.006570280112 -0.004932831492 0.999966248727 -0.016506502000
218 0.999970283627 -0.001650113926 -0.007530536980 0.614557445000 0.001693155320 0.999982248474 0.005712789404 0.004085733000 0.007520976548 -0.005725370009 0.999955326527 -0.016604561000
219 0.999970432996 -0.001667211087 -0.007506899521 0.614101052000 0.001711584883 0.999981079703 0.005908528925 0.004075663000 0.007496906723 -0.005921202923 0.999954366832 -0.016567012000
220 0.999975937067 -0.001619278146 -0.006745607851 0.613473058000 0.001655086589 0.999984552278 0.005306212840 0.004018215000 0.006736911412 -0.005317249722 0.999963169762 -0.016547676000
221 0.999913116110 0.000230692108 -0.013179795580 0.612883866000 -0.000150125824 0.999981300961 0.006113525296 0.003940141000 0.013180959473 -0.006111015502 0.999894453328 -0.016459532000
222 0.999875755131 0.000350165427 -0.015759177799 0.612649560000 -0.000234524475 0.999973039792 0.007339256589 0.004045628000 0.015761322883 -0.007334648811 0.999848880395 -0.016499989000
223 0.999957295814 -0.001702552881 -0.009083383846 0.612807751000 0.001760652409 0.999978020434 0.006392085039 0.003870498000 0.009072301335 -0.006407804752 0.999938314791 -0.016434437000
224 0.999984729861 -0.002002405659 -0.005150768611 0.612741470000 0.002027390964 0.999986182757 0.004850152734 0.004137424000 0.005140985469 -0.004860521293 0.999974972487 -0.016414301000
225 0.999980634667 -0.002149669783 -0.005840309187 0.612793028000 0.002180282366 0.999983892669 0.005240302538 0.003995343000 0.005828950195 -0.005252934581 0.999969214535 -0.016610833000
226 0.999965505012 -0.003075956554 -0.007715392257 0.612858832000 0.003121886406 0.999977436989 0.005948053370 0.003925379000 0.007696922220 -0.005971934770 0.999952545566 -0.016344244000
227 0.999967408922 -0.002981413736 -0.007502817240 0.612749934000 0.003024943830 0.999978620931 0.005797188687 0.003967247000 0.007485373018 -0.005819695351 0.999955049158 -0.016467154000
228 0.999969956448 -0.003167253515 -0.007074935026 0.612907529000 0.003206274333 0.999979674994 0.005510844178 0.003892638000 0.007057336988 -0.005533362795 0.999959787137 -0.016540281000
229 0.999969358601 -0.003123625305 -0.007178079447 0.613004923000 0.003165079621 0.999978338439 0.005771041791 0.003919368000 0.007159897387 -0.005793584151 0.999957584227 -0.016631860000
230 0.999967790533 -0.003024506259 -0.007434396953 0.612853289000 0.003067538919 0.999978569006 0.005783747320 0.003978124000 0.007416744647 -0.005806366331 0.999955638020 -0.016573835000
231 0.999954346607 -0.003900657747 -0.008722933581 0.612800360000 0.003952861452 0.999974334179 0.005975438897 0.003992294000 0.008699401558 -0.006009646646 0.999944100717 -0.016572466000
232 0.999816512534 -0.015956649021 -0.010598425196 0.613068223000 0.016019525916 0.999854421922 0.005874500222 0.004131702000 0.010503144959 -0.006043204072 0.999926579120 -0.016509753000
233 0.998923673056 -0.045976392351 -0.006137324667 0.612976551000 0.046004610064 0.998930917450 0.004538503699 0.004005466000 0.005922099333 -0.004815964013 0.999970867191 -0.016527552000
234 0.996060726284 -0.088403904859 -0.006912247067 0.613218427000 0.088424003067 0.996079380828 0.002657587581 0.003938247000 0.006650205659 -0.003258327172 0.999972578658 -0.016538892000
235 0.992089307172 -0.125417876078 -0.005400273627 0.613141775000 0.125429864017 0.992100592034 0.001940231803 0.004208552000 0.005114274910 -0.002602238812 0.999983536137 -0.016395250000
236 0.984892609995 -0.173039615086 -0.006621056431 0.613088906000 0.173048719886 0.984912921203 0.000823525087 0.004290786000 0.006378661567 -0.001956849112 0.999977741461 -0.016344462000
237 0.978241438784 -0.207344866435 -0.007196791622 0.613044918000 0.207350654657 0.978266682697 0.000059482559 0.004315997000 0.007028048063 -0.001550447758 0.999974100991 -0.016471688000
238 0.967446396569 -0.252978500133 -0.007024829922 0.612877309000 0.252976807679 0.967471667794 -0.001143150037 0.004346958000 0.007085516302 -0.000671182664 0.999974672166 -0.016403250000
239 0.957858140249 -0.287145497619 -0.007432789225 0.613046467000 0.287136266959 0.957886975577 -0.002303522644 0.004486805000 0.007781218147 0.000072224564 0.999969723256 -0.016211450000
240 0.943294877503 -0.331884095871 -0.006908037652 0.612989366000 0.331871057176 0.943320025041 -0.002988605985 0.004712942000 0.007508361046 0.000526558958 0.999971673224 -0.016370803000
241 0.926707208626 -0.375714836842 -0.007218785051 0.613785923000 0.375695175351 0.926734828021 -0.003961533932 0.005092754000 0.008178306598 0.000959119337 0.999966097121 -0.016631970000
242 0.908661150992 -0.417499597785 -0.005385028049 0.613539338000 0.417477453204 0.908674680228 -0.004785559414 0.005334755000 0.006891207771 0.002100324130 0.999974049610 -0.016521871000
243 0.893595535763 -0.448825628126 -0.006524875562 0.613409877000 0.448795161340 0.893616863423 -0.005639553403 0.005466023000 0.008361914932 0.002111147164 0.999962810027 -0.016586578000
244 0.871092096608 -0.491083556907 -0.005958134167 0.613656640000 0.491044498553 0.871106912735 -0.006931596234 0.005708925000 0.008594164794 0.003112349692 0.999958225933 -0.016512254000
245 0.846365963137 -0.532579185526 -0.004905872703 0.613573015000 0.532541369087 0.846372792049 -0.007265472550 0.005627662000 0.008021636630 0.003536668507 0.999961571922 -0.016509274000
246 0.827158646098 -0.561952169453 -0.004281755668 0.613628805000 0.561907992767 0.827157393841 -0.008369795582 0.005722411000 0.008245110645 0.004517196049 0.999955805569 -0.016519342000
247 0.800545822907 -0.599254452193 -0.004526251530 0.613757372000 0.599198890797 0.800543542189 -0.009525036865 0.005850993000 0.009331382182 0.004913103579 0.999944391814 -0.016475063000
248 0.770550502243 -0.637365478104 -0.004143768070 0.613530874000 0.637289264575 0.770534855835 -0.011765593968 0.005607039000 0.010691901157 0.006425205435 0.999922196966 -0.016548272000
249 0.746842628935 -0.664991463338 -0.003527221684 0.613486290000 0.664909717273 0.746817605491 -0.012590949311 0.005542688000 0.011007065059 0.007058173711 0.999914509697 -0.016567355000
250 0.714972912583 -0.699146542691 -0.002801091875 0.613800228000 0.699067841947 0.714943173358 -0.012665355272 0.005929887000 0.010857560864 0.007097232695 0.999915867791 -0.016478134000
251 0.690086383309 -0.723723714097 -0.002183855578 0.613778174000 0.723645774862 0.690050993653 -0.012900336539 0.005876586000 0.010843251185 0.007322008724 0.999914402383 -0.016477177000
252 0.655222899937 -0.755434403717 -0.001346506473 0.613806188000 0.755347764849 0.655172853185 -0.014081427042 0.005891621000 0.011519788929 0.008209392807 0.999899945161 -0.016461531000
253 0.616779753243 -0.787134726922 -0.001287502663 0.613244236000 0.787034341265 0.616725702403 -0.015045054489 0.005238712000 0.012636520841 0.008266176185 0.999885987837 -0.016642045000
254 0.587319304235 -0.809354468018 -0.001174722483 0.613219798000 0.809264857242 0.587274740081 -0.014098599088 0.005240977000 0.012100649005 0.007329717784 0.999899919757 -0.016644036000
255 0.548548260400 -0.836118880449 0.000154172956 0.613532245000 0.836030994721 0.548487909362 -0.014600998265 0.005641714000 0.012123608320 0.008138245568 0.999893387857 -0.016578840000
256 0.508548521874 -0.861031715750 0.001668943189 0.613376677000 0.860925066935 0.508452884959 -0.016843185586 0.005398870000 0.013653938005 0.010002412160 0.999856750604 -0.016615387000
257 0.477746489950 -0.878490116602 0.003661471262 0.614197373000 0.878358921661 0.477592751905 -0.019767854360 0.006387949000 0.015617172545 0.012660108984 0.999797892357 -0.016409025000
258 0.433761072058 -0.901016129678 0.004611553632 0.613257349000 0.900858572837 0.433574632995 -0.021607160138 0.005269706000 0.017468947127 0.013526702569 0.999755902310 -0.016655834000
259 0.401237956660 -0.915955749301 0.005759119504 0.613301992000 0.915803218766 0.401033925076 -0.021823277374 0.005334318000 0.017679554079 0.014030547400 0.999745256106 -0.016637607000
260 0.357688140365 -0.933770013954 0.011521947813 0.613269627000 0.933622589911 0.357310331507 -0.026042016181 0.005306482000 0.020200342820 0.020072071098 0.999594446819 -0.016647190000
261 0.311647851298 -0.950137867520 0.010660651296 0.613365054000 0.949998497576 0.311333208645 -0.023968475089 0.005361229000 0.019454341035 0.017597326474 0.999655872146 -0.016626298000
262 0.276691417109 -0.960865685817 0.013378845872 0.612951934000 0.960744084612 0.276308464161 -0.024988727760 0.004924417000 0.020314122682 0.019767813526 0.999598204264 -0.016697250000
263 0.276691417109 -0.960865685817 0.013378845872 0.612951934000 0.960744084612 0.276308464161 -0.024988727760 0.004924417000 0.020314122682 0.019767813526 0.999598204264 -0.016697250000
264 0.276691417109 -0.960865685817 0.013378845872 0.612951934000 0.960744084612 0.276308464161 -0.024988727760 0.004924417000 0.020314122682 0.019767813526 0.999598204264 -0.016697250000
265 0.276691417109 -0.960865685817 0.013378845872 0.612951934000 0.960744084612 0.276308464161 -0.024988727760 0.004924417000 0.020314122682 0.019767813526 0.999598204264 -0.016697250000
266 0.276691417109 -0.960865685817 0.013378845872 0.612951934000 0.960744084612 0.276308464161 -0.024988727760 0.004924417000 0.020314122682 0.019767813526 0.999598204264 -0.016697250000
267 0.276691417109 -0.960865685817 0.013378845872 0.612951934000 0.960744084612 0.276308464161 -0.024988727760 0.004924417000 0.020314122682 0.019767813526 0.999598204264 -0.016697250000
268 0.276691417109 -0.960865685817 0.013378845872 0.612951934000 0.960744084612 0.276308464161 -0.024988727760 0.004924417000 0.020314122682 0.019767813526 0.999598204264 -0.016697250000
269 0.276691417109 -0.960865685817 0.013378845872 0.612951934000 0.960744084612 0.276308464161 -0.024988727760 0.004924417000 0.020314122682 0.019767813526 0.999598204264 -0.016697250000
270 0.276691417109 -0.960865685817 0.013378845872 0.612951934000 0.960744084612 0.276308464161 -0.024988727760 0.004924417000 0.020314122682 0.019767813526 0.999598204264 -0.016697250000
271 0.276691417109 -0.960865685817 0.013378845872 0.612951934000 0.960744084612 0.276308464161 -0.024988727760 0.004924417000 0.020314122682 0.019767813526 0.999598204264 -0.016697250000
272 0.276691417109 -0.960865685817 0.013378845872 0.612951934000 0.960744084612 0.276308464161 -0.024988727760 0.004924417000 0.020314122682 0.019767813526 0.999598204264 -0.016697250000
273 0.276691417109 -0.960865685817 0.013378845872 0.612951934000 0.960744084612 0.276308464161 -0.024988727760 0.004924417000 0.020314122682 0.019767813526 0.999598204264 -0.016697250000
274 0.276691417109 -0.960865685817 0.013378845872 0.612951934000 0.960744084612 0.276308464161 -0.024988727760 0.004924417000 0.020314122682 0.019767813526 0.999598204264 -0.016697250000
275 0.276691417109 -0.960865685817 0.013378845872 0.612951934000 0.960744084612 0.276308464161 -0.024988727760 0.004924417000 0.020314122682 0.019767813526 0.999598204264 -0.016697250000
276 0.276691417109 -0.960865685817 0.013378845872 0.612951934000 0.960744084612 0.276308464161 -0.024988727760 0.004924417000 0.020314122682 0.019767813526 0.999598204264 -0.016697250000
277 0.276691417109 -0.960865685817 0.013378845872 0.612951934000 0.960744084612 0.276308464161 -0.024988727760 0.004924417000 0.020314122682 0.019767813526 0.999598204264 -0.016697250000
278 0.276691417109 -0.960865685817 0.013378845872 0.612951934000 0.960744084612 0.276308464161 -0.024988727760 0.004924417000 0.020314122682 0.019767813526 0.999598204264 -0.016697250000
279 0.276691417109 -0.960865685817 0.013378845872 0.612951934000 0.960744084612 0.276308464161 -0.024988727760 0.004924417000 0.020314122682 0.019767813526 0.999598204264 -0.016697250000
280 0.276691417109 -0.960865685817 0.013378845872 0.612951934000 0.960744084612 0.276308464161 -0.024988727760 0.004924417000 0.020314122682 0.019767813526 0.999598204264 -0.016697250000
281 0.276691417109 -0.960865685817 0.013378845872 0.612951934000 0.960744084612 0.276308464161 -0.024988727760 0.004924417000 0.020314122682 0.019767813526 0.999598204264 -0.016697250000
282 0.276691417109 -0.960865685817 0.013378845872 0.612951934000 0.960744084612 0.276308464161 -0.024988727760 0.004924417000 0.020314122682 0.019767813526 0.999598204264 -0.016697250000
283 0.276691417109 -0.960865685817 0.013378845872 0.612951934000 0.960744084612 0.276308464161 -0.024988727760 0.004924417000 0.020314122682 0.019767813526 0.999598204264 -0.016697250000
284 0.276691417109 -0.960865685817 0.013378845872 0.612951934000 0.960744084612 0.276308464161 -0.024988727760 0.004924417000 0.020314122682 0.019767813526 0.999598204264 -0.016697250000
285 0.276691417109 -0.960865685817 0.013378845872 0.612951934000 0.960744084612 0.276308464161 -0.024988727760 0.004924417000 0.020314122682 0.019767813526 0.999598204264 -0.016697250000
286 0.276691417109 -0.960865685817 0.013378845872 0.612951934000 0.960744084612 0.276308464161 -0.024988727760 0.004924417000 0.020314122682 0.019767813526 0.999598204264 -0.016697250000
287 0.276691417109 -0.960865685817 0.013378845872 0.612951934000 0.960744084612 0.276308464161 -0.024988727760 0.004924417000 0.020314122682 0.019767813526 0.999598204264 -0.016697250000
288 0.276691417109 -0.960865685817 0.013378845872 0.612951934000 0.960744084612 0.276308464161 -0.024988727760 0.004924417000 0.020314122682 0.019767813526 0.999598204264 -0.016697250000
289 0.276691417109 -0.960865685817 0.013378845872 0.612951934000 0.960744084612 0.276308464161 -0.024988727760 0.004924417000 0.020314122682 0.019767813526 0.999598204264 -0.016697250000
290 0.276691417109 -0.960865685817 0.013378845872 0.612951934000 0.960744084612 0.276308464161 -0.024988727760 0.004924417000 0.020314122682 0.019767813526 0.999598204264 -0.016697250000
291 0.276691417109 -0.960865685817 0.013378845872 0.612951934000 0.960744084612 0.276308464161 -0.024988727760 0.004924417000 0.020314122682 0.019767813526 0.999598204264 -0.016697250000
292 0.276691417109 -0.960865685817 0.013378845872 0.612951934000 0.960744084612 0.276308464161 -0.024988727760 0.004924417000 0.020314122682 0.019767813526 0.999598204264 -0.016697250000
293 0.276691417109 -0.960865685817 0.013378845872 0.612951934000 0.960744084612 0.276308464161 -0.024988727760 0.004924417000 0.020314122682 0.019767813526 0.999598204264 -0.016697250000
294 0.276691417109 -0.960865685817 0.013378845872 0.612951934000 0.960744084612 0.276308464161 -0.024988727760 0.004924417000 0.020314122682 0.019767813526 0.999598204264 -0.016697250000
295 0.276691417109 -0.960865685817 0.013378845872 0.612951934000 0.960744084612 0.276308464161 -0.024988727760 0.004924417000 0.020314122682 0.019767813526 0.999598204264 -0.016697250000
296 0.276691417109 -0.960865685817 0.013378845872 0.612951934000 0.960744084612 0.276308464161 -0.024988727760 0.004924417000 0.020314122682 0.019767813526 0.999598204264 -0.016697250000
297 0.276691417109 -0.960865685817 0.013378845872 0.612951934000 0.960744084612 0.276308464161 -0.024988727760 0.004924417000 0.020314122682 0.019767813526 0.999598204264 -0.016697250000
298 0.276691417109 -0.960865685817 0.013378845872 0.612951934000 0.960744084612 0.276308464161 -0.024988727760 0.004924417000 0.020314122682 0.019767813526 0.999598204264 -0.016697250000
299 0.276691417109 -0.960865685817 0.013378845872 0.612951934000 0.960744084612 0.276308464161 -0.024988727760 0.004924417000 0.020314122682 0.019767813526 0.999598204264 -0.016697250000
300 0.276691417109 -0.960865685817 0.013378845872 0.612951934000 0.960744084612 0.276308464161 -0.024988727760 0.004924417000 0.020314122682 0.019767813526 0.999598204264 -0.016697250000
301 0.276691417109 -0.960865685817 0.013378845872 0.612951934000 0.960744084612 0.276308464161 -0.024988727760 0.004924417000 0.020314122682 0.019767813526 0.999598204264 -0.016697250000
302 0.276691417109 -0.960865685817 0.013378845872 0.612951934000 0.960744084612 0.276308464161 -0.024988727760 0.004924417000 0.020314122682 0.019767813526 0.999598204264 -0.016697250000
303 0.276691417109 -0.960865685817 0.013378845872 0.612951934000 0.960744084612 0.276308464161 -0.024988727760 0.004924417000 0.020314122682 0.019767813526 0.999598204264 -0.016697250000
304 0.276691417109 -0.960865685817 0.013378845872 0.612951934000 0.960744084612 0.276308464161 -0.024988727760 0.004924417000 0.020314122682 0.019767813526 0.999598204264 -0.016697250000
305 0.276691417109 -0.960865685817 0.013378845872 0.612951934000 0.960744084612 0.276308464161 -0.024988727760 0.004924417000 0.020314122682 0.019767813526 0.999598204264 -0.016697250000
306 0.276691417109 -0.960865685817 0.013378845872 0.612951934000 0.960744084612 0.276308464161 -0.024988727760 0.004924417000 0.020314122682 0.019767813526 0.999598204264 -0.016697250000
307 0.276691417109 -0.960865685817 0.013378845872 0.612951934000 0.960744084612 0.276308464161 -0.024988727760 0.004924417000 0.020314122682 0.019767813526 0.999598204264 -0.016697250000
308 0.276691417109 -0.960865685817 0.013378845872 0.612951934000 0.960744084612 0.276308464161 -0.024988727760 0.004924417000 0.020314122682 0.019767813526 0.999598204264 -0.016697250000
309 0.276691417109 -0.960865685817 0.013378845872 0.612951934000 0.960744084612 0.276308464161 -0.024988727760 0.004924417000 0.020314122682 0.019767813526 0.999598204264 -0.016697250000
310 0.276691417109 -0.960865685817 0.013378845872 0.612951934000 0.960744084612 0.276308464161 -0.024988727760 0.004924417000 0.020314122682 0.019767813526 0.999598204264 -0.016697250000
311 0.276691417109 -0.960865685817 0.013378845872 0.612951934000 0.960744084612 0.276308464161 -0.024988727760 0.004924417000 0.020314122682 0.019767813526 0.999598204264 -0.016697250000
312 0.276691417109 -0.960865685817 0.013378845872 0.612951934000 0.960744084612 0.276308464161 -0.024988727760 0.004924417000 0.020314122682 0.019767813526 0.999598204264 -0.016697250000
313 0.276691417109 -0.960865685817 0.013378845872 0.612951934000 0.960744084612 0.276308464161 -0.024988727760 0.004924417000 0.020314122682 0.019767813526 0.999598204264 -0.016697250000
314 0.276691417109 -0.960865685817 0.013378845872 0.612951934000 0.960744084612 0.276308464161 -0.024988727760 0.004924417000 0.020314122682 0.019767813526 0.999598204264 -0.016697250000
315 0.276691417109 -0.960865685817 0.013378845872 0.612951934000 0.960744084612 0.276308464161 -0.024988727760 0.004924417000 0.020314122682 0.019767813526 0.999598204264 -0.016697250000
316 0.276691417109 -0.960865685817 0.013378845872 0.612951934000 0.960744084612 0.276308464161 -0.024988727760 0.004924417000 0.020314122682 0.019767813526 0.999598204264 -0.016697250000
317 0.276691417109 -0.960865685817 0.013378845872 0.612951934000 0.960744084612 0.276308464161 -0.024988727760 0.004924417000 0.020314122682 0.019767813526 0.999598204264 -0.016697250000
318 0.276691417109 -0.960865685817 0.013378845872 0.612951934000 0.960744084612 0.276308464161 -0.024988727760 0.004924417000 0.020314122682 0.019767813526 0.999598204264 -0.016697250000
319 0.276691417109 -0.960865685817 0.013378845872 0.612951934000 0.960744084612 0.276308464161 -0.024988727760 0.004924417000 0.020314122682 0.019767813526 0.999598204264 -0.016697250000
320 0.276691417109 -0.960865685817 0.013378845872 0.612951934000 0.960744084612 0.276308464161 -0.024988727760 0.004924417000 0.020314122682 0.019767813526 0.999598204264 -0.016697250000
321 0.276691417109 -0.960865685817 0.013378845872 0.612951934000 0.960744084612 0.276308464161 -0.024988727760 0.004924417000 0.020314122682 0.019767813526 0.999598204264 -0.016697250000
322 0.276691417109 -0.960865685817 0.013378845872 0.612951934000 0.960744084612 0.276308464161 -0.024988727760 0.004924417000 0.020314122682 0.019767813526 0.999598204264 -0.016697250000
323 0.276691417109 -0.960865685817 0.013378845872 0.612951934000 0.960744084612 0.276308464161 -0.024988727760 0.004924417000 0.020314122682 0.019767813526 0.999598204264 -0.016697250000
324 0.276691417109 -0.960865685817 0.013378845872 0.612951934000 0.960744084612 0.276308464161 -0.024988727760 0.004924417000 0.020314122682 0.019767813526 0.999598204264 -0.016697250000
325 0.276691417109 -0.960865685817 0.013378845872 0.612951934000 0.960744084612 0.276308464161 -0.024988727760 0.004924417000 0.020314122682 0.019767813526 0.999598204264 -0.016697250000
326 0.276691417109 -0.960865685817 0.013378845872 0.612951934000 0.960744084612 0.276308464161 -0.024988727760 0.004924417000 0.020314122682 0.019767813526 0.999598204264 -0.016697250000
327 0.276691417109 -0.960865685817 0.013378845872 0.612951934000 0.960744084612 0.276308464161 -0.024988727760 0.004924417000 0.020314122682 0.019767813526 0.999598204264 -0.016697250000
328 0.276691417109 -0.960865685817 0.013378845872 0.612951934000 0.960744084612 0.276308464161 -0.024988727760 0.004924417000 0.020314122682 0.019767813526 0.999598204264 -0.016697250000
329 0.276691417109 -0.960865685817 0.013378845872 0.612951934000 0.960744084612 0.276308464161 -0.024988727760 0.004924417000 0.020314122682 0.019767813526 0.999598204264 -0.016697250000
330 0.276691417109 -0.960865685817 0.013378845872 0.612951934000 0.960744084612 0.276308464161 -0.024988727760 0.004924417000 0.020314122682 0.019767813526 0.999598204264 -0.016697250000
331 0.276691417109 -0.960865685817 0.013378845872 0.612951934000 0.960744084612 0.276308464161 -0.024988727760 0.004924417000 0.020314122682 0.019767813526 0.999598204264 -0.016697250000
332 0.276691417109 -0.960865685817 0.013378845872 0.612951934000 0.960744084612 0.276308464161 -0.024988727760 0.004924417000 0.020314122682 0.019767813526 0.999598204264 -0.016697250000
333 0.276691417109 -0.960865685817 0.013378845872 0.612951934000 0.960744084612 0.276308464161 -0.024988727760 0.004924417000 0.020314122682 0.019767813526 0.999598204264 -0.016697250000
334 0.276691417109 -0.960865685817 0.013378845872 0.612951934000 0.960744084612 0.276308464161 -0.024988727760 0.004924417000 0.020314122682 0.019767813526 0.999598204264 -0.016697250000
335 0.276691417109 -0.960865685817 0.013378845872 0.612951934000 0.960744084612 0.276308464161 -0.024988727760 0.004924417000 0.020314122682 0.019767813526 0.999598204264 -0.016697250000
336 0.276691417109 -0.960865685817 0.013378845872 0.612951934000 0.960744084612 0.276308464161 -0.024988727760 0.004924417000 0.020314122682 0.019767813526 0.999598204264 -0.016697250000
337 0.276691417109 -0.960865685817 0.013378845872 0.612951934000 0.960744084612 0.276308464161 -0.024988727760 0.004924417000 0.020314122682 0.019767813526 0.999598204264 -0.016697250000
338 0.276691417109 -0.960865685817 0.013378845872 0.612951934000 0.960744084612 0.276308464161 -0.024988727760 0.004924417000 0.020314122682 0.019767813526 0.999598204264 -0.016697250000
339 0.276691417109 -0.960865685817 0.013378845872 0.612951934000 0.960744084612 0.276308464161 -0.024988727760 0.004924417000 0.020314122682 0.019767813526 0.999598204264 -0.016697250000
340 0.276691417109 -0.960865685817 0.013378845872 0.612951934000 0.960744084612 0.276308464161 -0.024988727760 0.004924417000 0.020314122682 0.019767813526 0.999598204264 -0.016697250000
341 0.276691417109 -0.960865685817 0.013378845872 0.612951934000 0.960744084612 0.276308464161 -0.024988727760 0.004924417000 0.020314122682 0.019767813526 0.999598204264 -0.016697250000
342 0.276691417109 -0.960865685817 0.013378845872 0.612951934000 0.960744084612 0.276308464161 -0.024988727760 0.004924417000 0.020314122682 0.019767813526 0.999598204264 -0.016697250000
343 0.276691417109 -0.960865685817 0.013378845872 0.612951934000 0.960744084612 0.276308464161 -0.024988727760 0.004924417000 0.020314122682 0.019767813526 0.999598204264 -0.016697250000
344 0.276691417109 -0.960865685817 0.013378845872 0.612951934000 0.960744084612 0.276308464161 -0.024988727760 0.004924417000 0.020314122682 0.019767813526 0.999598204264 -0.016697250000
345 0.276691417109 -0.960865685817 0.013378845872 0.612951934000 0.960744084612 0.276308464161 -0.024988727760 0.004924417000 0.020314122682 0.019767813526 0.999598204264 -0.016697250000
346 0.276691417109 -0.960865685817 0.013378845872 0.612951934000 0.960744084612 0.276308464161 -0.024988727760 0.004924417000 0.020314122682 0.019767813526 0.999598204264 -0.016697250000
347 0.276691417109 -0.960865685817 0.013378845872 0.612951934000 0.960744084612 0.276308464161 -0.024988727760 0.004924417000 0.020314122682 0.019767813526 0.999598204264 -0.016697250000
