0 1.000000000000 0.000000000000 0.000000000000 0.000000000000 0.000000000000 1.000000000000 0.000000000000 0.000000000000 0.000000000000 0.000000000000 1.000000000000 0.000000000000
1 0.999982520170 -0.003413958230 -0.004827446999 0.040690381000 0.003428464014 0.999989623423 0.002999780255 0.000314804000 0.004817155782 -0.003016278548 0.999983848407 -0.001090238000
2 0.999976952522 -0.003061507849 -0.006059834485 0.068956792000 0.003083062917 0.999988942858 0.003550899285 0.000543891000 0.006048896375 -0.003569500297 0.999975334456 -0.001804096000
3 0.999974951387 -0.001204096937 -0.006974722119 0.079421617000 0.001239523841 0.999986342541 0.005077234632 0.000677961000 0.006968513379 -0.005085752789 0.999962786778 -0.001957064000
4 0.999973797822 -0.001935366764 -0.006975530474 0.086904965000 0.001970635015 0.999985293436 0.005052673576 0.000731719000 0.006965649112 -0.005066287410 0.999962905544 -0.002153908000
5 0.999961776991 -0.001388518718 -0.008632298216 0.095510125000 0.001439929568 0.999981248312 0.005952279146 0.000812505000 0.008623871495 -0.005964481534 0.999945025389 -0.002347811000
6 0.999948831133 -0.004049265519 -0.009270305503 0.117869742000 0.004105160980 0.999973462609 0.006018449167 0.001062928000 0.009245689195 -0.006056197306 0.999938917987 -0.002837275000
7 0.999920893091 -0.001634128882 -0.012471454711 0.143042892000 0.001729008188 0.999969619246 0.007600731225 0.001207337000 0.012458655245 -0.007621693202 0.999893340163 -0.003298136000
8 0.999871320216 -0.000724773725 -0.016025533141 0.158888862000 0.000844532839 0.999971761095 0.007467514827 0.001292694000 0.016019668339 -0.007480087997 0.999843697040 -0.003548496000
9 0.999912669169 -0.000459434929 -0.013207685436 0.173820391000 0.000563650775 0.999968731126 0.007887906489 0.001439568000 0.013203648467 -0.007894662154 0.999881661986 -0.003913823000
10 0.999980666652 -0.001884919797 -0.005925656020 0.188991562000 0.001941342030 0.999952700240 0.009530397313 0.001561553000 0.005907411704 -0.009541716784 0.999937027081 -0.004387896000
11 0.999990197780 -0.002253467990 -0.003811328694 0.211643189000 0.002293557691 0.999941747372 0.010547106482 0.001811875000 0.003787339108 -0.010555744599 0.999937114182 -0.004866370000
12 0.999992493112 -0.003110639370 -0.002310333616 0.231171861000 0.003134587819 0.999940635166 0.010435540374 0.001971238000 0.002277735261 -0.010442703980 0.999942879296 -0.005506283000
13 0.999996231418 -0.002014669188 -0.001865008958 0.250200123000 0.002035451265 0.999935103930 0.011209142081 0.002227873000 0.001842305213 -0.011212895973 0.999935436353 -0.005922723000
14 0.999989856674 -0.001983729698 -0.004043682179 0.268292606000 0.002030361003 0.999931112791 0.011560592865 0.002358854000 0.004020470530 -0.011568685737 0.999924997851 -0.006357840000
15 0.999988981539 -0.004633639201 -0.000752454671 0.295080632000 0.004640795787 0.999941156967 0.009805387145 0.002539477000 0.000706975768 -0.009808771093 0.999951642928 -0.007186529000
16 0.999998823431 -0.000591628140 -0.001415313363 0.317184865000 0.000606363186 0.999945385920 0.010433479822 0.002695510000 0.001409063327 -0.010434325740 0.999944568157 -0.007748120000
17 0.999997277940 -0.001378857062 -0.001882250273 0.343979061000 0.001395222669 0.999960995746 0.008721257905 0.002755712000 0.001870151489 -0.008723860323 0.999960197605 -0.008589868000
18 0.999996190762 -0.000690776656 -0.002672319068 0.374718279000 0.000714056607 0.999961721702 0.008720393032 0.002991312000 0.002666192933 -0.008722268001 0.999958405863 -0.009395023000
19 0.999988660442 -0.002106264777 0.004271139945 0.401672333000 0.002079927504 0.999978855129 0.006161428113 0.003094389000 -0.004284027232 -0.006152474584 0.999971896689 -0.010120136000
20 0.999986702727 -0.001005705747 0.005057956618 0.432597190000 0.000963810792 0.999965267257 0.008278607914 0.003438228000 -0.005066106785 -0.008273622918 0.999952939756 -0.011094326000
21 0.999990949874 -0.003298643765 0.002686841827 0.463213503000 0.003278672028 0.999967215317 0.007403958407 0.003544452000 -0.002711176761 -0.007395082127 0.999968980659 -0.012068385000
22 0.999999760021 0.000204749287 -0.000661843209 0.493785501000 -0.000199467473 0.999968213579 0.007970699071 0.003726081000 0.000663454167 -0.007970565142 0.999968014448 -0.012986349000
23 0.999996187970 -0.002184876417 0.001688301368 0.528960407000 0.002175057025 0.999980836139 0.005796247144 0.003855741000 -0.001700933097 -0.005792552897 0.999981776413 -0.014061784000
24 0.999997389273 -0.000784160734 0.002146284778 0.559913933000 0.000772236298 0.999984294618 0.005551051119 0.003914753000 -0.002150603986 -0.005549379188 0.999982289490 -0.014818777000
25 0.999972427635 -0.002091746598 -0.007125206379 0.598654926000 0.002147188050 0.999967412250 0.007782288964 0.004305713000 0.007108695608 -0.007797373546 0.999944332157 -0.016056387000
26 0.999972423106 -0.001201759125 -0.007328628916 0.627317607000 0.001229755631 0.999991959658 0.003816847029 0.004288549000 0.007323983061 -0.003825754195 0.999965860856 -0.016830958000
27 0.999853071876 0.013449697816 -0.010627336818 0.638089001000 -0.013395276775 0.999896884804 0.005175550190 0.004239113000 0.010695850564 -0.005032433639 0.999930134256 -0.017157728000
28 0.999934945340 -0.000392122001 -0.011399619670 0.642787397000 0.000447333882 0.999988181448 0.004841162754 0.004337821000 0.011397586617 -0.004845947250 0.999923302966 -0.017099589000
29 0.998923673056 -0.045976392351 -0.006137324667 0.612976491000 0.046004610064 0.998930917450 0.004538503699 0.004005464000 0.005922099333 -0.004815964013 0.999970867191 -0.016527552000
30 0.893595535763 -0.448825628126 -0.006524875562 0.613409877000 0.448795161340 0.893616863423 -0.005639553403 0.005466050000 0.008361914932 0.002111147164 0.999962810027 -0.016586578000
31 0.587319304235 -0.809354468018 -0.001174722483 0.613219857000 0.809264857242 0.587274740081 -0.014098599088 0.005240992000 0.012100649005 0.007329717784 0.999899919757 -0.016644038000
