0 0.9999946104 -0.00328316484 0.0 0.329384307629 0.00328316484 0.9999946104 0.0 0.248639052014 0.0 0.0 1.0 0.0
1 0.9999953693125504 -0.0024393828445788777 -0.0018195510501176292 0.49384820432053933 0.0024389889928645063 0.9999970017592685 -0.00021864285542995304 0.24997108099329116 0.001820078948 0.000214203978 0.999998320713 -0.005533109607307793
2 0.9999781927329062 -0.006219564492378516 -0.002220602851372982 0.7127507122874146 0.006225402613578567 0.9999771584458461 0.002631909645736089 0.25234726637720273 0.002204182798 -0.002645676397 0.99999407097 -0.012444829521422635
3 0.9999803437900311 -0.005512186379645574 -0.002987948339626788 0.7486613983466746 0.005521996709776938 0.9999793577726479 0.003285054301197628 0.2527219254071709 0.002969778831 -0.00330148917 0.999990140243 -0.013396508018396144
4 0.9999881067860186 -0.0041264579463303214 -0.0025997370277453307 0.811942901369096 0.004137780147598259 0.9999819129922896 0.0043649127899330455 0.2536830459326353 0.002581678377 -0.004375618017 0.999987094369 -0.015267112743752188
5 0.9999788018352135 -0.003655254846586801 -0.00538841275959358 0.8843083932515801 0.003681825476497453 0.999981072295208 0.004929423282306067 0.2544035415630883 0.005370292471 -0.004949157983 0.999973332541 -0.017092929877607542
6 0.9999752342639341 -0.0028254457751329416 -0.006445751726527492 0.9481872627727623 0.0028538268589911727 0.9999862559781134 0.00439812778371543 0.254752054489204 0.006433236464 -0.004416413921 0.999969553915 -0.019376688157056968
7 0.9999954806722794 -0.00297019705114975 0.0004653656689210198 1.012020236506214 0.002967376069272059 0.999977898147768 0.005949613000238636 0.2555072202722388 -0.000483026906 -0.005948205197 0.999982192611 -0.02176573279601724
8 0.999967346058315 -0.003959118378529071 0.007045012399268247 1.0765304564214964 0.0039009546373121417 0.9999583534356983 0.008250693721948935 0.25661664673564494 -0.007077384472 -0.008222942031 0.999941145195 -0.024384030924596553
9 0.9999644658966972 -0.006897582783127793 0.00484667878400313 1.1491903434986595 0.006858619441898242 0.9999443953944533 0.008010334521876664 0.25765696409141736 -0.004901661232 -0.007976808356 0.999956171162 -0.026966082658578843
10 0.999968309652838 -0.004538429101555335 0.006540821874950134 1.2401331907002717 0.004494161121097711 0.9999670056887333 0.006766834608939142 0.25858529751788784 -0.006571316864 -0.006737224658 0.999955712819 -0.02990788068497106
11 0.9999593816281378 -0.005572880074983078 0.007083650270590896 1.3401935480395555 0.0055083482679843905 0.9999434491957084 0.009097060583028739 0.2600288674187797 -0.007133946512 -0.009057671862 0.999933530485 -0.033669712087394964
12 0.999936031800367 -0.005648366919071062 0.009799400990888498 1.4397381765514305 0.005585883797536356 0.9999639700185551 0.006391914201649763 0.26090498173766064 -0.009835151795 -0.006336767007 0.999931555244 -0.03752854885329884
13 0.9999485933406873 -0.00495107551337669 0.00884858900281128 1.539206649878412 0.004883630718280386 0.9999589847153127 0.007627518497574484 0.26186367295257185 -0.008885990495 -0.007583913152 0.999931759389 -0.041281777106230315
14 0.9999648182306815 -0.005740846123531087 0.006115961657003802 1.6372628805960037 0.005698763549508992 0.9999601206943364 0.006876126446849003 0.26264527949188776 -0.006155192541 -0.006841031113 0.999957656053 -0.04489294807313576
15 0.9999790385046587 -0.0024162793346522455 0.006007008118527413 1.7721140876608077 0.0023787668795571012 0.9999776760747423 0.006244102823067498 0.26373264491023685 -0.006021961515 -0.006229682666 0.999962462812 -0.04979959723307789
16 0.9999450354998919 -0.0004557687437359223 0.010474648182998893 1.8983284244180187 0.0004292867871686819 0.9999967066307498 0.002530304621956617 0.2640491605193245 -0.01047576692 -0.002525668917 0.999941937966 -0.05472065243499293
17 0.9998716647030224 -0.0020649813532129394 0.01588678623715062 2.0331200849776163 0.001983695316388971 0.9999848706316992 0.0051306395200912715 0.2649017353684839 -0.015897140555 -0.005098466535 0.999860633569 -0.05990327559682409
18 0.999907601946519 -0.005226470721857153 0.01254876780636017 2.1585429937054967 0.005177765886047332 0.9999789487480453 0.003910601236825195 0.26599571421469975 -0.012568942282 -0.003845265323 0.999913614081 -0.06544051124654328
19 0.9999515036054306 -0.004118908836623463 0.00894567088880478 2.292865141190162 0.004071349828289844 0.9999775172275698 0.005328146967715428 0.2674636830309816 -0.008967415917 -0.005291467616 0.999945791442 -0.07078922516866665
20 0.9999036438998297 -0.003403904973124393 0.013457947371971295 2.4158636417837873 0.0033761500881383548 0.9999921281558619 0.002084523111376833 0.2682684110527023 -0.013464936951 -0.002038886205 0.999907264908 -0.07561970981598758
21 0.9998810039109433 0.007477014786328304 0.013493415765172241 2.518806856472887 -0.007526820636332671 0.9999650330670112 0.003644120697566119 0.2692861729262681 -0.013465696798 -0.003745249582 0.999902319287 -0.07955085764349179
22 0.9999477425587218 -0.005147500685102533 0.00883263201560106 2.614232967531948 0.005110667256659171 0.9999781720165072 0.004187669040741066 0.27008891887728703 -0.008853995247 -0.004142309561 0.999952222879 -0.08410236978362773
23 0.9999652457082946 0.007713213297706431 0.003164445646176771 2.7791005466680394 -0.007725829627204488 0.9999621780892719 0.003994239266037218 0.26996505374464635 -0.003133517542 -0.004018548417 0.999987016084 -0.08998723379939544
24 0.9999950456940118 0.0030837728680365687 0.0006316111397273131 2.865805345802477 -0.00308521770689522 0.9999925968591693 0.0022994911228248127 0.269849699665635 -0.000624515356 -0.002301428389 0.9999971567 -0.09331523187359797
25 0.9999997587485611 0.00016521307106810365 -0.0006746904253353596 2.911501566099449 -0.00016350609030209512 0.9999967879668489 0.0025292927489949033 0.27066846093582103 0.000675106131 -0.002529181823 0.99999657373 -0.0942614131108622
26 0.9998207628669737 -0.018902423755775912 -0.0010679493472026697 2.903817510548661 0.018903669614171052 0.9998206265105972 0.00116879430958666 0.269941805918663 0.00104566474 -0.001188772979 0.999998746701 -0.09366295110344333
27 0.9999844894375759 -0.004390796835035883 0.0034266291947216807 2.848181568839368 0.004386398778202113 0.9999895477062924 0.0012899554688363525 0.26859930578060254 -0.003432257311 -0.001274904899 0.999993297091 -0.0920414081754191
28 0.9978851844453857 -0.06491637134348527 0.0033201500637744905 2.7899223626906484 0.06491161711460515 0.9978898589766623 0.0015203012187689825 0.2686770999759771 -0.003411836517 -0.001301569752 0.999993332622 -0.0906055495464255
29 0.8715126577629391 -0.49035600250155736 0.004083891480770399 2.7959577465640377 0.4903728854634878 0.8714763187596334 -0.007966118517275626 0.27645637011920515 0.000347219317 0.00894520277 0.99995993059 -0.09089585524718094
30 0.5005095060776131 -0.8656524921277593 0.011661783728293759 2.798888568337618 0.8656815061498434 0.5002913636007296 -0.017437930390168457 0.28086108156266637 0.009260898216 0.018823240429 0.999779936478 -0.08934912213517036
