1783355570211601920.000000 -0.003161611 0.002538661 0.043279801 0.000104945 -0.031082628 0.002268002 0.999514282
1783355570327780096.000000 -0.003441822 0.002783404 0.047516052 -0.000339032 -0.031931825 0.002650597 0.999486506
1783355570419631104.000000 -0.003566424 0.002928161 0.050896954 -0.000298295 -0.031227637 0.002722038 0.999508560
1783355570451584000.000000 -0.003718469 0.003086851 0.053140581 -0.000274224 -0.030667130 0.002770041 0.999525785
1783355570511616000.000000 -0.003811883 0.003180324 0.055205502 -0.000009686 -0.029711438 0.002632840 0.999555111
1783355570535645952.000000 -0.003919483 0.003278640 0.056085147 -0.000577441 -0.029572006 0.002487635 0.999559402
1783355570591741952.000000 -0.004114962 0.003332119 0.057130102 0.000090458 -0.030269073 0.002290795 0.999539137
1783355570627629056.000000 -0.004129930 0.003439855 0.059472628 -0.000305489 -0.030408118 0.002443352 0.999534547
1783355570683616000.000000 -0.004204148 0.003568531 0.061423380 -0.000687197 -0.031822465 0.002335073 0.999490619
1783355570715593216.000000 -0.004348584 0.003604938 0.062744282 -0.000563113 -0.032581288 0.002342050 0.999466181
1783355570775662848.000000 -0.004589590 0.003690279 0.063730933 0.000184854 -0.031084079 0.001709158 0.999515295
1783355570831612160.000000 -0.004720073 0.003841307 0.065859735 -0.000144055 -0.029531665 0.001562331 0.999562621
1783355570859685888.000000 -0.004795485 0.003867117 0.066856325 -0.000580866 -0.029423602 0.001595617 0.999565601
1783355570891686912.000000 -0.004802528 0.003963807 0.068148330 -0.000452190 -0.029878845 0.001770553 0.999551892
1783355570947636992.000000 -0.005020668 0.004054479 0.070243329 0.000078067 -0.030949604 0.001618079 0.999519646
1783355571007709952.000000 -0.005127749 0.004206377 0.072452888 -0.000713799 -0.030745067 0.001911028 0.999525249
1783355571039689984.000000 -0.005196956 0.004305570 0.073641278 -0.000586194 -0.030792566 0.002100775 0.999523401
1783355571091872000.000000 -0.005320270 0.004427165 0.075637616 -0.001235668 -0.031823207 0.002311949 0.999490142
1783355571155705856.000000 -0.005481307 0.004560397 0.078171723 -0.001328247 -0.032014079 0.002698489 0.999482930
1783355571187704064.000000 -0.005539304 0.004647608 0.079380430 -0.001698828 -0.031691067 0.003077828 0.999491572
1783355571239987968.000000 -0.005690865 0.004792137 0.081318147 -0.001879376 -0.031013796 0.003002465 0.999512732
1783355571303719936.000000 -0.005869213 0.004924634 0.083781943 -0.002291374 -0.030373998 0.003292623 0.999530554
1783355571331749888.000000 -0.005911759 0.004970081 0.084723353 -0.002059656 -0.030317949 0.003346432 0.999532580
1783355571387736064.000000 -0.006066616 0.005120351 0.086950704 -0.002087309 -0.030344948 0.003327481 0.999531746
1783355571447766016.000000 -0.006219734 0.005238308 0.089019597 -0.002207630 -0.030532515 0.003152661 0.999526381
1783355571503748864.000000 -0.006396468 0.005374200 0.091230325 -0.001614222 -0.030463671 0.003191338 0.999529481
1783355571563787008.000000 -0.006534096 0.005485642 0.093295738 -0.001241087 -0.030062076 0.002996825 0.999542773
1783355571619900928.000000 -0.006673220 0.005571871 0.095447503 -0.001492502 -0.029622260 0.002983198 0.999555588
1783355571655788800.000000 -0.006748755 0.005647065 0.096635707 -0.001099413 -0.029371904 0.002847925 0.999563932
1783355571711769088.000000 -0.006900735 0.005806648 0.098801434 0.000125809 -0.029426210 0.002500361 0.999563873
1783355571771798016.000000 -0.007051166 0.005910299 0.100846812 0.000203378 -0.029150747 0.002178424 0.999572635
1783355571827781888.000000 -0.007167133 0.006012524 0.102909282 0.000228401 -0.028570028 0.002302999 0.999589205
1783355571887830016.000000 -0.007314927 0.006145707 0.105064213 0.000751556 -0.028528022 0.002063592 0.999590635
1783355571919833856.000000 -0.007403419 0.006212149 0.106270432 0.000735942 -0.028494887 0.001947858 0.999591768
1783355571975776000.000000 -0.007519136 0.006290543 0.108347826 0.000702677 -0.028344609 0.001936421 0.999596119
1783355572035872000.000000 -0.007660021 0.006430872 0.110532083 0.000626358 -0.027939016 0.001903877 0.999607623
1783355572091793152.000000 -0.007796716 0.006594803 0.112724625 0.000305213 -0.028077319 0.001896012 0.999603927
1783355572151890944.000000 -0.007963708 0.006702167 0.114917494 0.000708875 -0.028598690 0.001908037 0.999588907
1783355572175993088.000000 -0.008001038 0.006728060 0.115744114 0.000398337 -0.028503088 0.001953242 0.999591768
1783355572267934208.000000 -0.008196344 0.006859825 0.119027004 0.000281590 -0.028144000 0.002194618 0.999601483
1783355572323864832.000000 -0.008341311 0.007091620 0.121419571 -0.000096284 -0.027996536 0.002419496 0.999605119
1783355572383929856.000000 -0.008483581 0.007198857 0.123687886 0.000006294 -0.028135115 0.002598853 0.999600768
1783355572415902976.000000 -0.008462112 0.007241923 0.124872394 -0.000727794 -0.028318573 0.002841154 0.999594688
1783355572475923968.000000 -0.008686641 0.007422660 0.127219573 -0.000328536 -0.028761989 0.002909026 0.999582052
1783355572531917056.000000 -0.008737002 0.007502673 0.129158497 -0.000538564 -0.028426658 0.003105250 0.999590933
1783355572591945984.000000 -0.008984080 0.007647877 0.131496474 -0.000626574 -0.027645305 0.002954666 0.999613285
1783355572648012032.000000 -0.009098345 0.007827205 0.133597523 -0.000538646 -0.026888020 0.002799189 0.999634445
1783355572708216064.000000 -0.009242694 0.007942316 0.135780454 0.000076283 -0.026662804 0.002553328 0.999641240
1783355572771910912.000000 -0.009387964 0.008018446 0.138133556 0.000750689 -0.026569415 0.002342034 0.999643981
1783355572831960064.000000 -0.009511173 0.008179573 0.140403733 0.000634815 -0.026703034 0.002317682 0.999640524
1783355572887926016.000000 -0.009705506 0.008362558 0.142668813 -0.000007268 -0.026640117 0.001891609 0.999643326
1783355572948103936.000000 -0.009835855 0.008442741 0.144800156 0.000928844 -0.026776697 0.001927368 0.999639153
1783355573011919872.000000 -0.009997210 0.008573069 0.147158384 0.001437230 -0.026775558 0.001664055 0.999639094
1783355573071986944.000000 -0.010076510 0.008678216 0.149223194 0.001390952 -0.026250502 0.001754484 0.999652922
1783355573127950848.000000 -0.010243682 0.008863363 0.151463509 0.001356406 -0.025961429 0.001502190 0.999660909
1783355573188023040.000000 -0.010337794 0.009010628 0.153654933 0.001557069 -0.026500974 0.001481845 0.999646485
1783355573243952128.000000 -0.010497173 0.009148272 0.155890718 0.001352783 -0.026590947 0.001782487 0.999643922
1783355573304006144.000000 -0.010634131 0.009299230 0.158137813 0.000367185 -0.026680728 0.001948913 0.999642074
1783355573360214016.000000 -0.010725872 0.009356055 0.160286546 -0.000112418 -0.027316440 0.002175736 0.999624491
1783355573420026112.000000 -0.010814268 0.009509847 0.162645519 -0.000284813 -0.027450994 0.002436903 0.999620140
1783355573488043008.000000 -0.010914673 0.009613245 0.164865166 -0.000245256 -0.027174545 0.002700258 0.999627054
1783355573512054016.000000 -0.011003300 0.009668716 0.165955409 -0.000504594 -0.027031962 0.002843794 0.999630451
1783355573568005120.000000 -0.011166500 0.009845758 0.168219760 -0.000738183 -0.026862936 0.003076794 0.999634147
1783355573596067072.000000 -0.011195872 0.009859023 0.169075996 -0.000934602 -0.026833486 0.003069014 0.999634802
1783355573628071936.000000 -0.011246161 0.009957175 0.170428589 -0.000984824 -0.026830273 0.003331443 0.999634027
1783355573660041216.000000 -0.011346994 0.010007736 0.171663970 -0.001202013 -0.026695104 0.003331082 0.999637425
1783355573712122880.000000 -0.011518240 0.010158705 0.173617035 -0.001765812 -0.026356664 0.003252145 0.999645770
1783355573744087808.000000 -0.011690849 0.010172909 0.174838260 -0.001526726 -0.026193513 0.003075592 0.999651015
1783355573776050176.000000 -0.011743153 0.010328366 0.176016182 -0.001696965 -0.025988949 0.003250757 0.999655485
1783355573828299008.000000 -0.011802614 0.010396938 0.178024948 -0.001728225 -0.025547180 0.003316366 0.999666691
1783355573860101888.000000 -0.011749683 0.010460950 0.179125458 -0.002221493 -0.025141547 0.003191951 0.999676406
1783355573924050944.000000 -0.011995315 0.010658133 0.181684837 -0.001517120 -0.024911860 0.002937891 0.999684215
1783355573952102912.000000 -0.012049303 0.010683702 0.182441786 -0.001482891 -0.024784828 0.002895370 0.999687552
1783355573976283136.000000 -0.012051395 0.010717480 0.183373973 -0.001116066 -0.024809575 0.002917816 0.999687374
1783355574008090112.000000 -0.012124304 0.010792411 0.184533402 -0.001260739 -0.024538159 0.002784003 0.999694288
1783355574068125952.000000 -0.012239263 0.010915117 0.186680615 -0.000557584 -0.024542728 0.002645571 0.999695182
1783355574092297984.000000 -0.012315152 0.010933747 0.187488362 -0.000723056 -0.024520766 0.002497433 0.999695957
1783355574156104960.000000 -0.012500817 0.011109844 0.189979374 -0.000544899 -0.024499940 0.002379551 0.999696910
1783355574184144896.000000 -0.012531163 0.011177748 0.190980196 -0.000656201 -0.024550503 0.002462663 0.999695361
1783355574208393984.000000 -0.012575461 0.011211686 0.191732198 -0.000195516 -0.024711695 0.002418212 0.999691725
1783355574272133120.000000 -0.012599308 0.011314196 0.194041744 -0.000035264 -0.024863502 0.002338659 0.999688148
1783355574300168960.000000 -0.012618656 0.011358690 0.194947898 0.000154688 -0.025127109 0.002227081 0.999681771
1783355574332168960.000000 -0.012808876 0.011512646 0.196261227 0.000115403 -0.025447749 0.002275798 0.999673545
1783355574388158976.000000 -0.013096726 0.011638752 0.198640898 0.000111687 -0.025518456 0.002253331 0.999671876
1783355574416183040.000000 -0.013097783 0.011733179 0.199525133 0.000033222 -0.025501190 0.002334064 0.999672115
1783355574448154880.000000 -0.013081669 0.011715507 0.200806543 -0.000221084 -0.025529478 0.002511545 0.999670923
1783355574472347136.000000 -0.013186959 0.011784472 0.201815903 -0.000196454 -0.025698796 0.002494397 0.999666631
1783355574532200192.000000 -0.013330543 0.011949379 0.203931332 -0.000131836 -0.026087331 0.002793601 0.999655783
1783355574564167936.000000 -0.013403363 0.011967604 0.205110580 -0.000571951 -0.025835274 0.002854861 0.999661982
1783355574624195072.000000 -0.013492963 0.012086662 0.207458377 -0.000991483 -0.025629697 0.003080626 0.999666333
1783355574648216064.000000 -0.013469795 0.012172312 0.208262414 -0.000764368 -0.025798554 0.003052683 0.999662280
1783355574712156160.000000 -0.013740914 0.012304817 0.210603178 -0.000767324 -0.025396327 0.003204907 0.999672055
1783355574740230144.000000 -0.013678834 0.012318186 0.211700350 -0.001412426 -0.025313804 0.003408959 0.999672771
1783355574764231936.000000 -0.013849501 0.012507102 0.212712064 -0.001393012 -0.025348818 0.003616053 0.999671161
1783355574828175104.000000 -0.013968341 0.012562790 0.215327367 -0.002201505 -0.025631987 0.003642143 0.999662459
1783355574856243968.000000 -0.014053525 0.012730451 0.216367051 -0.001949439 -0.025605295 0.003726900 0.999663353
1783355574880253952.000000 -0.014100078 0.012762682 0.217338011 -0.001830141 -0.025498051 0.003654470 0.999666512
1783355574912233216.000000 -0.014161224 0.012852723 0.218489528 -0.002206596 -0.025032943 0.003731449 0.999677300
1783355574944192000.000000 -0.014180752 0.012896016 0.219666243 -0.001568067 -0.024871372 0.003523911 0.999683261
1783355575004257024.000000 -0.014352437 0.013134268 0.221882284 -0.001273345 -0.024233630 0.003181743 0.999700427
1783355575028249856.000000 -0.014483237 0.013038895 0.222661003 -0.001120403 -0.023827400 0.002867798 0.999711394
1783355575060257024.000000 -0.014543382 0.013180023 0.223895863 -0.002275980 -0.023208102 0.002730943 0.999724388
1783355575088275968.000000 -0.014551839 0.013247021 0.224849209 -0.002474142 -0.022865990 0.002798426 0.999731600
1783355575152250880.000000 -0.014761797 0.013370442 0.227389604 -0.001844857 -0.023274066 0.002723423 0.999723732
1783355575176236032.000000 -0.014934281 0.013495862 0.228354171 -0.001598317 -0.023395833 0.002725290 0.999721348
1783355575204546816.000000 -0.014801035 0.013434697 0.229062483 -0.001252365 -0.023470832 0.002537457 0.999720573
1783355575236295936.000000 -0.015030146 0.013744516 0.230145648 -0.000794333 -0.022912325 0.002387399 0.999734342
1783355575292478208.000000 -0.015198132 0.013943683 0.232270956 0.000275651 -0.021988615 0.002116989 0.999755979
1783355575328295936.000000 -0.015076097 0.013789647 0.233149216 0.000084103 -0.021500768 0.002001693 0.999766886
1783355575352553984.000000 -0.015277565 0.013938848 0.234177023 0.000456732 -0.021181494 0.001829881 0.999773920
1783355575384290048.000000 -0.015366740 0.014007534 0.235377416 0.000240145 -0.021057064 0.001791216 0.999776721
1783355575444322048.000000 -0.015608585 0.014154084 0.237615153 0.000331494 -0.021189550 0.001703555 0.999774039
1783355575476293120.000000 -0.015212879 0.014318068 0.238761470 0.000437461 -0.021696394 0.001811696 0.999762893
1783355575500442112.000000 -0.015290303 0.014349122 0.239855081 0.000660423 -0.021875685 0.001777034 0.999758959
1783355575532288000.000000 -0.015407669 0.014364087 0.240978330 0.000411218 -0.022236750 0.001955893 0.999750793
1783355575560344832.000000 -0.015568970 0.014604976 0.242163226 0.000486817 -0.022492446 0.002215971 0.999744475
1783355575624304128.000000 -0.015774377 0.014472120 0.244434804 -0.000074895 -0.022578811 0.002186529 0.999742687
1783355575648317952.000000 -0.015243383 0.014828538 0.245761111 -0.000028295 -0.022859564 0.002326953 0.999736011
1783355575676538112.000000 -0.015582512 0.015025456 0.246739641 0.000261860 -0.022789052 0.002338983 0.999737620
1783355575740300032.000000 -0.015384332 0.015176767 0.249318376 -0.000600529 -0.023200458 0.003049868 0.999726057
1783355575768371200.000000 -0.015561024 0.015139924 0.250246495 -0.000990207 -0.023216892 0.002980842 0.999725521
1783355575800371968.000000 -0.015564665 0.015312042 0.251649529 -0.001997130 -0.023393741 0.003256621 0.999719083
1783355575824357120.000000 -0.015616307 0.015349017 0.252630681 -0.002158091 -0.023636861 0.003241584 0.999713123
1783355575856323072.000000 -0.015786480 0.015431813 0.253853679 -0.001981081 -0.024000397 0.003296678 0.999704599
1783355575916388096.000000 -0.015855119 0.015518468 0.256101638 -0.002223218 -0.024673481 0.003458414 0.999687076
1783355575948363008.000000 -0.015957024 0.015635809 0.257312000 -0.002188847 -0.024924455 0.003382866 0.999681294
1783355575972536064.000000 -0.015890762 0.015850136 0.258270979 -0.002150759 -0.025083706 0.003352613 0.999677420
1783355576032665856.000000 -0.016477540 0.015856864 0.260020673 -0.005807645 -0.025713291 0.003321998 0.999646962
1783355576064377088.000000 -0.016431114 0.015927222 0.261013150 -0.010576021 -0.026278682 0.003255426 0.999593437
1783355576096352000.000000 -0.016458085 0.015885994 0.262062222 -0.014974290 -0.027079506 0.003801548 0.999513924
1783355576124413952.000000 -0.016631741 0.015735067 0.262691021 -0.014989927 -0.028591236 0.004107254 0.999470413
1783355576180408064.000000 -0.016791664 0.015805181 0.263775915 -0.013053032 -0.031910937 0.003240340 0.999400258
1783355576212375040.000000 -0.016828014 0.015809014 0.264326841 -0.011858111 -0.032666165 0.003458425 0.999390006
1783355576240435968.000000 -0.016754778 0.015717212 0.264562488 -0.012494184 -0.032165669 0.003649154 0.999397814
1783355576296616960.000000 -0.016783278 0.015757004 0.264615536 -0.014925685 -0.027230898 0.004011144 0.999509752
1783355576328391936.000000 -0.016815901 0.015801456 0.264579266 -0.012349271 -0.026346022 0.003138096 0.999571681
1783355576356500992.000000 -0.016750546 0.015762206 0.264194161 -0.010381593 -0.025766565 0.003212740 0.999608934
1783355576420425984.000000 -0.016695993 0.016063273 0.264074445 -0.003822807 -0.024450421 0.003453100 0.999687791
1783355576444436992.000000 -0.016383590 0.016056092 0.263954252 -0.001076711 -0.024339322 0.003376233 0.999697447
1783355576480465920.000000 -0.016341491 0.016043739 0.263862967 0.000013693 -0.024476087 0.002880507 0.999696255
1783355576504548096.000000 -0.016379511 0.016045550 0.263751268 -0.000810280 -0.025294967 0.003107363 0.999674916
1783355576536444928.000000 -0.016267559 0.016102182 0.263841420 -0.001478187 -0.026093796 0.003876077 0.999650896
1783355576596483840.000000 -0.016557887 0.016241025 0.264158726 -0.005061510 -0.012676319 0.002652191 0.999903381
1783355576628454912.000000 -0.017011793 0.015957126 0.263777107 -0.004556614 0.005302805 0.002270511 0.999972999
1783355576652683008.000000 -0.017315006 0.015554109 0.263191372 -0.005314211 0.021967659 0.001344117 0.999743700
1783355576688491008.000000 -0.017133420 0.016273201 0.263961107 -0.004871270 0.039811935 0.000586913 0.999195158
1783355576712505088.000000 -0.016495736 0.016271753 0.263862520 -0.001582170 0.048565868 -0.000070762 0.998818755
1783355576768645120.000000 -0.016292809 0.015686227 0.264051408 -0.001017786 0.057133418 -0.001021098 0.998365581
1783355576804506112.000000 -0.016281070 0.015703171 0.264444679 0.000117459 0.055193715 -0.001372200 0.998474777
1783355576828516096.000000 -0.015633563 0.016098382 0.265502602 -0.000114200 0.051347818 -0.001256219 0.998680055
1783355576892465152.000000 -0.015804619 0.016208207 0.267317235 0.000021785 0.034592349 -0.000378776 0.999401510
1783355576920528896.000000 -0.016479209 0.015745638 0.267720520 -0.000624421 0.027179508 0.000304115 0.999630332
1783355576952527872.000000 -0.015808573 0.016309902 0.269358516 -0.000706012 0.016622104 0.001172998 0.999860942
1783355576976519936.000000 -0.016092036 0.016104279 0.270002782 -0.001584792 0.010428895 0.001644704 0.999943078
1783355577008486912.000000 -0.015683696 0.016444685 0.271591306 -0.001721280 0.003578299 0.001944403 0.999990284
1783355577036552960.000000 -0.015984064 0.016131332 0.272334278 -0.001814310 0.000342180 0.002111323 0.999996126
1783355577100531968.000000 -0.016021118 0.016329447 0.274838656 -0.001428046 -0.003376192 0.002293009 0.999990702
1783355577124509184.000000 -0.015985435 0.016331861 0.275862634 -0.001722406 -0.003005994 0.002698856 0.999990344
1783355577152775168.000000 -0.015789067 0.016416276 0.277052790 -0.001944724 -0.001939491 0.002373597 0.999993503
1783355577216537856.000000 -0.015665570 0.016838931 0.279728293 -0.001563840 0.001334861 0.002608388 0.999994516
1783355577240696832.000000 -0.015647551 0.016823485 0.280625522 -0.002167193 0.003177686 0.002723540 0.999988973
1783355577276574976.000000 -0.015489487 0.017002914 0.281967998 -0.001593803 0.005128236 0.002662787 0.999982059
1783355577300852992.000000 -0.015601079 0.016972287 0.282832175 -0.001261746 0.006344488 0.002596139 0.999975741
1783355577368587008.000000 -0.015723094 0.017088037 0.285305589 -0.001344381 0.007391451 0.002722731 0.999968112
1783355577392604160.000000 -0.015704617 0.017145079 0.286208123 -0.001567225 0.007581433 0.002824092 0.999966085
1783355577424564992.000000 -0.015676813 0.017221270 0.287469059 -0.001484888 0.007826863 0.002757852 0.999964535
1783355577484601088.000000 -0.015825547 0.017196553 0.289540201 -0.001551408 0.008284409 0.002897270 0.999960363
1783355577508892160.000000 -0.015560581 0.017331308 0.290427804 -0.001260899 0.008219234 0.002996163 0.999960959
1783355577540587776.000000 -0.015499105 0.017507885 0.291775823 -0.001537240 0.008683249 0.003094492 0.999956369
1783355577572564992.000000 -0.015515924 0.017682539 0.292656630 -0.001453511 0.009492488 0.003374449 0.999948263
1783355577632622080.000000 -0.015233945 0.017728632 0.294949859 -0.001056998 0.010352754 0.002914558 0.999941647
1783355577656819200.000000 -0.015202350 0.017537327 0.295663506 -0.000833940 0.010817345 0.002760468 0.999937356
1783355577688582912.000000 -0.015145561 0.017783761 0.297056466 -0.000576451 0.011542719 0.002734630 0.999929488
1783355577716787968.000000 -0.015283667 0.017887708 0.297871798 -0.000462066 0.012324392 0.002499002 0.999920905
1783355577748647936.000000 -0.015192010 0.017925795 0.299153686 0.000061890 0.012756164 0.002379063 0.999915838
1783355577804737024.000000 -0.015158166 0.018116722 0.301181644 0.000104091 0.012778611 0.002565656 0.999915123
1783355577840643840.000000 -0.015386314 0.018483922 0.302548736 -0.001801554 0.009984934 0.002723565 0.999944866
1783355577864669184.000000 -0.015678016 0.018505586 0.303262293 -0.007972297 0.002012341 0.003319245 0.999960721
1783355577928644864.000000 -0.015423454 0.018311536 0.303591937 -0.015014105 0.000728898 0.004080649 0.999878764
1783355577956679936.000000 -0.015264383 0.018314123 0.303502560 -0.011527642 -0.000226815 0.003087559 0.999928832
1783355577980808960.000000 -0.015036250 0.018223830 0.303086966 -0.008049057 0.000458989 0.002807632 0.999963582
1783355578012662016.000000 -0.015016973 0.018166190 0.302897513 -0.003949555 0.000129966 0.002882829 0.999988079
1783355578044655104.000000 -0.015056171 0.018107451 0.302664042 -0.000000882 0.000080093 0.002969037 0.999995589
1783355578096993024.000000 -0.015093413 0.018172868 0.302483410 0.001254426 -0.001216901 0.002336148 0.999995828
1783355578128673024.000000 -0.015068851 0.018145684 0.302323937 0.000351439 -0.002210178 0.003095169 0.999992728
1783355578160691968.000000 -0.015243001 0.017966969 0.302672744 -0.000242307 -0.002509817 0.003339638 0.999991238
1783355578188715008.000000 -0.015206871 0.017952072 0.302623361 0.000047908 -0.002771322 0.003023094 0.999991655
1783355578244702976.000000 -0.015277653 0.018023960 0.302613199 0.000128876 -0.001380371 0.003136611 0.999994159
1783355578276717824.000000 -0.014955346 0.018241651 0.302684665 0.000085713 -0.001516190 0.002954940 0.999994516
1783355578304968192.000000 -0.015079959 0.018195974 0.302565932 0.000171294 -0.001558297 0.002946969 0.999994457
1783355578368675072.000000 -0.015073913 0.018016893 0.302388638 -0.000027910 0.000088905 0.003001903 0.999995530
1783355578396734976.000000 -0.014989309 0.018082812 0.302392930 0.000257969 0.002005961 0.002749502 0.999994218
1783355578428731904.000000 -0.014804139 0.018065179 0.302312374 -0.001583342 0.003307998 0.002898757 0.999989092
1783355578452729856.000000 -0.014932068 0.018201487 0.302143633 -0.007200687 0.005217930 0.002855735 0.999956369
1783355578512751104.000000 -0.014981743 0.018326532 0.300786257 -0.014508028 0.012364384 0.003329765 0.999812782
1783355578544756992.000000 -0.015094534 0.018200550 0.300072730 -0.012595882 0.015268269 0.002782299 0.999800205
1783355578568794112.000000 -0.014635379 0.018029192 0.298697442 -0.016240882 0.017974366 0.003608478 0.999700010
1783355578600712960.000000 -0.015038338 0.017909523 0.297194004 -0.012700015 0.022254534 0.002807660 0.999667764
1783355578628771072.000000 -0.014830020 0.017807577 0.295819879 -0.012567163 0.023684829 0.002426104 0.999637604
1783355578684910080.000000 -0.015091284 0.017827719 0.292302519 -0.013922511 0.020612616 0.003029238 0.999686062
1783355578716733952.000000 -0.015346791 0.017480832 0.289960593 -0.014126482 0.016332287 0.002662421 0.999763310
1783355578744785920.000000 -0.015522572 0.017442120 0.288502932 -0.012965814 0.013020985 0.002674639 0.999827623
1783355578800934912.000000 -0.015599571 0.017093210 0.284340173 -0.013029864 0.005916552 0.002747981 0.999893844
1783355578832745984.000000 -0.015827235 0.016981535 0.282477647 -0.012559600 0.002821517 0.003091244 0.999912381
1783355578892815104.000000 -0.015668780 0.016956279 0.278670728 -0.012753732 0.000063738 0.002479330 0.999915600
1783355578916802048.000000 -0.015694346 0.016814763 0.276976287 -0.012319019 -0.000377951 0.002444384 0.999921083
1783355578948771072.000000 -0.015633069 0.016727867 0.274911970 -0.010568478 -0.000709193 0.002304686 0.999941289
1783355578977057024.000000 -0.015594047 0.016510567 0.273416013 -0.007988956 -0.000789410 0.002362127 0.999965012
1783355579040796160.000000 -0.015726771 0.016256690 0.269952923 0.003519363 -0.000366163 0.000194863 0.999993801
1783355579064808960.000000 -0.015909761 0.016334621 0.268918574 0.002380732 0.001033084 0.000808136 0.999996305
1783355579093033984.000000 -0.015785303 0.016216028 0.268137693 -0.000239215 0.003228443 0.001448846 0.999993742
1783355579124845056.000000 -0.015763333 0.016217044 0.267772228 -0.001676082 0.005210858 0.002419963 0.999982119
1783355579156815104.000000 -0.015773920 0.016097782 0.267159134 -0.002695134 0.005342441 0.002117045 0.999979854
1783355579216859136.000000 -0.015709391 0.016043786 0.266120046 -0.005762768 0.004150522 0.002067286 0.999972641
1783355579248830208.000000 -0.015786268 0.016040934 0.265552580 -0.007249473 0.003148109 0.002180057 0.999966443
1783355579304837888.000000 -0.015867691 0.016155468 0.264533430 -0.008762315 0.001824475 0.001827634 0.999958277
1783355579333131008.000000 -0.015999800 0.016049143 0.263996094 -0.010283709 0.001410689 0.002066946 0.999944031
1783355579364846848.000000 -0.015729545 0.015803836 0.263390183 -0.012285365 0.000155336 0.002092942 0.999922395
1783355579421012992.000000 -0.015789159 0.015928058 0.263575912 0.001994619 -0.001495505 0.000989817 0.999996424
1783355579456878848.000000 -0.016035100 0.016127415 0.263470918 0.000155502 -0.000640985 0.001316033 0.999998927
1783355579480882944.000000 -0.015825946 0.016013814 0.263589799 -0.003107129 -0.000914760 0.002106555 0.999992549
1783355579512841984.000000 -0.015816344 0.015963065 0.263597101 -0.006087942 -0.001691981 0.002305735 0.999977410
1783355579572909056.000000 -0.015746260 0.016051468 0.264014184 -0.009168641 -0.002860437 0.002014425 0.999951899
1783355579604893952.000000 -0.015794437 0.015854800 0.263902247 -0.010924967 -0.003231104 0.002213388 0.999932647
1783355579636856064.000000 -0.015640359 0.015721284 0.264063537 -0.013320002 -0.003145617 0.002196963 0.999903917
1783355579664926976.000000 -0.015665499 0.015815234 0.264110506 -0.015460679 0.000000227 0.002822067 0.999876499
1783355579689108992.000000 -0.015622002 0.016142596 0.264075816 -0.015277047 0.004943159 0.002733328 0.999867380
1783355579752926208.000000 -0.015110923 0.015406092 0.262181282 -0.010262028 0.026964189 0.000523136 0.999583602
1783355579780940032.000000 -0.015201499 0.015883250 0.262649477 -0.005998909 0.043545958 -0.000369120 0.999033332
1783355579812937984.000000 -0.015048532 0.015620681 0.262103558 -0.001890281 0.066992357 -0.001560579 0.997750521
1783355579868889088.000000 -0.015402879 0.016508145 0.264251798 0.000068102 0.105461016 -0.003960607 0.994415581
1783355579896956928.000000 -0.015402881 0.016508147 0.264251769 0.000068102 0.105461031 -0.003960608 0.994415581
1783355579896956928.000000 -0.015402881 0.016508147 0.264251769 0.000068102 0.105461031 -0.003960608 0.994415581
1783355579896956928.000000 -0.015402881 0.016508147 0.264251769 0.000068102 0.105461031 -0.003960608 0.994415581
1783355579896956928.000000 -0.015402881 0.016508147 0.264251769 0.000068102 0.105461031 -0.003960608 0.994415581
1783355579896956928.000000 -0.015402881 0.016508147 0.264251769 0.000068102 0.105461031 -0.003960608 0.994415581
1783355579896956928.000000 -0.015402881 0.016508147 0.264251769 0.000068102 0.105461031 -0.003960608 0.994415581
1783355579896956928.000000 -0.015402881 0.016508147 0.264251769 0.000068102 0.105461031 -0.003960608 0.994415581
1783355579896956928.000000 -0.015402881 0.016508147 0.264251769 0.000068102 0.105461031 -0.003960608 0.994415581
1783355579896956928.000000 -0.015402881 0.016508147 0.264251769 0.000068102 0.105461031 -0.003960608 0.994415581
1783355579896956928.000000 -0.015402881 0.016508147 0.264251769 0.000068102 0.105461031 -0.003960608 0.994415581
1783355579896956928.000000 -0.015402881 0.016508147 0.264251769 0.000068102 0.105461031 -0.003960608 0.994415581
1783355579896956928.000000 -0.015402881 0.016508147 0.264251769 0.000068102 0.105461031 -0.003960608 0.994415581
1783355579896956928.000000 -0.015402881 0.016508147 0.264251769 0.000068102 0.105461031 -0.003960608 0.994415581
1783355579896956928.000000 -0.015402881 0.016508147 0.264251769 0.000068102 0.105461031 -0.003960608 0.994415581
1783355579896956928.000000 -0.015402881 0.016508147 0.264251769 0.000068102 0.105461031 -0.003960608 0.994415581
1783355579896956928.000000 -0.015402881 0.016508147 0.264251769 0.000068102 0.105461031 -0.003960608 0.994415581
1783355579896956928.000000 -0.015402881 0.016508147 0.264251769 0.000068102 0.105461031 -0.003960608 0.994415581
1783355579896956928.000000 -0.015402881 0.016508147 0.264251769 0.000068102 0.105461031 -0.003960608 0.994415581
1783355579896956928.000000 -0.015402881 0.016508147 0.264251769 0.000068102 0.105461031 -0.003960608 0.994415581
1783355579896956928.000000 -0.015402881 0.016508147 0.264251769 0.000068102 0.105461031 -0.003960608 0.994415581
1783355579896956928.000000 -0.015402881 0.016508147 0.264251769 0.000068102 0.105461031 -0.003960608 0.994415581
1783355579896956928.000000 -0.015402881 0.016508147 0.264251769 0.000068102 0.105461031 -0.003960608 0.994415581
1783355579896956928.000000 -0.015402881 0.016508147 0.264251769 0.000068102 0.105461031 -0.003960608 0.994415581
1783355579896956928.000000 -0.015402881 0.016508147 0.264251769 0.000068102 0.105461031 -0.003960608 0.994415581
1783355579896956928.000000 -0.015402881 0.016508147 0.264251769 0.000068102 0.105461031 -0.003960608 0.994415581
1783355579896956928.000000 -0.015402881 0.016508147 0.264251769 0.000068102 0.105461031 -0.003960608 0.994415581
1783355579896956928.000000 -0.015402881 0.016508147 0.264251769 0.000068102 0.105461031 -0.003960608 0.994415581
1783355579896956928.000000 -0.015402881 0.016508147 0.264251769 0.000068102 0.105461031 -0.003960608 0.994415581
1783355579896956928.000000 -0.015402881 0.016508147 0.264251769 0.000068102 0.105461031 -0.003960608 0.994415581
1783355579896956928.000000 -0.015402881 0.016508147 0.264251769 0.000068102 0.105461031 -0.003960608 0.994415581
1783355579896956928.000000 -0.015402881 0.016508147 0.264251769 0.000068102 0.105461031 -0.003960608 0.994415581
1783355579896956928.000000 -0.015402881 0.016508147 0.264251769 0.000068102 0.105461031 -0.003960608 0.994415581
1783355579896956928.000000 -0.015402881 0.016508147 0.264251769 0.000068102 0.105461031 -0.003960608 0.994415581
1783355579896956928.000000 -0.015402881 0.016508147 0.264251769 0.000068102 0.105461031 -0.003960608 0.994415581
1783355579896956928.000000 -0.015402881 0.016508147 0.264251769 0.000068102 0.105461031 -0.003960608 0.994415581
1783355579896956928.000000 -0.015402881 0.016508147 0.264251769 0.000068102 0.105461031 -0.003960608 0.994415581
1783355579896956928.000000 -0.015402881 0.016508147 0.264251769 0.000068102 0.105461031 -0.003960608 0.994415581
1783355579896956928.000000 -0.015402881 0.016508147 0.264251769 0.000068102 0.105461031 -0.003960608 0.994415581
1783355579896956928.000000 -0.015402881 0.016508147 0.264251769 0.000068102 0.105461031 -0.003960608 0.994415581
1783355579896956928.000000 -0.015402881 0.016508147 0.264251769 0.000068102 0.105461031 -0.003960608 0.994415581
1783355579896956928.000000 -0.015402881 0.016508147 0.264251769 0.000068102 0.105461031 -0.003960608 0.994415581
1783355579896956928.000000 -0.015402881 0.016508147 0.264251769 0.000068102 0.105461031 -0.003960608 0.994415581
1783355579896956928.000000 -0.015402881 0.016508147 0.264251769 0.000068102 0.105461031 -0.003960608 0.994415581
1783355579896956928.000000 -0.015402881 0.016508147 0.264251769 0.000068102 0.105461031 -0.003960608 0.994415581
1783355579896956928.000000 -0.015402881 0.016508147 0.264251769 0.000068102 0.105461031 -0.003960608 0.994415581
1783355579896956928.000000 -0.015402881 0.016508147 0.264251769 0.000068102 0.105461031 -0.003960608 0.994415581
1783355579896956928.000000 -0.015402881 0.016508147 0.264251769 0.000068102 0.105461031 -0.003960608 0.994415581
1783355579896956928.000000 -0.015402881 0.016508147 0.264251769 0.000068102 0.105461031 -0.003960608 0.994415581
1783355579896956928.000000 -0.015402881 0.016508147 0.264251769 0.000068102 0.105461031 -0.003960608 0.994415581
1783355579896956928.000000 -0.015402881 0.016508147 0.264251769 0.000068102 0.105461031 -0.003960608 0.994415581
1783355579896956928.000000 -0.015402881 0.016508147 0.264251769 0.000068102 0.105461031 -0.003960608 0.994415581
1783355579896956928.000000 -0.015402881 0.016508147 0.264251769 0.000068102 0.105461031 -0.003960608 0.994415581
1783355579896956928.000000 -0.015402881 0.016508147 0.264251769 0.000068102 0.105461031 -0.003960608 0.994415581
1783355579896956928.000000 -0.015402881 0.016508147 0.264251769 0.000068102 0.105461031 -0.003960608 0.994415581
1783355579896956928.000000 -0.015402881 0.016508147 0.264251769 0.000068102 0.105461031 -0.003960608 0.994415581
1783355579896956928.000000 -0.015402881 0.016508147 0.264251769 0.000068102 0.105461031 -0.003960608 0.994415581
1783355579896956928.000000 -0.015402881 0.016508147 0.264251769 0.000068102 0.105461031 -0.003960608 0.994415581
1783355579896956928.000000 -0.015402881 0.016508147 0.264251769 0.000068102 0.105461031 -0.003960608 0.994415581
1783355579896956928.000000 -0.015402881 0.016508147 0.264251769 0.000068102 0.105461031 -0.003960608 0.994415581
1783355579896956928.000000 -0.015402881 0.016508147 0.264251769 0.000068102 0.105461031 -0.003960608 0.994415581
1783355579896956928.000000 -0.015402881 0.016508147 0.264251769 0.000068102 0.105461031 -0.003960608 0.994415581
1783355579896956928.000000 -0.015402881 0.016508147 0.264251769 0.000068102 0.105461031 -0.003960608 0.994415581
1783355579896956928.000000 -0.015402881 0.016508147 0.264251769 0.000068102 0.105461031 -0.003960608 0.994415581
1783355579896956928.000000 -0.015402881 0.016508147 0.264251769 0.000068102 0.105461031 -0.003960608 0.994415581
1783355579896956928.000000 -0.015402881 0.016508147 0.264251769 0.000068102 0.105461031 -0.003960608 0.994415581
1783355579896956928.000000 -0.015402881 0.016508147 0.264251769 0.000068102 0.105461031 -0.003960608 0.994415581
1783355579896956928.000000 -0.015402881 0.016508147 0.264251769 0.000068102 0.105461031 -0.003960608 0.994415581
1783355579896956928.000000 -0.015402881 0.016508147 0.264251769 0.000068102 0.105461031 -0.003960608 0.994415581
1783355579896956928.000000 -0.015402881 0.016508147 0.264251769 0.000068102 0.105461031 -0.003960608 0.994415581
1783355579896956928.000000 -0.015402881 0.016508147 0.264251769 0.000068102 0.105461031 -0.003960608 0.994415581
1783355579896956928.000000 -0.015402881 0.016508147 0.264251769 0.000068102 0.105461031 -0.003960608 0.994415581
1783355579896956928.000000 -0.015402881 0.016508147 0.264251769 0.000068102 0.105461031 -0.003960608 0.994415581
1783355579896956928.000000 -0.015402881 0.016508147 0.264251769 0.000068102 0.105461031 -0.003960608 0.994415581
1783355579896956928.000000 -0.015402881 0.016508147 0.264251769 0.000068102 0.105461031 -0.003960608 0.994415581
1783355579896956928.000000 -0.015402881 0.016508147 0.264251769 0.000068102 0.105461031 -0.003960608 0.994415581
1783355579896956928.000000 -0.015402881 0.016508147 0.264251769 0.000068102 0.105461031 -0.003960608 0.994415581
1783355579896956928.000000 -0.015402881 0.016508147 0.264251769 0.000068102 0.105461031 -0.003960608 0.994415581
1783355579896956928.000000 -0.015402881 0.016508147 0.264251769 0.000068102 0.105461031 -0.003960608 0.994415581
1783355579896956928.000000 -0.015402881 0.016508147 0.264251769 0.000068102 0.105461031 -0.003960608 0.994415581
1783355579896956928.000000 -0.015402881 0.016508147 0.264251769 0.000068102 0.105461031 -0.003960608 0.994415581
1783355579896956928.000000 -0.015402881 0.016508147 0.264251769 0.000068102 0.105461031 -0.003960608 0.994415581
1783355579896956928.000000 -0.015402881 0.016508147 0.264251769 0.000068102 0.105461031 -0.003960608 0.994415581
