1783354958803867136.000000 0.000000000 0.000000000 0.000000000 -0.000000000 -0.000000000 -0.000000000 1.000000000
1783354959067561984.000000 0.000848407 0.000099501 0.022209505 -0.000368431 0.093002424 -0.006133905 0.995646894
1783354959231673088.000000 0.004702174 0.001239751 0.035598740 0.000345464 0.151097968 -0.009464521 0.988473415
1783354959291636992.000000 0.005920579 0.001440251 0.039756507 0.000978247 0.170256063 -0.010862417 0.985339522
1783354959347582208.000000 0.007492025 0.001645546 0.043899693 0.000823383 0.188231647 -0.011632510 0.982055426
1783354959407608064.000000 0.009255702 0.001923680 0.048101205 0.001052183 0.204998806 -0.012532262 0.978681445
1783354959463598080.000000 0.011070742 0.002176350 0.052097544 0.001167730 0.220702082 -0.012987497 0.975254118
1783354959515677952.000000 0.012812094 0.002363362 0.055507049 0.001067607 0.233339638 -0.013208907 0.972305000
1783354959571827968.000000 0.014786365 0.002577870 0.059371937 0.001223389 0.247730136 -0.013505429 0.968734205
1783354959631691008.000000 0.016924452 0.002761528 0.063184626 0.001366662 0.261899322 -0.014331459 0.964987874
1783354959803635968.000000 0.023822792 0.003291099 0.073924460 0.002313627 0.302131236 -0.017126661 0.953109682
1783354959887681024.000000 0.027440919 0.003509391 0.078693911 0.001830490 0.320259988 -0.018043496 0.947156131
1783354959971746816.000000 0.031303700 0.003777995 0.083681680 0.002354915 0.335770279 -0.019073743 0.941747844
1783354960056001024.000000 0.035341688 0.003999022 0.088406228 0.002257871 0.351166308 -0.020062411 0.936095417
1783354960143696128.000000 0.039849032 0.004256242 0.093404979 0.003154890 0.366921425 -0.022223616 0.929981112
1783354960259708928.000000 0.045837358 0.004547125 0.099552490 0.002985692 0.387833536 -0.024404522 0.921401441
1783354960343748096.000000 0.050522696 0.004893537 0.103954673 0.002952762 0.400843352 -0.024729948 0.915808022
1783354960459934976.000000 0.057215191 0.005376490 0.109565899 0.000189537 0.420573801 -0.022289151 0.906984508
1783354960575814912.000000 0.064343393 0.005831255 0.115382545 -0.003527622 0.438602835 -0.020779116 0.898433805
1783354960691795968.000000 0.071361892 0.006221632 0.120719701 -0.006563154 0.456658512 -0.020939173 0.889371395
1783354960807802880.000000 0.078484595 0.006567946 0.125624672 -0.008477391 0.471383095 -0.020329347 0.881653488
1783354960923821824.000000 0.085734829 0.006912644 0.130318493 -0.008188287 0.485511810 -0.020223949 0.873957813
1783354961039838976.000000 0.093134448 0.007279602 0.134759963 -0.008602057 0.499360979 -0.020877711 0.866099715
1783354961155846144.000000 0.100456923 0.007562193 0.138868332 -0.009626317 0.515760422 -0.021689003 0.856404245
1783354961299997952.000000 0.109704137 0.007941118 0.143483102 -0.009240828 0.532660425 -0.022224579 0.845986784
1783354961439940096.000000 0.118870452 0.008245870 0.147769153 -0.008245781 0.548156083 -0.023369273 0.836008787
1783354961580204032.000000 0.128134221 0.008530237 0.151617855 -0.006665500 0.565638125 -0.026597578 0.824197590
1783354961695955968.000000 0.135722965 0.008751889 0.154411554 -0.003764773 0.580673575 -0.029273732 0.813601315
1783354961843939072.000000 0.145661861 0.009040445 0.157600477 -0.001538554 0.598983109 -0.032126769 0.800115466
1783354961987976192.000000 0.155393839 0.009338073 0.160235777 -0.002569692 0.613187969 -0.031949252 0.789286494
1783354962128037888.000000 0.165092945 0.009490896 0.162603259 -0.002000730 0.627922654 -0.033052333 0.777571023
1783354962276022784.000000 0.175622135 0.009706670 0.164601773 -0.001519246 0.645381212 -0.033949703 0.763104320
1783354962416024832.000000 0.185437366 0.009898043 0.166090980 -0.001644898 0.660033941 -0.035585176 0.750390768
1783354962560076032.000000 0.195420504 0.010067305 0.167170167 -0.001928288 0.679661870 -0.035794258 0.732649148
1783354962700212992.000000 0.205302179 0.010135251 0.167720035 -0.002249998 0.699768066 -0.037150320 0.713399947
1783354962848102144.000000 0.215782136 0.010202948 0.167607754 -0.002491644 0.720522761 -0.037823651 0.692394495
1783354962988115968.000000 0.225750044 0.010291770 0.166961268 -0.002773520 0.739586890 -0.037536055 0.672007978
1783354963164179968.000000 0.237582371 0.010228895 0.165490478 -0.002680555 0.764079094 -0.039308850 0.643918276
1783354963304163840.000000 0.247301444 0.010292904 0.163532987 -0.002103883 0.786144435 -0.041663680 0.616633236
1783354963452155136.000000 0.257367969 0.010269455 0.160575867 -0.001282251 0.810990870 -0.042788647 0.583490610
1783354963588471808.000000 0.265857935 0.010164650 0.157454610 -0.001574596 0.831638038 -0.045024782 0.553487599
1783354963704482048.000000 0.273073673 0.010027980 0.154213846 -0.002124000 0.849477291 -0.047008824 0.525522590
1783354963820256000.000000 0.279971242 0.009890103 0.150436014 -0.002123374 0.867674232 -0.046221793 0.494975299
1783354963936274176.000000 0.286728978 0.009756551 0.146170676 -0.002187583 0.885699511 -0.046790067 0.461889923
1783354964052290816.000000 0.293001175 0.009526271 0.141464368 -0.002236262 0.903103948 -0.047961138 0.426729500
1783354964132476160.000000 0.297171503 0.009416565 0.137810901 -0.002582347 0.914990902 -0.049219627 0.400452793
1783354964248295936.000000 0.302656293 0.009167155 0.132221118 -0.001661662 0.929581106 -0.048760772 0.365374714
1783354964348332800.000000 0.307123601 0.009003504 0.127228200 -0.001389367 0.940588415 -0.049056351 0.335983753
1783354964440460032.000000 0.310938597 0.008787612 0.122378036 -0.002224311 0.949926019 -0.049333990 0.308547974
1783354965168530944.000000 0.319902837 0.008233020 0.107593551 -0.003940938 0.976939619 -0.040614389 0.209580436
1783354965600496128.000000 0.323029280 0.007848696 0.100256547 -0.001766513 0.977696002 -0.051653486 0.203566805
1783354966072574976.000000 0.325979412 0.007564626 0.093892947 -0.003736155 0.963604689 -0.042147931 0.263961405
1783354966296605184.000000 0.326069444 0.007538665 0.093753323 -0.002699096 0.961400270 -0.045775123 0.271305829
1783354966720689152.000000 0.325684547 0.007598518 0.094301865 -0.002805790 0.966727257 -0.045461569 0.251721621
1783354967920815104.000000 0.318502963 0.008331689 0.111652836 -0.001836426 0.978707194 -0.050104611 0.199043885
1783354968452894976.000000 0.318269014 0.008401918 0.112178259 -0.003530801 0.971542835 -0.041412208 0.233188868
1783354968676943104.000000 0.318481565 0.008390004 0.112440541 -0.002694579 0.923013210 -0.044007558 0.382233799
1783354968816950016.000000 0.318678677 0.008489713 0.112222373 -0.001155487 0.880451798 -0.046272628 0.471871018
1783354968985372160.000000 0.318609804 0.008355858 0.112350613 -0.001464147 0.819930017 -0.041949742 0.570922911
1783354969157028864.000000 0.319338560 0.008460632 0.112695754 -0.000365975 0.744807065 -0.038499087 0.666168332
1783354969333043200.000000 0.319440573 0.008507416 0.112763315 -0.000425785 0.656903803 -0.033514690 0.753229022
1783354969557100032.000000 0.319097042 0.008373353 0.112947106 0.001009613 0.554265976 -0.030206291 0.831790805
1783354969765083904.000000 0.322755843 0.008411970 0.114369363 0.000003242 0.569278061 -0.029659273 0.821609914
1783354969989164032.000000 0.328604847 0.008620974 0.116782650 -0.001570717 0.557346404 -0.028433003 0.829791605
1783354970221154816.000000 0.334005058 0.008566258 0.119191661 -0.000255050 0.558391571 -0.030325834 0.829023063
1783354970501359104.000000 0.340845168 0.008571606 0.121944383 0.001534995 0.561080337 -0.031486917 0.827160895
1783354970765198080.000000 0.347452939 0.008757479 0.124487430 0.003029644 0.560423911 -0.031883396 0.827586472
1783354971049321984.000000 0.350151509 0.008835953 0.126013890 0.004896731 0.495067298 -0.029966224 0.868323922
