1783354959067561984.000000 0.000848408 0.000099501 0.022209506 -0.000368431 0.093002424 -0.006133905 0.995646894
1783354959175623936.000000 -0.011600483 -0.002658267 0.034406275 -0.001653597 0.138530418 -0.008989499 0.990316033
1783354959207580928.000000 -0.011123437 -0.000522318 0.038817622 -0.000249976 0.150585189 -0.009232658 0.988553941
1783354959231673088.000000 0.004702175 0.001239751 0.035598740 0.000345464 0.151097968 -0.009464521 0.988473415
1783354959259959040.000000 -0.013140772 -0.002607627 0.043210115 -0.001508281 0.169154376 -0.010551403 0.985531926
1783354959291636992.000000 0.005920579 0.001440251 0.039756507 0.000978247 0.170256063 -0.010862417 0.985339522
1783354959315772160.000000 -0.007399632 -0.002143689 0.045509081 -0.000841818 0.185718626 -0.011570047 0.982534468
1783354959347582208.000000 0.007492024 0.001645546 0.043899696 0.000823383 0.188231647 -0.011632510 0.982055426
1783354959375654912.000000 0.007981644 0.001878142 0.045590211 0.000824819 0.195777223 -0.011874123 0.980576158
1783354959407608064.000000 0.009255701 0.001923680 0.048101202 0.001052183 0.204998806 -0.012532262 0.978681445
1783354959431631104.000000 0.010048372 0.002083910 0.050131440 0.001051693 0.211934865 -0.013001831 0.977196753
1783354959463598080.000000 0.011070742 0.002176350 0.052097544 0.001167730 0.220702082 -0.012987497 0.975254118
1783354959491660032.000000 0.012102999 0.002448595 0.054339826 0.001058843 0.227123350 -0.013294063 0.973774731
1783354959515677952.000000 0.012812094 0.002363362 0.055507049 0.001067607 0.233339638 -0.013208907 0.972305000
1783354959547638784.000000 0.014006146 0.002498524 0.057872284 0.001142474 0.241593465 -0.013397970 0.970284343
1783354959571827968.000000 0.014786367 0.002577870 0.059371937 0.001223389 0.247730136 -0.013505429 0.968734205
1783354959599917824.000000 0.015871877 0.002596446 0.060938802 0.001363549 0.253658623 -0.013794000 0.967194498
1783354959631691008.000000 0.016924450 0.002761528 0.063184619 0.001366662 0.261899322 -0.014331459 0.964987874
1783354959655752960.000000 0.018098135 0.002884793 0.065060757 0.001722934 0.267755359 -0.014801781 0.963371694
1783354959687619072.000000 0.019435532 0.003019095 0.067237377 0.001761990 0.275499851 -0.015024753 0.961182117
1783354959715707904.000000 0.020223908 0.003120774 0.068664402 0.001675712 0.281568497 -0.015440229 0.959415436
1783354959747687168.000000 0.021640213 0.003181352 0.070881426 0.002263281 0.289202034 -0.016251689 0.957127452
1783354959771665152.000000 0.022624109 0.003211790 0.071904674 0.002341156 0.294695169 -0.016614040 0.955444038
1783354959803635968.000000 0.023822792 0.003291099 0.073924467 0.002313626 0.302131236 -0.017126661 0.953109682
1783354959831718912.000000 0.025007596 0.003367740 0.075607792 0.002190961 0.307735622 -0.017629212 0.951306105
1783354959855732992.000000 0.026027735 0.003509459 0.077163421 0.001883445 0.313404024 -0.017740177 0.949452281
1783354959887681024.000000 0.027440917 0.003509391 0.078693911 0.001830489 0.320259988 -0.018043496 0.947156131
1783354959911650816.000000 0.028686561 0.003433760 0.079636969 0.002030664 0.324712723 -0.018108020 0.945637167
1783354959947720960.000000 0.030242948 0.003707006 0.082674466 0.002113936 0.331339359 -0.018927192 0.943319440
1783354959971746816.000000 0.031303704 0.003777995 0.083681688 0.002354915 0.335770279 -0.019073743 0.941747844
1783354960003689984.000000 0.032935809 0.003842821 0.085592911 0.002582754 0.342052072 -0.019551117 0.939474106
1783354960027715840.000000 0.034110669 0.003937711 0.087106176 0.002704008 0.346951365 -0.020070868 0.937664509
1783354960056001024.000000 0.035341680 0.003999022 0.088406220 0.002257871 0.351166308 -0.020062411 0.936095417
1783354960087760896.000000 0.037168223 0.004091523 0.090372019 0.002629077 0.356765479 -0.020739460 0.933960080
1783354960119726848.000000 0.038504988 0.004135267 0.092121236 0.003181932 0.362559676 -0.021633931 0.931704044
1783354960143696128.000000 0.039849032 0.004256241 0.093404986 0.003154890 0.366921425 -0.022223616 0.929981112
1783354960171749120.000000 0.040990636 0.004322207 0.094702668 0.003285612 0.371715873 -0.022959774 0.928056777
1783354960203762944.000000 0.042710252 0.004312491 0.096489511 0.003097706 0.377815634 -0.023575909 0.925575495
1783354960227961088.000000 0.044107035 0.004384570 0.097885229 0.003000852 0.382379919 -0.023956940 0.923689723
1783354960259708928.000000 0.045837361 0.004547125 0.099552475 0.002985692 0.387833536 -0.024404522 0.921401441
1783354960287771904.000000 0.047206301 0.004630024 0.100700319 0.002804148 0.391537637 -0.024513848 0.919831216
1783354960319799808.000000 0.048960295 0.004778463 0.102482572 0.003192401 0.396809936 -0.024813250 0.917559803
1783354960343748096.000000 0.050522707 0.004893536 0.103954688 0.002952762 0.400843352 -0.024729948 0.915808022
1783354960375716864.000000 0.052186348 0.004978355 0.105653152 0.002097841 0.406663328 -0.024110373 0.913257480
1783354960403785984.000000 0.053727802 0.005184321 0.106931672 0.001814740 0.410848707 -0.024004282 0.911385715
1783354960435764992.000000 0.055779651 0.005321589 0.108628586 0.000752832 0.416541308 -0.023040053 0.908824503
1783354960459934976.000000 0.057215184 0.005376491 0.109565899 0.000189537 0.420573801 -0.022289151 0.906984508
1783354960491749120.000000 0.059205405 0.005412406 0.111324154 -0.001073162 0.426146239 -0.021492345 0.904398382
1783354960519813120.000000 0.060686283 0.005546942 0.112492114 -0.001588381 0.429897040 -0.021062640 0.902630866
1783354960551814144.000000 0.062735096 0.005690039 0.113949776 -0.002933998 0.434736341 -0.020586068 0.900317669
1783354960575814912.000000 0.064343400 0.005831255 0.115382545 -0.003527622 0.438602835 -0.020779116 0.898433805
1783354960607759872.000000 0.066312209 0.005941436 0.116811231 -0.004204815 0.443709642 -0.020565920 0.895924747
1783354960635822080.000000 0.067587696 0.005984106 0.117966168 -0.005400042 0.447868675 -0.020933768 0.893837988
1783354960659799040.000000 0.069201194 0.006149522 0.119196653 -0.005997939 0.451659232 -0.021159438 0.891919434
1783354960691795968.000000 0.071361899 0.006221632 0.120719701 -0.006563154 0.456658512 -0.020939173 0.889371395
1783354960727828992.000000 0.073334984 0.006264470 0.122167319 -0.007122021 0.461556673 -0.020990161 0.886833787
1783354960751821056.000000 0.074687518 0.006335923 0.123175032 -0.007646115 0.464943886 -0.020782117 0.885063171
1783354960776139008.000000 0.076202460 0.006468448 0.124238119 -0.008379073 0.467868328 -0.020611037 0.883518100
1783354960807802880.000000 0.078484587 0.006567946 0.125624686 -0.008477391 0.471383095 -0.020329347 0.881653488
1783354960843846912.000000 0.080524191 0.006660631 0.126956373 -0.008016909 0.475249648 -0.020135095 0.879584074
1783354960867840000.000000 0.082178146 0.006728605 0.128052220 -0.008053071 0.478375375 -0.020079676 0.877888978
1783354960891891968.000000 0.083606876 0.006830740 0.129046857 -0.008232852 0.481633484 -0.020231992 0.876100540
1783354960923821824.000000 0.085734829 0.006912643 0.130318493 -0.008188286 0.485511810 -0.020223949 0.873957813
1783354960947806976.000000 0.087059453 0.006942292 0.131227314 -0.008317348 0.488487929 -0.020314459 0.872294545
1783354960983879936.000000 0.089098841 0.007042599 0.132494986 -0.008396506 0.492221147 -0.020478154 0.870188832
1783354961007911936.000000 0.090712540 0.007092119 0.133381933 -0.008682378 0.495301962 -0.020709790 0.868430674
1783354961039838976.000000 0.093134455 0.007279603 0.134759977 -0.008602057 0.499360979 -0.020877711 0.866099715
1783354961063988992.000000 0.094602644 0.007314151 0.135692805 -0.009039341 0.502889693 -0.020953141 0.864049375
1783354961092224000.000000 0.096241996 0.007404942 0.136683732 -0.009467355 0.506789863 -0.021228142 0.861756206
1783354961123870976.000000 0.098218709 0.007478408 0.137767076 -0.009442816 0.511399031 -0.021567270 0.859020770
1783354961155846144.000000 0.100456938 0.007562193 0.138868332 -0.009626317 0.515760422 -0.021689003 0.856404245
1783354961179848960.000000 0.101982586 0.007632655 0.139704436 -0.010004668 0.519558609 -0.021474103 0.854106307
1783354961207915008.000000 0.103644930 0.007729488 0.140535086 -0.009924633 0.522808850 -0.021532534 0.852120221
1783354961239885056.000000 0.105840907 0.007842684 0.141680047 -0.009388817 0.526653051 -0.022002866 0.849743664
1783354961264025088.000000 0.107323535 0.007850815 0.142429918 -0.009390930 0.529372156 -0.022195153 0.848047435
1783354961299997952.000000 0.109704137 0.007941118 0.143483102 -0.009240828 0.532660425 -0.022224579 0.845986784
1783354961323923200.000000 0.111340150 0.007979250 0.144270808 -0.008980494 0.535336435 -0.022264335 0.844297767
1783354961355884032.000000 0.113456339 0.008022496 0.145301014 -0.008652394 0.538808584 -0.022676345 0.842078567
1783354961379885824.000000 0.115095615 0.008082429 0.146043450 -0.008509332 0.541441321 -0.022851495 0.840384841
1783354961415920896.000000 0.117181972 0.008166813 0.147035405 -0.008693902 0.545316100 -0.023113936 0.837866724
1783354961439940096.000000 0.118870437 0.008245870 0.147769108 -0.008245782 0.548156142 -0.023369275 0.836008847
1783354961471895040.000000 0.120973855 0.008245942 0.148653001 -0.007898943 0.551996112 -0.023708822 0.833472192
1783354961495917056.000000 0.122648641 0.008347249 0.149345547 -0.007742841 0.554951966 -0.024183128 0.831494808
1783354961531923968.000000 0.124832571 0.008360073 0.150274962 -0.007795904 0.559266448 -0.025014192 0.828573823
1783354961555953920.000000 0.126370087 0.008372849 0.150947660 -0.007296367 0.562544942 -0.025838427 0.826330721
1783354961580204032.000000 0.128134251 0.008530236 0.151617825 -0.006665500 0.565638125 -0.026597578 0.824197590
1783354961611917056.000000 0.130307108 0.008609709 0.152476117 -0.006002878 0.569913924 -0.027094031 0.821235716
1783354961647938048.000000 0.132448047 0.008664191 0.153255388 -0.005747886 0.574404359 -0.027533470 0.818088412
1783354961671974912.000000 0.134070709 0.008658876 0.153918877 -0.004823114 0.577443779 -0.028491359 0.815918982
1783354961695955968.000000 0.135722965 0.008751890 0.154411584 -0.003764773 0.580673575 -0.029273732 0.813601315
1783354961727932928.000000 0.137881845 0.008813945 0.155173361 -0.002678935 0.585088134 -0.030324755 0.810398161
1783354961752271872.000000 0.139514416 0.008843288 0.155680075 -0.001234233 0.587977469 -0.031471908 0.808263958
1783354961780193024.000000 0.141104400 0.008865168 0.156191140 -0.001144879 0.590781391 -0.032031521 0.806194782
1783354961811959040.000000 0.143462822 0.008967239 0.156945542 -0.001554739 0.594867170 -0.031890929 0.803189695
1783354961843939072.000000 0.145661861 0.009040443 0.157600477 -0.001538555 0.598983109 -0.032126769 0.800115466
1783354961871982080.000000 0.147248477 0.009075573 0.158074319 -0.002090462 0.601981878 -0.032111365 0.797861159
1783354961896241920.000000 0.148965895 0.009093540 0.158509567 -0.002155552 0.604603112 -0.032018211 0.795880198
1783354961927979008.000000 0.151299149 0.009161942 0.159258410 -0.002301542 0.608089387 -0.031939249 0.793222427
1783354961959938048.000000 0.153721631 0.009291476 0.159836024 -0.002543409 0.610989928 -0.032066680 0.790984631
1783354961987976192.000000 0.155393869 0.009338070 0.160235733 -0.002569692 0.613187969 -0.031949252 0.789286494
1783354962012028928.000000 0.157090724 0.009322921 0.160690844 -0.002678423 0.615533531 -0.032034587 0.787454903
1783354962043986176.000000 0.159355968 0.009341971 0.161200806 -0.002532571 0.618777096 -0.032010354 0.784910142
1783354962068137984.000000 0.161100507 0.009408182 0.161661953 -0.002255552 0.621329486 -0.032107260 0.782888055
1783354962104006144.000000 0.163410246 0.009458249 0.162166536 -0.002250586 0.624983788 -0.032637253 0.779951990
1783354962128037888.000000 0.165092960 0.009490895 0.162603274 -0.002000730 0.627922654 -0.033052333 0.777571023
1783354962160000000.000000 0.167345285 0.009517754 0.163037121 -0.001743098 0.631947815 -0.032907173 0.774310112
1783354962184088064.000000 0.169074565 0.009519516 0.163385436 -0.001752589 0.634978235 -0.032826934 0.771830320
1783354962220029952.000000 0.171485275 0.009605873 0.163875118 -0.001700573 0.639148474 -0.032916985 0.768376768
1783354962244051968.000000 0.173246101 0.009622521 0.164230824 -0.001723227 0.642008781 -0.033222914 0.765975237
1783354962276022784.000000 0.175622106 0.009706669 0.164601758 -0.001519245 0.645381212 -0.033949703 0.763104320
1783354962300028928.000000 0.177373201 0.009704833 0.164888158 -0.001620014 0.647753179 -0.034124695 0.761083961
1783354962328061184.000000 0.179086864 0.009748427 0.165171623 -0.001444227 0.650193572 -0.034483600 0.758984327
1783354962360061952.000000 0.181436121 0.009870574 0.165557578 -0.001542913 0.653488576 -0.034892932 0.756130219
1783354962384158976.000000 0.183240861 0.009848130 0.165768906 -0.001516707 0.656046629 -0.035229482 0.753896177
1783354962416024832.000000 0.185437351 0.009898040 0.166090935 -0.001644898 0.660033941 -0.035585176 0.750390768
1783354962444061952.000000 0.187150925 0.009888281 0.166302443 -0.001655775 0.663207114 -0.035665758 0.747583866
1783354962476069888.000000 0.189453453 0.009961267 0.166580722 -0.001845036 0.667783320 -0.035852704 0.743489504
1783354962500232960.000000 0.191320792 0.009964117 0.166745350 -0.001808084 0.671215117 -0.035949875 0.740388215
1783354962532026112.000000 0.193666562 0.010032739 0.167015001 -0.001649506 0.676012933 -0.035929035 0.736011565
1783354962560076032.000000 0.195420474 0.010067304 0.167170122 -0.001928288 0.679661870 -0.035794258 0.732649148
1783354962592103936.000000 0.197702572 0.010044116 0.167334095 -0.001756427 0.684334099 -0.036372770 0.728258848
1783354962616076032.000000 0.199423313 0.010055613 0.167451859 -0.001906191 0.687928259 -0.036422770 0.724861741
1783354962648041984.000000 0.201802254 0.010084696 0.167584091 -0.001892994 0.692734420 -0.036713883 0.720255256
1783354962676091904.000000 0.203504324 0.010079627 0.167711750 -0.002178220 0.696261287 -0.036844585 0.716838896
1783354962700212992.000000 0.205302149 0.010135246 0.167719990 -0.002249998 0.699768066 -0.037150320 0.713399947
1783354962732086784.000000 0.207644805 0.010176694 0.167721853 -0.002098905 0.704283655 -0.037681825 0.708914876
1783354962764051968.000000 0.209994048 0.010195432 0.167784721 -0.002028443 0.708893955 -0.038398407 0.704266131
1783354962792109056.000000 0.211672157 0.010209160 0.167803720 -0.002285259 0.712413013 -0.038339250 0.700708687
1783354962816229120.000000 0.213538408 0.010240539 0.167740792 -0.002429402 0.715926766 -0.038101595 0.697130799
1783354962848102144.000000 0.215782136 0.010202948 0.167607754 -0.002491644 0.720522761 -0.037823651 0.692394495
1783354962872098048.000000 0.217494994 0.010185833 0.167548612 -0.002595584 0.723943591 -0.037669960 0.688825130
1783354962908155904.000000 0.219952643 0.010259203 0.167372987 -0.002614393 0.728379309 -0.037328854 0.684151590
1783354962932137984.000000 0.221679971 0.010291171 0.167314172 -0.002652581 0.731699526 -0.037232697 0.680604517
1783354962964112896.000000 0.224084392 0.010282260 0.167111814 -0.002785124 0.736154735 -0.037462573 0.675769925
1783354962988115968.000000 0.225750029 0.010291770 0.166961282 -0.002773519 0.739586890 -0.037536055 0.672007978
1783354963016352768.000000 0.227420658 0.010243447 0.166807756 -0.002708632 0.743120849 -0.037388552 0.668106496
1783354963048169984.000000 0.229594380 0.010174715 0.166630447 -0.002878660 0.748114407 -0.037801206 0.662485957
1783354963080125184.000000 0.231766284 0.010177446 0.166343778 -0.003152344 0.752858639 -0.037929174 0.657080889
1783354963104113152.000000 0.233636215 0.010350107 0.166052774 -0.003004340 0.756166518 -0.038398515 0.653244853
1783354963132165888.000000 0.235395595 0.010260543 0.165721476 -0.002572238 0.759451032 -0.039071202 0.649385154
1783354963164179968.000000 0.237582341 0.010228895 0.165490448 -0.002680556 0.764079094 -0.039308850 0.643918276
1783354963188402944.000000 0.239268586 0.010238791 0.165236771 -0.002965243 0.767355442 -0.039347157 0.640006840
1783354963220125952.000000 0.241548002 0.010280406 0.164853275 -0.002278641 0.772002399 -0.040949557 0.634295106
1783354963248174848.000000 0.243276149 0.010308503 0.164437175 -0.002056475 0.775716245 -0.041752297 0.629695833
1783354963280181760.000000 0.245437324 0.010260398 0.164004773 -0.002214103 0.781577468 -0.041602872 0.622415543
1783354963304163840.000000 0.247301489 0.010292900 0.163532972 -0.002103885 0.786144495 -0.041663684 0.616633296
1783354963336136192.000000 0.249428958 0.010294116 0.163014919 -0.001971850 0.792109668 -0.042026576 0.608927190
1783354963364197120.000000 0.251253605 0.010320235 0.162495047 -0.001812479 0.796297371 -0.042320423 0.603420436
1783354963388417024.000000 0.252812326 0.010221899 0.162048191 -0.001619226 0.800303936 -0.042134881 0.598110080
1783354963420173056.000000 0.255032212 0.010277440 0.161470413 -0.001376518 0.805736542 -0.042783264 0.590725362
1783354963452155136.000000 0.257367969 0.010269455 0.160575867 -0.001282249 0.810990870 -0.042788647 0.583490610
1783354963480197888.000000 0.258942187 0.010237466 0.160058320 -0.001366261 0.815047622 -0.043356832 0.577767849
1783354963504231936.000000 0.260625958 0.010234146 0.159532547 -0.001644449 0.819022119 -0.043861013 0.572080731
1783354963536236032.000000 0.262614608 0.010157684 0.158798724 -0.001598599 0.824186742 -0.044353474 0.564576387
1783354963560368128.000000 0.264358401 0.010210568 0.158130527 -0.001874873 0.827960432 -0.044966262 0.558977664
1783354963588471808.000000 0.265857905 0.010164648 0.157454610 -0.001574597 0.831638038 -0.045024782 0.553487599
1783354963620251904.000000 0.267812490 0.010131421 0.156664252 -0.001809874 0.836686909 -0.045807168 0.545759618
1783354963652219136.000000 0.269711047 0.009997338 0.155913502 -0.002285263 0.841830611 -0.046349905 0.537743151
1783354963676196096.000000 0.271333218 0.010036974 0.155110478 -0.001881169 0.845597982 -0.046819389 0.531759918
1783354963704482048.000000 0.273073524 0.010027980 0.154213786 -0.002124000 0.849477291 -0.047008824 0.525522590
1783354963736264960.000000 0.274884880 0.009930753 0.153306484 -0.002433903 0.854834735 -0.046704568 0.516788423
1783354963768225792.000000 0.277089685 0.009993674 0.152119905 -0.002278231 0.859964609 -0.046748828 0.508203030
1783354963792211968.000000 0.278634816 0.010004647 0.151247010 -0.002323870 0.863744855 -0.046843324 0.501742244
1783354963820256000.000000 0.279971272 0.009890099 0.150435984 -0.002123374 0.867674232 -0.046221793 0.494975299
1783354963852286208.000000 0.281763464 0.009777464 0.149315029 -0.001739253 0.872825325 -0.045713909 0.485883951
1783354963876470016.000000 0.283234656 0.009784124 0.148434207 -0.002125091 0.876798332 -0.045895539 0.478658348
1783354963908221952.000000 0.285151303 0.009751420 0.147201732 -0.002296061 0.881894052 -0.046706997 0.469122827
1783354963936274176.000000 0.286728978 0.009756553 0.146170691 -0.002187582 0.885699511 -0.046790067 0.461889923
1783354963968308992.000000 0.288459629 0.009677079 0.144981310 -0.002076994 0.890828967 -0.046958406 0.451900870
1783354963992274944.000000 0.289843470 0.009640882 0.143905073 -0.001993565 0.894467175 -0.047108755 0.444640696
1783354964024235008.000000 0.291609585 0.009564949 0.142607033 -0.002193580 0.899428546 -0.048045203 0.434413552
1783354964052290816.000000 0.293001026 0.009526269 0.141464323 -0.002236262 0.903103948 -0.047961138 0.426729500
1783354964076327936.000000 0.294164240 0.009471584 0.140535250 -0.003016275 0.906747818 -0.048965041 0.418810070
1783354964108275968.000000 0.295907795 0.009437131 0.139063150 -0.002765340 0.911604464 -0.049195152 0.408104956
1783354964132476160.000000 0.297171474 0.009416564 0.137810856 -0.002582347 0.914990902 -0.049219627 0.400452793
1783354964168338944.000000 0.298742056 0.009341481 0.136325017 -0.002328682 0.919412971 -0.049091555 0.390210718
1783354964208338944.000000 0.300714254 0.009221187 0.134437889 -0.001914026 0.924681425 -0.048723061 0.377606511
1783354964248295936.000000 0.302656293 0.009167152 0.132221118 -0.001661663 0.929581106 -0.048760772 0.365374714
1783354964284339968.000000 0.304150283 0.009123279 0.130608290 -0.001604725 0.933399916 -0.048854571 0.355493039
1783354964316387840.000000 0.305613250 0.008972581 0.128953472 -0.001777877 0.937064350 -0.048631195 0.345749021
1783354964348332800.000000 0.307123572 0.009003501 0.127228171 -0.001389366 0.940588415 -0.049056351 0.335983753
1783354964392343040.000000 0.309004992 0.008896787 0.125126392 -0.001911516 0.945048511 -0.048784465 0.323264182
1783354964416347904.000000 0.309887022 0.008833430 0.123772979 -0.001383341 0.947570980 -0.048803184 0.315793633
1783354964440460032.000000 0.310938537 0.008787612 0.122378036 -0.002224311 0.949926019 -0.049333990 0.308547974
1783354964472325120.000000 0.312194914 0.008719891 0.120630473 -0.002117825 0.953181803 -0.049496755 0.298312098
1783354964500349952.000000 0.313078701 0.008645976 0.119253084 -0.001490075 0.955526054 -0.049904123 0.290650040
1783354964524594944.000000 0.313972235 0.008593183 0.117851570 -0.001216919 0.957842827 -0.049989078 0.282907933
1783354964556340992.000000 0.315138757 0.008476859 0.116042048 -0.001392647 0.960869431 -0.049555261 0.272529632
1783354964580517120.000000 0.316012084 0.008427491 0.114634253 -0.000781858 0.962936580 -0.050000291 0.265051901
1783354964616355840.000000 0.316981643 0.008306310 0.113030821 -0.001062126 0.965444446 -0.048950549 0.255968601
1783354964640386048.000000 0.317820877 0.008356058 0.111431681 -0.002475107 0.967414439 -0.045808960 0.249007761
1783354964672374016.000000 0.318634450 0.008309017 0.109947570 -0.005650023 0.970241904 -0.034011759 0.239670634
1783354964696374784.000000 0.319060534 0.008059260 0.108951114 -0.006964868 0.971441269 -0.028387636 0.235473022
1783354964732402944.000000 0.319590002 0.008141007 0.108532093 -0.006215856 0.972886443 -0.031844605 0.228996217
1783354964756411136.000000 0.319769889 0.008255101 0.108137153 -0.004579228 0.973731518 -0.038825382 0.224318162
1783354964780421120.000000 0.319906205 0.008253491 0.107729532 -0.004525046 0.974381208 -0.039424043 0.221374556
1783354964812393984.000000 0.319981992 0.008193647 0.107729636 -0.005092306 0.975031555 -0.036281347 0.219023630
1783354964836379904.000000 0.319984913 0.008187529 0.107524455 -0.005061209 0.974996686 -0.035838772 0.219252229
1783354964864420864.000000 0.320056200 0.008162361 0.107522637 -0.004949718 0.975159287 -0.036748476 0.218379036
1783354964896418048.000000 0.320023149 0.008213554 0.107357927 -0.004591731 0.975165904 -0.037299845 0.218264148
1783354964920401152.000000 0.319979936 0.008157929 0.107516736 -0.004402733 0.975201666 -0.037438542 0.218084365
1783354964952409088.000000 0.319973290 0.008289810 0.107186608 -0.004479035 0.975162446 -0.037667707 0.218218669
1783354964980422144.000000 0.319945872 0.008276369 0.107298665 -0.004638446 0.975087464 -0.038229726 0.218452439
1783354965020525824.000000 0.319941878 0.008305624 0.107268438 -0.004184250 0.975053549 -0.038625523 0.218543291
1783354965072456960.000000 0.319874763 0.008295955 0.107374437 -0.003961313 0.975226402 -0.039069653 0.217695639
1783354965120476928.000000 0.319936544 0.008241397 0.107575916 -0.004335449 0.976090491 -0.039857455 0.213635504
1783354965168530944.000000 0.319902778 0.008233018 0.107593544 -0.003940938 0.976939619 -0.040614389 0.209580436
1783354965204654080.000000 0.319798231 0.008253364 0.107660174 -0.003829291 0.977775753 -0.040717606 0.205626115
1783354965244455936.000000 0.319844276 0.008156922 0.107687287 -0.001904247 0.978904009 -0.047882136 0.198621869
1783354965276531968.000000 0.320088655 0.008206542 0.107188687 -0.002799791 0.979420185 -0.055564124 0.194012895
1783354965320471040.000000 0.320291877 0.008163047 0.107048996 -0.002012291 0.980184615 -0.051636513 0.191227168
1783354965344486912.000000 0.320341110 0.008040369 0.107225068 -0.002687692 0.980215967 -0.053160917 0.190639436
1783354965376457984.000000 0.320704162 0.008008253 0.106957197 -0.003312899 0.980247140 -0.052831955 0.190560848
1783354965400443136.000000 0.320832908 0.007962621 0.106851041 -0.003422901 0.980076611 -0.052584074 0.191502243
1783354965428491008.000000 0.321132571 0.007834333 0.105593920 -0.001860874 0.979808569 -0.050865985 0.193350479
1783354965452538880.000000 0.321281016 0.007815444 0.105448067 -0.002354827 0.979559481 -0.050286759 0.194753557
1783354965484480000.000000 0.321723759 0.007690761 0.105152383 -0.002609905 0.979121745 -0.049709056 0.197086185
1783354965508640000.000000 0.321938515 0.007625153 0.104985468 -0.002869817 0.978755116 -0.049939994 0.198837593
1783354965536721920.000000 0.322223783 0.007568271 0.104770154 -0.003019494 0.978443503 -0.050366871 0.200256079
1783354965568519168.000000 0.322593510 0.007480867 0.104491442 -0.002362998 0.978202403 -0.050402727 0.201430157
1783354965600496128.000000 0.323029160 0.007848696 0.100256547 -0.001766513 0.977696002 -0.051653486 0.203566805
1783354965624471040.000000 0.323312491 0.007778404 0.100043327 -0.001981917 0.977792263 -0.051950075 0.203026459
1783354965652518144.000000 0.323494524 0.007726706 0.099905066 -0.001821026 0.977922082 -0.051902484 0.202413425
1783354965676749056.000000 0.323697805 0.007690589 0.098676354 -0.001571091 0.977961719 -0.051592689 0.202303410
1783354965708502016.000000 0.323972434 0.007627519 0.098471232 -0.001355428 0.978144050 -0.051497493 0.201445743
1783354965732651008.000000 0.324312389 0.007543308 0.098218344 -0.001691541 0.978360891 -0.050871033 0.200547442
1783354965760824064.000000 0.324533075 0.007603625 0.096897162 -0.001603377 0.978285849 -0.051372979 0.200786024
1783354965792566016.000000 0.324909151 0.007513052 0.096617937 -0.001490379 0.978436887 -0.050293922 0.200323805
1783354965824512000.000000 0.324856907 0.007457364 0.094848543 -0.000581178 0.976718128 -0.041776791 0.210419104
1783354965848503040.000000 0.325288355 0.007636585 0.095082991 -0.004064489 0.974955738 -0.040028255 0.218729600
1783354965876556032.000000 0.325431228 0.007568715 0.094982579 -0.004399349 0.973366559 -0.036086902 0.226353571
1783354965908557824.000000 0.325531363 0.007560945 0.093940958 -0.004345933 0.970838130 -0.035230868 0.237093523
1783354965932547072.000000 0.325612158 0.007634097 0.094199449 -0.004346630 0.969170690 -0.037243504 0.243520647
1783354965964515072.000000 0.325763077 0.007658801 0.094202384 -0.004384232 0.967222393 -0.039424807 0.250813276
1783354965992551168.000000 0.325805366 0.007616689 0.094057634 -0.004292842 0.966006339 -0.040658224 0.255265057
1783354966016592128.000000 0.325834274 0.007638209 0.093919411 -0.003794658 0.965104878 -0.041243091 0.258567572
1783354966048549888.000000 0.325853795 0.007628026 0.093761221 -0.003433593 0.964058816 -0.041747008 0.262366444
1783354966072574976.000000 0.325979441 0.007564627 0.093892932 -0.003736154 0.963604689 -0.042147931 0.263961405
1783354966100598016.000000 0.326068997 0.007575539 0.093798846 -0.003820577 0.963103354 -0.042731408 0.265690297
1783354966132591104.000000 0.325989366 0.007572081 0.093849987 -0.003572391 0.962377846 -0.043412454 0.268200636
1783354966156572160.000000 0.326074958 0.007562498 0.093868822 -0.003546356 0.961878777 -0.044049919 0.269882023
1783354966188556032.000000 0.326063514 0.007523224 0.093844175 -0.003317038 0.961441159 -0.044779040 0.271320641
1783354966216599040.000000 0.326077551 0.007526542 0.093845308 -0.003060718 0.961469650 -0.044821918 0.271215260
1783354966240623104.000000 0.326062471 0.007535997 0.093820110 -0.003154518 0.961434364 -0.045058526 0.271300107
1783354966272594944.000000 0.326034397 0.007553314 0.093857422 -0.003180022 0.961404800 -0.045693219 0.271298617
1783354966296605184.000000 0.326069385 0.007538661 0.093753234 -0.002699096 0.961400270 -0.045775123 0.271305829
1783354966332603904.000000 0.326070011 0.007539210 0.093753383 -0.002715839 0.961501420 -0.046069186 0.270897329
1783354966356646912.000000 0.326033860 0.007552731 0.093782112 -0.002543022 0.961596608 -0.046439841 0.270497650
1783354966380664064.000000 0.326039642 0.007550112 0.093777895 -0.002524958 0.961685479 -0.046801277 0.270119220
1783354966412599040.000000 0.326013803 0.007543784 0.093795106 -0.002243357 0.961836517 -0.047453925 0.269469172
1783354966436603136.000000 0.325993747 0.007574890 0.093853086 -0.002023656 0.961932182 -0.048400037 0.268960625
1783354966464654080.000000 0.325958371 0.007563477 0.093830317 -0.001825260 0.961946964 -0.049143735 0.268774360
1783354966496684032.000000 0.325994968 0.007542381 0.093826875 -0.002074821 0.961880267 -0.049540546 0.268938601
1783354966528624128.000000 0.326010227 0.007497559 0.093827784 -0.002227882 0.961862326 -0.048927870 0.269113481
1783354966552634112.000000 0.326001257 0.007500096 0.093851089 -0.002079083 0.961989343 -0.048804801 0.268682510
1783354966580660992.000000 0.326007724 0.007541265 0.093836799 -0.002045941 0.962248623 -0.048142731 0.267872572
1783354966612631040.000000 0.325939357 0.007565770 0.093911067 -0.002567803 0.963422716 -0.046669848 0.263878912
1783354966636635904.000000 0.325962156 0.007559870 0.093878865 -0.002647101 0.964389622 -0.045854844 0.260467023
1783354966672681984.000000 0.325910956 0.007563178 0.093957961 -0.002836913 0.965426326 -0.045288891 0.256696135
1783354966696686080.000000 0.325811595 0.007583209 0.094077751 -0.002846231 0.966088355 -0.045321748 0.254187465
1783354966720689152.000000 0.325684547 0.007598519 0.094301865 -0.002805790 0.966727257 -0.045461569 0.251721621
1783354966752670976.000000 0.325589448 0.007648037 0.094434798 -0.002823604 0.967705548 -0.045987945 0.247837067
1783354966776645888.000000 0.325555623 0.007662865 0.094494596 -0.002566273 0.968520343 -0.046322238 0.244573340
1783354966804691968.000000 0.325439692 0.007658638 0.094636783 -0.002477786 0.969288886 -0.046820097 0.241414264
1783354966836710912.000000 0.325347841 0.007699182 0.094747439 -0.002111423 0.970332861 -0.047712632 0.237008855
1783354966860675072.000000 0.325258672 0.007700304 0.094871186 -0.001840868 0.971172988 -0.048588220 0.233364314
1783354966892653824.000000 0.325061083 0.007589643 0.095025912 -0.001606058 0.972178400 -0.049606953 0.228923306
1783354966912950016.000000 0.325032175 0.007597393 0.095069148 -0.001436316 0.972659171 -0.050284021 0.226723760
1783354966944720128.000000 0.325040072 0.007607934 0.095050573 -0.001696108 0.973559856 -0.050778609 0.222710460
1783354966976705024.000000 0.324957609 0.007613955 0.095151827 -0.001594715 0.974371552 -0.050303176 0.219242319
1783354967000715008.000000 0.324905097 0.007618579 0.095223717 -0.001329521 0.974913120 -0.049832493 0.216931775
1783354967028716032.000000 0.324961156 0.007693024 0.095262498 -0.001497073 0.975529611 -0.049824119 0.214143261
1783354967060722176.000000 0.324779868 0.007617422 0.095387414 -0.001423623 0.976173520 -0.049729425 0.211211517
1783354967084705024.000000 0.324794322 0.007723386 0.095379360 -0.001235462 0.976666152 -0.050431468 0.208754435
1783354967116688896.000000 0.324743599 0.007710516 0.095414579 -0.001498531 0.977321446 -0.050781675 0.205576688
1783354967144727040.000000 0.324691266 0.007641549 0.095485158 -0.001346789 0.977807701 -0.050439283 0.203337893
1783354967168747776.000000 0.324702382 0.007627925 0.095493741 -0.001458886 0.978272259 -0.050309729 0.201122791
1783354967200717824.000000 0.324738353 0.007725888 0.095569886 -0.001484761 0.978881001 -0.050615411 0.198060483
1783354967224695040.000000 0.324605048 0.007723563 0.095632203 -0.001229480 0.979344904 -0.050476637 0.195791274
1783354967252749056.000000 0.324555725 0.007713130 0.095665030 -0.001397174 0.979793727 -0.050539672 0.193515271
1783354967284768000.000000 0.324520677 0.007683381 0.095741905 -0.001266941 0.980321229 -0.050155032 0.190927476
1783354967308733952.000000 0.324522465 0.007725996 0.096259534 -0.002588612 0.981189072 -0.046503771 0.187346771
1783354967340711168.000000 0.324256122 0.007756595 0.096787564 -0.004410963 0.982410133 -0.035337884 0.183309168
1783354967360980992.000000 0.324147046 0.007653975 0.097088389 -0.003997856 0.982883573 -0.033259831 0.181156859
1783354967392771072.000000 0.323885202 0.007757901 0.097949520 -0.003885368 0.983406782 -0.037812456 0.177387476
1783354967416923136.000000 0.323636323 0.007734565 0.098635845 -0.004508264 0.983597875 -0.036416758 0.176603183
1783354967448729088.000000 0.323435724 0.007791915 0.099045768 -0.004456609 0.983550131 -0.034982815 0.177159563
1783354967476797184.000000 0.323197037 0.007878907 0.099624589 -0.004092255 0.983258843 -0.036656179 0.178442627
1783354967500793088.000000 0.322789490 0.007831828 0.100890607 -0.004170116 0.982886076 -0.036717691 0.180470347
1783354967532776960.000000 0.322493464 0.007972575 0.101500154 -0.004289458 0.982235014 -0.036916360 0.183937982
1783354967556779008.000000 0.322147578 0.008010889 0.102331862 -0.003990321 0.981765330 -0.037811052 0.186256155
1783354967592828160.000000 0.321648985 0.008004291 0.103865057 -0.003920147 0.981460750 -0.038339060 0.187749028
1783354967616786944.000000 0.321422487 0.008078819 0.104175568 -0.003784248 0.981204569 -0.038612835 0.189030305
1783354967640791040.000000 0.321111292 0.008135605 0.104894109 -0.003867945 0.981016397 -0.039451897 0.189830229
1783354967664791040.000000 0.320764542 0.008151635 0.105690345 -0.003711981 0.980913639 -0.039720397 0.190307423
1783354967700811008.000000 0.320259273 0.008152097 0.107116431 -0.003538052 0.980865896 -0.040702134 0.190349698
1783354967724814848.000000 0.320120335 0.008240903 0.107332245 -0.003215974 0.980731905 -0.042551666 0.190640837
1783354967749048064.000000 0.319669992 0.008283131 0.108418450 -0.002665239 0.980620682 -0.045045078 0.190648735
1783354967780801024.000000 0.319451362 0.008302487 0.109057955 -0.001567829 0.980289102 -0.050927013 0.190885901
1783354967804791040.000000 0.319200099 0.008268598 0.109639287 -0.002277011 0.979885638 -0.054990266 0.191820651
1783354967832835072.000000 0.318929851 0.008231817 0.110578567 -0.002044254 0.979655564 -0.053884517 0.193306297
1783354967864866048.000000 0.318686724 0.008312983 0.111032560 -0.001491450 0.979372442 -0.051231187 0.195455238
1783354967888839936.000000 0.318551511 0.008352893 0.111201942 -0.001138418 0.979055226 -0.050591704 0.197205752
1783354967920815104.000000 0.318502933 0.008331689 0.111652829 -0.001836427 0.978707194 -0.050104611 0.199043885
1783354967948844800.000000 0.318388224 0.008338965 0.111806706 -0.002025086 0.978581071 -0.050016206 0.199683264
1783354967972867072.000000 0.318315029 0.008340557 0.112174481 -0.001907768 0.978537321 -0.049963083 0.199912071
1783354968004834048.000000 0.318054944 0.008382794 0.112545177 -0.001694241 0.978585660 -0.049579013 0.199773014
1783354968028817920.000000 0.317947239 0.008358985 0.112883344 -0.001625123 0.978631318 -0.049719006 0.199515030
1783354968056864000.000000 0.317847759 0.008391048 0.113230973 -0.001489541 0.978682637 -0.051699217 0.198759496
1783354968088871936.000000 0.317838103 0.008349203 0.113072649 -0.002427523 0.979042232 -0.054811034 0.196128011
1783354968112855808.000000 0.317870200 0.008418513 0.113071457 -0.001919177 0.979312837 -0.052622098 0.195380837
1783354968144856832.000000 0.317853540 0.008414556 0.112992153 -0.001544790 0.979508400 -0.049011648 0.195342898
1783354968172879872.000000 0.317905813 0.008398829 0.112794951 -0.001968971 0.979647875 -0.046695448 0.195206985
1783354968196897024.000000 0.317972451 0.008429744 0.112719640 -0.002878676 0.979808748 -0.044663519 0.194863454
1783354968228913920.000000 0.318050832 0.008422669 0.112578586 -0.003481335 0.979998291 -0.041946925 0.194503993
1783354968260883968.000000 0.318067878 0.008353180 0.112399846 -0.003739206 0.980209887 -0.038599983 0.194125488
1783354968288897024.000000 0.318107963 0.008347600 0.112303227 -0.004226574 0.980319917 -0.036334641 0.193997100
1783354968312908800.000000 0.318173498 0.008399667 0.112223312 -0.004657594 0.980426967 -0.035815377 0.193542033
1783354968344891904.000000 0.318205506 0.008400048 0.112184212 -0.004247522 0.980520904 -0.037468899 0.192760944
1783354968368864000.000000 0.318185508 0.008380615 0.112216353 -0.003560506 0.979958475 -0.039537530 0.195206374
1783354968396913920.000000 0.318200618 0.008384654 0.112082943 -0.003134463 0.978527963 -0.041080058 0.201954618
1783354968421062912.000000 0.318273395 0.008364094 0.112190187 -0.003465116 0.976169944 -0.041836165 0.212908506
1783354968452894976.000000 0.318268895 0.008401917 0.112178251 -0.003530801 0.971542835 -0.041412208 0.233188868
1783354968477068800.000000 0.318279713 0.008362445 0.112254180 -0.003324629 0.967373967 -0.041466251 0.249914214
1783354968505140992.000000 0.318312883 0.008373488 0.112320937 -0.003297854 0.962873638 -0.041762587 0.266682327
1783354968536941056.000000 0.318387598 0.008407667 0.112187803 -0.003535596 0.956486404 -0.042055227 0.288708568
1783354968560931072.000000 0.318380922 0.008377135 0.112302229 -0.003438157 0.951304257 -0.042212676 0.305330217
1783354968592890880.000000 0.318457395 0.008370634 0.112422734 -0.003519892 0.943867564 -0.042588197 0.327548444
1783354968620933888.000000 0.318450481 0.008366246 0.112466082 -0.003357957 0.937869728 -0.042991430 0.344297588
1783354968644973056.000000 0.318460107 0.008373858 0.112503365 -0.003088123 0.931692302 -0.043321799 0.360642672
1783354968676943104.000000 0.318481386 0.008390003 0.112440541 -0.002694579 0.923013210 -0.044007558 0.382233799
1783354968700972032.000000 0.318520546 0.008381028 0.112525880 -0.002476010 0.916185379 -0.044407859 0.398279071
1783354968736953088.000000 0.318538219 0.008392928 0.112502784 -0.001919908 0.906395555 -0.045403261 0.419978559
1783354968760987136.000000 0.318613470 0.008417279 0.112528652 -0.001393242 0.898836732 -0.046265110 0.435832709
1783354968785113088.000000 0.318627119 0.008452144 0.112434119 -0.000999930 0.890996277 -0.046858564 0.451584846
1783354968816950016.000000 0.318678677 0.008489709 0.112222314 -0.001155486 0.880451798 -0.046272628 0.471871018
1783354968844973056.000000 0.318749100 0.008444808 0.112542152 -0.001147458 0.872285903 -0.045934804 0.486832649
1783354968876997888.000000 0.318638951 0.008377342 0.112604856 -0.001358787 0.860895097 -0.044716615 0.506811917
1783354968900979968.000000 0.318656236 0.008380242 0.112561554 -0.001274677 0.851985514 -0.044013813 0.521710634
1783354968932936960.000000 0.318853676 0.008536192 0.112299800 -0.001480817 0.839647770 -0.043065231 0.541419327
1783354968960982016.000000 0.318463296 0.008358115 0.112422287 -0.001784985 0.830034375 -0.042320002 0.556101501
1783354968985372160.000000 0.318609804 0.008355858 0.112350553 -0.001464147 0.819930017 -0.041949742 0.570922911
1783354969016989952.000000 0.318656325 0.008367997 0.112450212 -0.001154879 0.806213975 -0.041745137 0.590148389
1783354969041019904.000000 0.319840789 0.008564766 0.112617493 -0.001287083 0.796199143 -0.041675385 0.603596330
1783354969077001216.000000 0.319081545 0.008350451 0.112490952 -0.000695144 0.781724691 -0.040563717 0.622302592
1783354969101037056.000000 0.318888187 0.008359639 0.112589955 -0.000719233 0.770840645 -0.040238693 0.635755420
1783354969133004800.000000 0.318795562 0.008295996 0.112724215 -0.001179924 0.756146431 -0.039452601 0.653211057
1783354969157028864.000000 0.319338441 0.008460632 0.112695724 -0.000365975 0.744807065 -0.038499087 0.666168332
1783354969193028096.000000 0.319441497 0.008439783 0.112680793 -0.000856871 0.729244113 -0.037221789 0.683239996
1783354969217029120.000000 0.319263428 0.008453796 0.112824261 -0.001003335 0.717155039 -0.036643423 0.695949018
1783354969241228032.000000 0.319253385 0.008453403 0.112701327 -0.000911632 0.704637051 -0.036325525 0.708636999
1783354969273037824.000000 0.319326103 0.008482626 0.112732619 -0.000492525 0.687595367 -0.035686057 0.725216448
1783354969301040896.000000 0.319371462 0.008482149 0.112867028 -0.000936479 0.674793184 -0.035110340 0.737170696
1783354969333043200.000000 0.319440454 0.008507416 0.112763286 -0.000425785 0.656903803 -0.033514690 0.753229022
1783354969357049088.000000 0.319261789 0.008454341 0.112850547 -0.000528475 0.643638968 -0.033367380 0.764601409
1783354969389029120.000000 0.319436073 0.008509317 0.112920105 -0.000091203 0.625307918 -0.032474302 0.779702187
1783354969417067008.000000 0.319321960 0.008496150 0.112933457 -0.000485124 0.611150503 -0.032046825 0.790865302
1783354969441075200.000000 0.319539011 0.008547733 0.112858891 -0.000074079 0.597076893 -0.030640518 0.801598668
1783354969473065984.000000 0.319424152 0.008518617 0.112848520 -0.001081289 0.580311060 -0.029666167 0.813853741
1783354969497089024.000000 0.319001019 0.008413952 0.112880006 -0.001491702 0.570066988 -0.028429911 0.821104825
1783354969533092864.000000 0.319280624 0.008532792 0.112986758 -0.000923026 0.559342086 -0.029247331 0.828420281
1783354969557100032.000000 0.319097042 0.008373351 0.112947106 0.001009612 0.554265976 -0.030206291 0.831790805
1783354969589067008.000000 0.319323808 0.008406973 0.113034159 0.002371142 0.553355217 -0.032544274 0.832305968
1783354969613069056.000000 0.319441259 0.008355773 0.113118023 0.002071802 0.556681693 -0.032433867 0.830089927
1783354969649070080.000000 0.319927812 0.008407656 0.113252610 0.001239718 0.562840164 -0.030806525 0.825990617
1783354969673120000.000000 0.320314676 0.008298261 0.113361686 -0.000016362 0.566955984 -0.029659567 0.823213995
1783354969697273856.000000 0.320860952 0.008356603 0.113610551 0.000223194 0.569452643 -0.029856846 0.821481824
1783354969729062912.000000 0.321670443 0.008364660 0.113901347 0.000410332 0.569943011 -0.030657075 0.821112156
1783354969765083904.000000 0.322755873 0.008411973 0.114369392 0.000003242 0.569278061 -0.029659273 0.821609914
1783354969789144064.000000 0.323415816 0.008441317 0.114551634 -0.000274755 0.567670703 -0.028870441 0.822749317
1783354969813101056.000000 0.324103922 0.008419027 0.114668086 -0.000540182 0.564904630 -0.027947530 0.824682653
1783354969845072128.000000 0.325028926 0.008507752 0.115294382 -0.001145783 0.561932504 -0.028219752 0.826700866
1783354969873150208.000000 0.325678617 0.008583807 0.115545794 -0.001012208 0.559804380 -0.028088255 0.828148007
1783354969905144064.000000 0.326541513 0.008582017 0.115916535 -0.001034835 0.557603180 -0.028184781 0.829628468
1783354969929108992.000000 0.327081025 0.008566310 0.116127551 -0.001252687 0.556718051 -0.028026190 0.830227733
1783354969961081856.000000 0.327813536 0.008565201 0.116462648 -0.001554227 0.556709230 -0.028368294 0.830221534
1783354969989164032.000000 0.328604847 0.008620970 0.116782621 -0.001570717 0.557346404 -0.028433003 0.829791605
1783354970021153024.000000 0.329327941 0.008555986 0.117089242 -0.001933549 0.558384895 -0.028676702 0.829084039
1783354970045132032.000000 0.329897016 0.008637915 0.117364988 -0.001587649 0.559018373 -0.029277988 0.828636765
1783354970077100032.000000 0.330724686 0.008437084 0.117634729 -0.001374342 0.558945179 -0.029631183 0.828673899
1783354970105163008.000000 0.331302941 0.008480159 0.117814422 -0.000880300 0.558182001 -0.029749701 0.829184592
1783354970129370880.000000 0.331857204 0.008574331 0.118192673 -0.000331465 0.557802975 -0.030013314 0.829430461
1783354970161138176.000000 0.332467943 0.008603314 0.118912384 -0.000186365 0.558398187 -0.030446067 0.829014182
1783354970193111040.000000 0.333138108 0.008680994 0.119614735 -0.000450076 0.559348226 -0.030217230 0.828381717
1783354970221154816.000000 0.334004998 0.008566258 0.119191632 -0.000255050 0.558391571 -0.030325834 0.829023063
1783354970245199872.000000 0.334421962 0.008545524 0.119634733 -0.000080146 0.559249997 -0.030527500 0.828436852
1783354970277153024.000000 0.335443228 0.008539963 0.119578481 -0.000501191 0.559030533 -0.030021830 0.828603327
1783354970301393920.000000 0.336108267 0.008573877 0.119623795 -0.000151840 0.558813691 -0.030125659 0.828745902
1783354970337181952.000000 0.336955667 0.008470243 0.119754016 0.000187273 0.558621049 -0.030271018 0.828870475
1783354970361184000.000000 0.337560207 0.008548856 0.120024025 0.000475110 0.559096754 -0.030537423 0.828539789
1783354970393158912.000000 0.338384032 0.008475875 0.120204732 0.000835130 0.559255898 -0.030878020 0.828419507
1783354970417164032.000000 0.339019954 0.008591152 0.120328188 0.001321372 0.559293091 -0.031096052 0.828385592
1783354970445262848.000000 0.339527190 0.008445399 0.120698243 0.001035515 0.559895456 -0.030825140 0.827988982
1783354970477231104.000000 0.340215832 0.008421653 0.121330470 0.001305743 0.560663402 -0.031214209 0.827454269
1783354970501359104.000000 0.340845197 0.008571603 0.121944398 0.001534996 0.561080337 -0.031486917 0.827160895
1783354970533169152.000000 0.341639042 0.008630890 0.122136265 0.001843694 0.560577214 -0.031571575 0.827498078
1783354970561218048.000000 0.342179745 0.008582975 0.122325435 0.002075976 0.560524404 -0.031575840 0.827533185
1783354970593245952.000000 0.342995346 0.008580321 0.122841015 0.002086420 0.561021507 -0.031673621 0.827192426
1783354970617229056.000000 0.343635678 0.008683891 0.123191908 0.002237868 0.561475217 -0.031540357 0.826889277
1783354970649182976.000000 0.344484627 0.008695522 0.123262301 0.002574333 0.560992539 -0.031669263 0.827210903
1783354970677235968.000000 0.345149815 0.008666345 0.123392209 0.002621657 0.560408056 -0.031994369 0.827594221
1783354970709252096.000000 0.345921487 0.008729759 0.123785704 0.002695478 0.560374618 -0.031794675 0.827624381
1783354970733232128.000000 0.346610159 0.008706325 0.124140650 0.002752535 0.560410082 -0.032095622 0.827588558
1783354970765198080.000000 0.347452909 0.008757478 0.124487415 0.003029644 0.560423911 -0.031883396 0.827586472
1783354970793248000.000000 0.347966731 0.008745971 0.124935165 0.002726224 0.560590625 -0.031635083 0.827484131
1783354970817518848.000000 0.348283261 0.008804180 0.125181302 -0.002818381 0.553153813 -0.027108040 0.832633317
1783354970849239040.000000 0.348839968 0.008748787 0.125483438 -0.008327643 0.543365300 -0.023887236 0.839115143
1783354970881218816.000000 0.349925220 0.008897798 0.126108587 -0.009709110 0.535427928 -0.023790674 0.844190001
1783354970909285120.000000 0.349578530 0.008831667 0.125637338 -0.008617131 0.528501987 -0.023481967 0.848563492
1783354970933293056.000000 0.349830598 0.008666114 0.125770122 -0.006752410 0.523009658 -0.023169778 0.851985097
1783354970965251072.000000 0.349937618 0.008822731 0.125814348 -0.003333362 0.514443457 -0.025523573 0.857137978
1783354970989250816.000000 0.349983245 0.008828473 0.125938252 -0.000627732 0.508027077 -0.027076449 0.860915244
1783354971017512960.000000 0.350128561 0.008794261 0.125969142 0.002309097 0.501945555 -0.028288130 0.864433527
1783354971049321984.000000 0.350151509 0.008835952 0.126013890 0.004896731 0.495067298 -0.029966224 0.868323922
1783354971081264128.000000 0.350202709 0.008826009 0.126039445 0.004104474 0.492738098 -0.029503303 0.869667709
1783354971105257984.000000 0.350194037 0.008836525 0.126042962 0.003721052 0.492991477 -0.028592236 0.869556248
1783354971133532928.000000 0.350208342 0.008839492 0.126037255 0.004035908 0.492918611 -0.028831577 0.869588256
1783354971165330944.000000 0.350200802 0.008843056 0.126034781 0.004213966 0.492866665 -0.029286299 0.869601667
1783354971189420032.000000 0.350189209 0.008848515 0.126034290 0.004181606 0.492843002 -0.029216746 0.869617522
1783354971221281024.000000 0.350205541 0.008840776 0.126035348 0.003969952 0.492817968 -0.028893098 0.869643569
1783354971249317888.000000 0.350183189 0.008847623 0.126024976 0.003754392 0.492834151 -0.028944381 0.869633675
1783354971281347072.000000 0.350202978 0.008841841 0.126035944 0.003846426 0.492815912 -0.028864363 0.869646251
1783354971305464064.000000 0.350205630 0.008841804 0.126044706 0.003750790 0.492776990 -0.028820474 0.869670153
1783354971337282048.000000 0.350210220 0.008846669 0.126047000 0.003883404 0.492760330 -0.028766856 0.869680822
1783354971365329920.000000 0.350213736 0.008841515 0.126053005 0.003702397 0.492574543 -0.028849801 0.869784057
1783354971397368832.000000 0.350215137 0.008844000 0.126052007 0.003753221 0.492482096 -0.028843176 0.869836450
1783354971421408768.000000 0.350208223 0.008843803 0.126045331 0.003858370 0.492527217 -0.028737064 0.869813919
1783354971453298176.000000 0.350228786 0.008843101 0.126047403 0.003611667 0.492292434 -0.028876996 0.869943261
1783354971481356032.000000 0.350195408 0.008830649 0.126048744 0.003680895 0.492196679 -0.028824139 0.869998872
1783354971513360128.000000 0.350189984 0.008829638 0.126033470 0.003670114 0.492233962 -0.028785076 0.869979143
1783354971537342976.000000 0.350191265 0.008832694 0.126033708 0.003677932 0.492059410 -0.028709866 0.870080352
1783354971569305856.000000 0.350183308 0.008836430 0.126034617 0.003708976 0.492056787 -0.028767142 0.870079815
1783354971597369856.000000 0.350184500 0.008827308 0.126038730 0.003769286 0.492097467 -0.028697399 0.870058894
1783354971621679104.000000 0.350196242 0.008847420 0.126030728 0.003772852 0.492020428 -0.028724270 0.870101511
1783354971653352960.000000 0.350227594 0.008840838 0.126044601 0.003736371 0.491974443 -0.028802630 0.870125055
1783354971685329920.000000 0.350203097 0.008845448 0.126042560 0.003754269 0.492032945 -0.028775638 0.870092869
1783354971713366016.000000 0.350214303 0.008847841 0.126042590 0.003740334 0.492011786 -0.028777994 0.870104790
1783354971737462016.000000 0.350210637 0.008840986 0.126044735 0.003765276 0.492007792 -0.028707195 0.870109200
1783354971769360896.000000 0.350205898 0.008840946 0.126041830 0.003746829 0.492035359 -0.028700935 0.870093942
1783354971793355008.000000 0.350194782 0.008840577 0.126036108 0.003706275 0.492000699 -0.028795764 0.870110571
1783354971821405952.000000 0.350199670 0.008840162 0.126039177 0.003747456 0.492025971 -0.028651044 0.870100915
1783354971861403904.000000 0.350214243 0.008837796 0.126046687 0.003748185 0.492006063 -0.028647652 0.870112300
1783354971885385984.000000 0.350194484 0.008844074 0.126033887 0.003670436 0.492015004 -0.028859546 0.870100498
1783354971917361920.000000 0.350169808 0.008836915 0.126033157 0.003672440 0.491998494 -0.028834486 0.870110750
1783354971945401856.000000 0.350175232 0.008830270 0.126031563 0.003670069 0.492022008 -0.028772311 0.870099485
1783354971969458176.000000 0.350184202 0.008831675 0.126034021 0.003640734 0.491999447 -0.028778963 0.870112121
1783354972001405952.000000 0.350177199 0.008834868 0.126032710 0.003688147 0.492024750 -0.028721670 0.870099545
1783354972025598976.000000 0.350171298 0.008843822 0.126030639 0.003729351 0.492040962 -0.028669855 0.870091915
1783354972053647104.000000 0.350168973 0.008834213 0.126030013 0.003666863 0.491998017 -0.028745461 0.870113909
1783354972085458944.000000 0.350172997 0.008844581 0.126029700 0.003680429 0.492011398 -0.028734606 0.870106637
