1783354460559971072.000000 0.000000000 0.000000000 0.000000000 -0.000000000 -0.000000000 -0.000000000 1.000000000
1783354460739737088.000000 0.001321577 0.002177573 0.043572720 0.001044024 0.048618443 -0.002774102 0.998813033
1783354460947758848.000000 0.008363374 0.004953426 0.090183884 0.003611350 0.115185753 -0.007901951 0.993305981
1783354461007795968.000000 0.011392374 0.005763359 0.102662720 0.000674851 0.137636006 -0.009408709 0.990437984
1783354461071720960.000000 0.015713103 0.006809039 0.117007770 -0.003790123 0.162811518 -0.009377087 0.986605346
1783354461124022016.000000 0.019419117 0.007602231 0.127611354 -0.006296562 0.183447197 -0.009914766 0.982959390
1783354461187738880.000000 0.024855215 0.008488606 0.141175449 -0.009401101 0.215692386 -0.011505323 0.976348341
1783354461247805184.000000 0.030785112 0.009416700 0.153084308 -0.011238042 0.247649580 -0.012200544 0.968707681
1783354461303753984.000000 0.037202928 0.010158567 0.164209366 -0.013145398 0.281567723 -0.012449563 0.959370553
1783354461395800064.000000 0.048778642 0.011295465 0.180585206 -0.017173484 0.338330537 -0.013964744 0.940766990
1783354461479847936.000000 0.059809640 0.011872402 0.193128020 -0.015097733 0.393893749 -0.017577738 0.918863833
1783354461571842816.000000 0.074820824 0.012993482 0.204718798 -0.012979038 0.460646510 -0.020682657 0.887247801
1783354461659815936.000000 0.088810146 0.014002492 0.215153307 -0.009278517 0.534310162 -0.023784127 0.844902933
1783354461743849984.000000 0.101213232 0.014828471 0.223795548 -0.003532369 0.603244483 -0.030451158 0.796966970
1783354461803870976.000000 0.113549702 0.014300199 0.226119071 -0.001206426 0.646890700 -0.035775110 0.761742234
1783354461859865856.000000 0.123781070 0.013420830 0.228109598 -0.003728972 0.689318240 -0.033874929 0.723656654
1783354461919892992.000000 0.135661080 0.013340292 0.228620425 -0.003031813 0.723465800 -0.035488911 0.689440787
1783354461975888896.000000 0.146105349 0.012748958 0.228124648 -0.012798293 0.745385706 -0.027532019 0.665941715
1783354462035904000.000000 0.155411616 0.011794200 0.227327377 -0.014359535 0.757602274 -0.026862120 0.652005434
1783354462091907072.000000 0.162692204 0.011225174 0.226539940 -0.015352452 0.769011378 -0.025815228 0.638529062
1783354462151934976.000000 0.167865008 0.010769058 0.226089165 -0.015473695 0.778587341 -0.025892926 0.626810968
1783354462207912960.000000 0.171057940 0.010372483 0.225761145 -0.015646663 0.784105599 -0.026234087 0.619875371
1783354462267952896.000000 0.172913074 0.010186158 0.225526094 -0.013794968 0.783014119 -0.028504184 0.621197402
1783354462772006144.000000 0.184204653 0.010382088 0.223437220 -0.007009994 0.785639822 -0.037327792 0.617517173
1783354462864007936.000000 0.184979126 0.010451751 0.223188832 -0.014112846 0.787611961 -0.028492823 0.615350723
1783354463220065024.000000 0.184560224 0.010264101 0.223376855 -0.009414765 0.821869850 -0.036805108 0.568407178
1783354463544153856.000000 0.192436531 0.010193484 0.220564514 -0.006834932 0.797584236 -0.040175937 0.601829350
1783354464404257024.000000 0.223688647 0.010250844 0.212355122 -0.015348508 0.789440870 -0.028146528 0.612988830
1783354465468441088.000000 0.217750505 0.010075103 0.214124486 -0.014703283 0.836153984 -0.032073103 0.547358930
1783354465856445952.000000 0.204455629 0.010267884 0.219537959 -0.010158630 0.832107186 -0.036802892 0.553299189
1783354466356806144.000000 0.201825827 0.010174644 0.220638439 -0.014348730 0.831099570 -0.029478136 0.555156410
1783354466480551936.000000 0.202474430 0.010412934 0.220743835 -0.012405054 0.812790692 -0.032108814 0.581538022
1783354466620598016.000000 0.202429444 0.010409322 0.220773309 -0.011877971 0.754823327 -0.031217659 0.655077219
1783354466768739072.000000 0.202417880 0.010399289 0.220790267 -0.009525807 0.684041262 -0.030081747 0.728760540
1783354466916624896.000000 0.202332184 0.010400739 0.220821410 -0.005555072 0.605455160 -0.029275950 0.795321465
1783354467068656896.000000 0.203010306 0.011166809 0.221209675 -0.004871972 0.521304071 -0.025166472 0.852985978
1783354467248620032.000000 0.203084886 0.011294172 0.221367866 -0.003876840 0.409320235 -0.019466588 0.912174881
1783354467424956928.000000 0.203046560 0.011311473 0.221340567 -0.002953743 0.294328451 -0.013321612 0.955606937
1783354467572736000.000000 0.202742487 0.011556795 0.221139222 -0.001951167 0.196112886 -0.008692661 0.980540872
1783354467696687872.000000 0.202633947 0.011631844 0.221052200 0.000617564 0.160716504 -0.008514018 0.986963689
1783354468413127936.000000 0.210941330 0.013619798 0.245492607 -0.011600357 0.151981175 -0.003923043 0.988307536
1783354468561118976.000000 0.210929200 0.013648679 0.246178582 -0.008607747 0.128223523 -0.003661660 0.991701186
1783354469196897024.000000 0.210891470 0.013611762 0.245356590 -0.003426091 0.142157286 -0.004759153 0.989826739
1783354469489011968.000000 0.210658491 0.013530267 0.244553074 -0.004014838 0.156343982 -0.005480584 0.987679303
1783354469853030912.000000 0.206201673 0.012526853 0.229421213 -0.008729834 0.160174817 -0.005999204 0.987031877
1783354470625425152.000000 0.203499109 0.012203689 0.222164184 -0.008735888 0.145997390 -0.005861464 0.989229083
1783354470773180928.000000 0.202673361 0.011706001 0.221243545 -0.002073038 0.053131159 -0.002082618 0.998583198
1783354470925208064.000000 0.202642187 0.011653208 0.221203834 0.001290418 -0.044841219 0.002474761 0.998990238
1783354471073223168.000000 0.202539653 0.011605115 0.221536219 0.002004169 -0.144428357 0.007591794 0.989484131
1783354471189257984.000000 0.202069029 0.011669050 0.221881121 0.002184948 -0.221532226 0.011696885 0.975080490
1783354471305536000.000000 0.202004939 0.011630341 0.221974358 0.002731534 -0.299743831 0.015833793 0.953884423
1783354471421547776.000000 0.202490240 0.011557939 0.221559152 0.003462698 -0.376067221 0.020631313 0.926356196
1783354471513298944.000000 0.202440828 0.011587498 0.221524864 0.004054927 -0.434116691 0.024402028 0.900516987
1783354471629317888.000000 0.202438071 0.011605188 0.221469790 0.004259290 -0.505727828 0.028163826 0.862222731
1783354471717299968.000000 0.202698827 0.011601856 0.221357733 0.004763090 -0.560590088 0.031760920 0.827470422
1783354471801315072.000000 0.202862889 0.011608158 0.221345037 0.004598416 -0.608603597 0.034084000 0.792728722
1783354471861346048.000000 0.202504784 0.011526007 0.221537173 0.004263748 -0.641254127 0.035936307 0.766474843
1783354471917312000.000000 0.202535570 0.011513483 0.221420974 0.003177561 -0.673607767 0.039140660 0.738045037
1783354471977342976.000000 0.202468678 0.011529437 0.221692517 0.003798197 -0.705044031 0.039806060 0.708035290
