1783355627695756800.000000 -0.000655972 0.001389181 0.030373042 0.001706953 0.001783596 -0.000566367 0.999996841
1783355627787732992.000000 -0.003031364 0.002278724 0.048225049 0.002062885 0.003682334 -0.002247287 0.999988616
1783355627811769856.000000 -0.002723731 0.002431147 0.052772418 0.001928424 0.003782253 -0.002259824 0.999988437
1783355627843712000.000000 -0.004014060 0.002792161 0.056709580 0.001761486 0.004329949 -0.002983054 0.999984622
1783355627875688192.000000 -0.000488237 0.002764895 0.052520104 0.001925283 0.002454769 -0.000194573 0.999995112
1783355627903763968.000000 -0.001110608 0.002802171 0.054678280 0.001872554 0.002370408 -0.000421035 0.999995351
1783355627935760896.000000 -0.000691901 0.002875171 0.059179034 0.001608341 0.001870110 0.000036147 0.999996960
1783355627959783168.000000 -0.000520722 0.003025838 0.062440611 0.001603684 0.001648133 0.000157724 0.999997377
1783355627991708928.000000 -0.001387732 0.003558057 0.070411406 0.001512993 0.002009981 0.000063596 0.999996841
1783355628019772160.000000 -0.004868965 0.004203717 0.083630346 0.001315115 0.004274371 -0.000745303 0.999989748
1783355628051787008.000000 -0.000778076 0.003763868 0.072960041 0.001427228 0.001033615 0.000334482 0.999998391
1783355628083739904.000000 -0.001184320 0.004121154 0.078459576 0.001380406 0.001129939 0.000213742 0.999998391
1783355628107926016.000000 -0.000958257 0.004373528 0.082083248 0.001204391 0.000952457 0.000491079 0.999998748
1783355628143784960.000000 -0.000824559 0.004511697 0.086630419 0.000997604 0.001530030 0.000699896 0.999998152
1783355628167812096.000000 -0.000789610 0.004455481 0.086835280 0.001159373 0.001667668 0.000572438 0.999997795
1783355628199760896.000000 -0.000646424 0.004694392 0.091978386 0.000974487 0.001683962 0.000623338 0.999997914
1783355628231745024.000000 -0.000857780 0.005305091 0.098954983 0.001142092 0.001754055 0.000577761 0.999997675
1783355628259821824.000000 -0.000828958 0.005576794 0.101710513 0.001085882 0.001638687 0.000760708 0.999997795
1783355628291780096.000000 -0.001088381 0.005773906 0.107931033 0.000913406 0.001850971 0.000631895 0.999997675
1783355628315881984.000000 -0.001145896 0.005595488 0.111722015 0.000662390 0.001949901 0.000542034 0.999997795
1783355628347769856.000000 -0.003581392 0.006499977 0.122161239 0.000887258 0.003739818 0.000041766 0.999992609
1783355628375883008.000000 -0.001840092 0.006331136 0.119587980 0.000875899 0.002394623 0.000256777 0.999996722
1783355628407802112.000000 -0.002094260 0.006655636 0.123975419 0.000862016 0.002960841 0.000038771 0.999995291
1783355628439780864.000000 -0.003813428 0.007160321 0.133156389 0.000885259 0.004726676 -0.000312655 0.999988377
1783355628467824896.000000 -0.001649970 0.007159307 0.130835325 0.000963188 0.003321033 0.000160412 0.999994040
1783355628499880192.000000 -0.001677723 0.007439910 0.135294750 0.001177299 0.003474652 0.000224505 0.999993265
1783355628523834880.000000 -0.003183132 0.007580514 0.142083168 0.001014422 0.004811328 -0.000081981 0.999987960
1783355628555785984.000000 -0.001088598 0.007846430 0.141650900 0.000945031 0.003356280 0.000525903 0.999993801
1783355628583863040.000000 -0.001048499 0.008311335 0.144961596 0.001157140 0.003639146 0.000585115 0.999992549
1783355628615913984.000000 -0.001525816 0.008287092 0.149299353 0.000794035 0.004040099 0.000421132 0.999991417
1783355628639899136.000000 -0.000836338 0.008080639 0.147943974 0.000920256 0.003838267 0.000706307 0.999991953
1783355628671814912.000000 -0.000738675 0.008285336 0.152602345 0.001467810 0.004044780 0.000455287 0.999990702
1783355628700116992.000000 -0.002681925 0.008641646 0.161881015 0.001422157 0.005839275 0.000125686 0.999981940
1783355628731913984.000000 -0.000652976 0.008297978 0.154480085 0.001454434 0.004817610 0.000737776 0.999987066
1783355628763868928.000000 -0.000872164 0.008424059 0.158689559 0.001488594 0.005101903 0.000612902 0.999985754
1783355628795816960.000000 -0.000997555 0.008612754 0.162977293 0.001495112 0.005183542 0.000645967 0.999985218
1783355628823909120.000000 -0.000681770 0.008850998 0.165429473 0.001726681 0.004926624 0.000868269 0.999985993
1783355628848110848.000000 -0.000907540 0.008971157 0.168493629 0.001664834 0.004998730 0.000964399 0.999985695
1783355628879888128.000000 -0.001148534 0.009103806 0.172150269 0.001598583 0.005264396 0.001049720 0.999984324
1783355628911837184.000000 -0.000677395 0.009427783 0.176465645 0.001776744 0.005033677 0.001055489 0.999985218
1783355628939937024.000000 -0.000330875 0.009434612 0.179181516 0.001722615 0.004693693 0.001238821 0.999986768
1783355628971931904.000000 -0.000891686 0.009660923 0.182962641 0.001622386 0.004768030 0.001418211 0.999986410
1783355629003886848.000000 -0.000311063 0.010576542 0.194448307 0.001937021 0.004510366 0.001543730 0.999986827
1783355629027915008.000000 -0.000234855 0.010588492 0.197078198 0.001726235 0.004459810 0.001727115 0.999987066
1783355629056081152.000000 -0.000302334 0.010860386 0.200399324 0.001853499 0.004456277 0.001914463 0.999986589
1783355629087958016.000000 -0.000464478 0.010493527 0.197773322 0.001844609 0.004137455 0.001796983 0.999988139
1783355629119918080.000000 -0.000430599 0.010770743 0.202117920 0.001778074 0.003965667 0.001902875 0.999988794
1783355629155945984.000000 -0.000691554 0.010776016 0.206099167 0.001815695 0.004008744 0.001936619 0.999988496
1783355629179955968.000000 -0.000306872 0.011275749 0.209604084 0.001979953 0.003971264 0.002069384 0.999988079
1783355629211918080.000000 -0.000390515 0.011593759 0.213712156 0.001913216 0.004151461 0.002096431 0.999987423
1783355629236023808.000000 -0.000284015 0.011846541 0.216783792 0.002066599 0.004009922 0.002235349 0.999987364
1783355629271929088.000000 -0.000190204 0.012104236 0.221284077 0.002054446 0.004068537 0.002151409 0.999987304
1783355629295979008.000000 -0.000255256 0.011992529 0.223948628 0.002036267 0.004209635 0.002096155 0.999986947
1783355629327922944.000000 -0.000372662 0.012284372 0.228296801 0.002225369 0.004323568 0.001940882 0.999986291
1783355629359934208.000000 -0.000327653 0.012449042 0.232363164 0.002110026 0.004536314 0.002068193 0.999985397
1783355629387960832.000000 -0.000370101 0.012597567 0.235221416 0.002196898 0.004608744 0.001945759 0.999985158
1783355629419968000.000000 -0.000260424 0.012895403 0.238638371 0.002254076 0.004665239 0.002104403 0.999984384
1783355629443945984.000000 -0.000135043 0.012963497 0.241527840 0.002197269 0.004872129 0.002166213 0.999983430
1783355629475920896.000000 -0.000238479 0.013028990 0.244868517 0.002372310 0.005073261 0.002093109 0.999982119
1783355629503997952.000000 -0.000245489 0.013294575 0.248755485 0.002454682 0.005181364 0.002082073 0.999981463
1783355629535994112.000000 0.000056784 0.014151097 0.259382099 0.002776398 0.005255014 0.002108685 0.999980211
1783355629567947008.000000 0.000190866 0.014398472 0.263835490 0.002970383 0.005119090 0.002137905 0.999980211
1783355629599958784.000000 -0.000113592 0.014457968 0.267737746 0.002876669 0.005513904 0.001959485 0.999978781
1783355629627984128.000000 0.000149269 0.014841133 0.271162599 0.003159760 0.005737808 0.001990324 0.999976575
1783355629652264192.000000 0.000078746 0.014553608 0.267135382 0.003211033 0.006005886 0.001901611 0.999975026
1783355629683981056.000000 0.000213267 0.014495390 0.270507038 0.003041710 0.006156466 0.001917831 0.999974668
1783355629715985920.000000 0.000345252 0.014612279 0.274536461 0.003351424 0.006120751 0.001856319 0.999973953
1783355629744013056.000000 0.000391616 0.014931887 0.277844995 0.003674924 0.006140517 0.001722420 0.999972939
1783355629776016896.000000 0.000219963 0.015321054 0.282346427 0.003762654 0.006706516 0.001687700 0.999969006
1783355629800198912.000000 0.000362032 0.015610626 0.285521537 0.004342830 0.006667323 0.001589917 0.999967158
1783355629831985920.000000 0.000448722 0.015627719 0.289419889 0.004355696 0.006563711 0.001587104 0.999967754
1783355629868046080.000000 0.000667051 0.016002283 0.293668121 0.004502064 0.006340599 0.001806738 0.999968171
1783355629892056064.000000 0.000558676 0.015978560 0.296584666 0.004793154 0.006341087 0.001673063 0.999967039
1783355629924011008.000000 0.000716082 0.016403660 0.300792456 0.004634201 0.006659665 0.001664374 0.999965787
1783355629960037120.000000 0.000880072 0.016319443 0.304800749 0.005005599 0.006737492 0.001716600 0.999963343
1783355629984076032.000000 0.000754608 0.016553532 0.307982028 0.004838959 0.006758614 0.001569801 0.999964297
1783355630016025088.000000 0.000570320 0.016528476 0.310783595 0.004910437 0.006798618 0.001846994 0.999963164
1783355630047998976.000000 0.000364003 0.016574025 0.314793617 0.005018469 0.006714254 0.001666870 0.999963522
1783355630076071936.000000 0.000223730 0.016705330 0.317916423 0.004775765 0.006721537 0.001753975 0.999964535
1783355630108071936.000000 -0.000014858 0.016809128 0.321562737 0.004992741 0.006853875 0.001700941 0.999962687
1783355630140027136.000000 0.000591492 0.017345881 0.326293647 0.005144895 0.006373189 0.001717744 0.999965012
1783355630164040192.000000 0.000413170 0.017419891 0.328873992 0.005036669 0.006262639 0.001860198 0.999966025
1783355630200068864.000000 -0.000004230 0.017577160 0.333109051 0.004609133 0.006387550 0.001919639 0.999967158
1783355630224271104.000000 -0.000504115 0.017671745 0.336159945 0.004492494 0.006483863 0.001908833 0.999967098
1783355630256046080.000000 0.000571685 0.018037280 0.340436935 0.004352091 0.006154405 0.001830172 0.999969959
1783355630288068096.000000 0.000278472 0.017932385 0.343943089 0.004298758 0.005951171 0.001713140 0.999971628
1783355630316093952.000000 0.000442369 0.018602919 0.348079652 0.004202079 0.005823012 0.001770014 0.999972701
1783355630348075008.000000 0.000699228 0.018890375 0.352273136 0.003764801 0.005760757 0.001756595 0.999974787
1783355630372179968.000000 0.000714363 0.019043043 0.355690360 0.003774588 0.005763134 0.001759009 0.999974728
1783355630404092160.000000 0.000965389 0.019569598 0.360286921 0.003257592 0.005680697 0.001680361 0.999977171
1783355630432115200.000000 0.001012778 0.019750517 0.363534451 0.003099579 0.005586376 0.001679813 0.999978185
1783355630464091904.000000 0.000981044 0.019979615 0.367990404 0.002876879 0.005413617 0.001737077 0.999979734
1783355630496079872.000000 0.000626104 0.020075591 0.370839864 0.002628710 0.005515970 0.001537281 0.999980152
1783355630524113920.000000 0.000585494 0.020168299 0.373676002 0.002604715 0.005566263 0.001379245 0.999980152
1783355630556145920.000000 0.000540172 0.020378176 0.377828270 0.002299381 0.005629016 0.001382966 0.999980569
1783355630580115200.000000 0.000331448 0.020504482 0.381091595 0.002197519 0.005867762 0.001154203 0.999979734
1783355630612088064.000000 0.000597981 0.020704033 0.385120481 0.002212897 0.005851691 0.001036025 0.999979913
1783355630640121088.000000 0.000550746 0.021028988 0.388478994 0.001975766 0.006128919 0.000918709 0.999978900
1783355630672169984.000000 0.000515905 0.021100217 0.392205775 0.001730262 0.006353888 0.000987606 0.999977827
1783355630704119040.000000 0.000861785 0.021570412 0.397174299 0.001615221 0.006213662 0.000929073 0.999979019
1783355630728313856.000000 0.000634327 0.021648239 0.399893373 0.001516583 0.006385412 0.000761576 0.999978244
1783355630764146944.000000 0.000767503 0.021986358 0.404196024 0.001433477 0.006491356 0.000632722 0.999977767
1783355630788215040.000000 0.000605628 0.021901153 0.405947000 0.001210267 0.006784928 0.000456758 0.999976158
1783355630820132864.000000 0.000462148 0.022136930 0.409861922 0.000976904 0.007152322 0.000281644 0.999973953
1783355630852104960.000000 0.000510178 0.022332298 0.414253771 0.001293595 0.007122338 0.000181706 0.999973834
1783355630880172032.000000 0.000483373 0.022610331 0.417161375 0.001272139 0.007040087 0.000179692 0.999974370
1783355630912179968.000000 0.000907586 0.022892440 0.421557724 0.001170747 0.007000380 0.000290657 0.999974787
1783355630936152832.000000 0.000519167 0.023057036 0.423993498 0.001507923 0.007164615 -0.000023027 0.999973238
1783355630968125952.000000 0.000608800 0.023258951 0.427837640 0.000909116 0.007637780 0.000192166 0.999970436
1783355630996195072.000000 0.000613921 0.023307128 0.430975556 0.000877847 0.008085810 0.000243104 0.999966979
1783355631028166912.000000 0.000926624 0.023613641 0.435350001 0.001378635 0.008072217 0.000151073 0.999966502
1783355631052367872.000000 0.000928889 0.023780894 0.438181639 0.000926034 0.008327953 0.000141229 0.999964952
1783355631084152832.000000 0.000808162 0.023941282 0.441749036 0.001043224 0.008844264 0.000365961 0.999960303
1783355631112454912.000000 0.000830124 0.024090728 0.444651693 0.001055128 0.009150135 0.000191695 0.999957561
1783355631144217856.000000 0.000862867 0.024501540 0.449288547 0.000825303 0.009240358 0.000157633 0.999956965
1783355631176175104.000000 0.000702977 0.024355391 0.452800244 0.001070765 0.008905402 0.000216014 0.999959767
1783355631200175104.000000 0.000721928 0.024667604 0.455518126 0.000734098 0.008693676 0.000298121 0.999961913
1783355631236222976.000000 0.000970366 0.024901196 0.459665358 0.000580727 0.008358427 0.000577554 0.999964774
1783355631260452096.000000 0.001100388 0.025167290 0.462760121 0.000644561 0.008000984 0.000520154 0.999967694
1783355631292196864.000000 0.000903607 0.025358427 0.466339588 0.000235023 0.007800034 0.000648845 0.999969363
1783355631328207104.000000 0.001045655 0.025380693 0.470354646 0.000235471 0.007357624 0.000768408 0.999972641
1783355631352248832.000000 0.000968666 0.025685443 0.473611504 0.000308166 0.007068240 0.000758322 0.999974728
1783355631384227072.000000 0.001128554 0.026103068 0.478095353 -0.000015263 0.006855167 0.000955762 0.999976099
1783355631408390912.000000 0.001119781 0.026297040 0.481033444 0.000125313 0.006662898 0.000950362 0.999977410
1783355631444227072.000000 0.000908308 0.026385624 0.484749377 -0.000028327 0.006607746 0.000857666 0.999977827
1783355631468274176.000000 0.001112252 0.026803421 0.488312483 -0.000287854 0.006564611 0.000974728 0.999978006
1783355631500241920.000000 0.001188567 0.026852172 0.492185175 -0.000165819 0.006475667 0.000984127 0.999978542
1783355631532204032.000000 0.000982625 0.027002044 0.495465517 -0.000507547 0.006840139 0.000895425 0.999976099
1783355631560247040.000000 0.000578876 0.027131293 0.497989416 -0.000620690 0.007141869 0.000720528 0.999974072
1783355631584301056.000000 0.000527998 0.027175847 0.501095176 -0.000251906 0.007031119 0.000680826 0.999975026
1783355631616264192.000000 0.000835491 0.027403492 0.505221009 -0.000150726 0.007041006 0.000525634 0.999975085
1783355631648227840.000000 0.001223145 0.027654298 0.509807527 -0.000001304 0.007228670 0.000621125 0.999973714
1783355631676273152.000000 0.001121927 0.028010212 0.512117982 0.000153378 0.007591943 0.000500195 0.999971032
1783355631708302080.000000 0.001482381 0.028225526 0.516166627 -0.000163760 0.007883963 0.000591576 0.999968767
1783355631740255232.000000 0.000611792 0.028443888 0.519672871 0.000191580 0.008396840 0.000148311 0.999964714
1783355631764386816.000000 0.000905674 0.028932301 0.523608148 0.000291941 0.008319028 0.000226271 0.999965370
1783355631800296192.000000 0.000917040 0.029029381 0.527183592 0.000332350 0.008513711 0.000265183 0.999963701
1783355631824323840.000000 0.000985714 0.029234717 0.530282199 0.000438933 0.008752437 0.000064607 0.999961615
1783355631856280064.000000 0.001312426 0.029197572 0.534056008 0.000404805 0.009039347 0.000252479 0.999959052
1783355631888267008.000000 0.001386612 0.029535718 0.537842035 0.000721237 0.009359074 0.000131580 0.999955952
1783355631916313856.000000 0.001397433 0.029609829 0.540537715 0.000930602 0.009582233 -0.000072378 0.999953687
1783355631940598016.000000 0.001584532 0.029950248 0.544004381 0.000893985 0.009854232 -0.000096440 0.999951065
1783355631972297984.000000 0.001540345 0.030190399 0.547891021 0.001066849 0.010201449 -0.000100016 0.999947429
1783355632004285184.000000 0.001686896 0.030163664 0.551731288 0.001109025 0.010480952 -0.000258959 0.999944448
1783355632032337920.000000 0.001760592 0.030545812 0.555426002 0.001124612 0.010711282 -0.000343380 0.999942005
1783355632064315136.000000 0.001570447 0.030618131 0.559210479 0.001432437 0.010761765 -0.000486462 0.999940991
1783355632088517888.000000 0.001652475 0.030899456 0.562079370 0.001416381 0.010814089 -0.000636227 0.999940336
1783355632124339968.000000 0.001843395 0.031113006 0.566431582 0.001585410 0.010877062 -0.000654891 0.999939382
1783355632148352000.000000 0.001923100 0.031143192 0.569624841 0.001590717 0.010885004 -0.000735617 0.999939263
1783355632180337920.000000 0.001884323 0.031423803 0.573417962 0.001501840 0.010763392 -0.000659312 0.999940753
1783355632212306944.000000 0.001997830 0.031721875 0.577218771 0.001939597 0.010473325 -0.000580250 0.999943137
1783355632240348160.000000 0.002220244 0.031755012 0.580262482 0.001777362 0.010474490 -0.000530811 0.999943435
1783355632272375040.000000 0.002121144 0.032085329 0.584487915 0.001712544 0.010946958 -0.000624381 0.999938488
1783355632296361984.000000 0.002167965 0.032318033 0.587645650 0.001800798 0.011053259 -0.000611197 0.999937117
1783355632328318976.000000 0.002227467 0.032724798 0.591931880 0.001800469 0.010944345 -0.000546340 0.999938369
1783355632356360960.000000 0.002395485 0.032867715 0.594772875 0.001829968 0.010697871 -0.000383546 0.999941051
1783355632388404992.000000 0.002107284 0.032789912 0.597521603 0.001787864 0.010524843 -0.000390025 0.999942958
1783355632412507904.000000 0.002224175 0.032955106 0.600648642 0.001427477 0.010458591 -0.000340971 0.999944270
1783355632444338944.000000 0.002217189 0.033268146 0.605001152 0.001196856 0.010406791 -0.000102060 0.999945164
1783355632472624128.000000 0.002421567 0.033547789 0.608124256 0.001014176 0.010111496 -0.000018763 0.999948382
1783355632504424192.000000 0.002198270 0.033624925 0.612184286 0.000885833 0.009870322 0.000062713 0.999950945
1783355632536370944.000000 0.002380663 0.033775985 0.616546690 0.000773291 0.009274502 0.000169521 0.999956667
1783355632560578048.000000 0.002661774 0.034168441 0.619383216 0.000741938 0.009062347 0.000229620 0.999958634
1783355632596407040.000000 0.002756718 0.034275007 0.623470664 0.000474510 0.008989919 0.000286540 0.999959469
1783355632620451072.000000 0.002805531 0.034484062 0.626370728 0.000482247 0.009012569 0.000263322 0.999959290
1783355632652393984.000000 0.002754846 0.034886502 0.630555212 0.000471062 0.009091309 0.000263294 0.999958575
1783355632684366848.000000 0.002906273 0.034994546 0.634800673 0.000213004 0.009181920 0.000218271 0.999957860
1783355632712434944.000000 0.002932367 0.035172977 0.637733698 0.000182125 0.009264025 0.000226866 0.999957085
1783355632744442112.000000 0.002870780 0.035650454 0.642232358 0.000121716 0.009664378 0.000231458 0.999953270
1783355632768421888.000000 0.002779669 0.035616428 0.645029902 0.000213018 0.009842209 0.000260415 0.999951541
1783355632800388096.000000 0.002994199 0.035958041 0.649186611 0.000466169 0.009757246 0.000300082 0.999952316
1783355632828450816.000000 0.003101461 0.036085319 0.652178943 0.000198825 0.010012236 0.000204839 0.999949872
1783355632860461056.000000 0.002921940 0.036404978 0.656195223 0.000519235 0.010489824 0.000311013 0.999944806
1783355632884648960.000000 0.002958551 0.036327407 0.659216762 0.000312082 0.010796304 0.000087122 0.999941707
1783355632916418048.000000 0.003327622 0.036621436 0.663317382 0.000250511 0.010897988 0.000190175 0.999940574
1783355632944720128.000000 0.003469712 0.036690176 0.665586293 0.000422605 0.010788199 0.000111560 0.999941707
1783355632976485120.000000 0.003545383 0.036933009 0.669489622 0.000429445 0.011034977 -0.000010178 0.999939024
1783355633008438016.000000 0.003413239 0.037259396 0.673635960 0.000613335 0.011548263 -0.000428748 0.999933064
1783355633032694016.000000 0.003559318 0.037211962 0.676537991 0.000636566 0.011778422 -0.000474728 0.999930322
1783355633068482048.000000 0.003700540 0.037691288 0.680926919 0.000680481 0.012185400 -0.000338462 0.999925494
1783355633092654080.000000 0.003933728 0.037925102 0.683760881 0.001006604 0.012169059 -0.000274453 0.999925435
1783355633124460032.000000 0.003779225 0.037794776 0.687720239 0.000792021 0.011975099 -0.000458057 0.999927878
1783355633160468992.000000 0.003694553 0.038061325 0.691183925 0.001004360 0.012033614 -0.000518944 0.999926984
1783355633184515072.000000 0.003746645 0.038300667 0.694310069 0.001265248 0.012142709 -0.000488426 0.999925435
1783355633216485888.000000 0.003566322 0.038363982 0.698167741 0.001153790 0.012438950 -0.000751282 0.999921739
1783355633240679936.000000 0.003937813 0.038562953 0.700638413 0.001360820 0.012475333 -0.000593296 0.999921143
1783355633276489984.000000 0.004099153 0.038806796 0.705272555 0.001708083 0.012254067 -0.000725360 0.999923229
1783355633300791040.000000 0.004317999 0.038955666 0.708328187 0.001502588 0.012218224 -0.000642814 0.999924004
1783355633332499968.000000 0.004176485 0.038956001 0.711639762 0.001707423 0.012261151 -0.000631028 0.999923229
1783355633364471040.000000 0.004227836 0.039421145 0.715786815 0.001661781 0.012156574 -0.000714683 0.999924481
1783355633392519936.000000 0.004243230 0.039782096 0.718252778 0.001771899 0.012226685 -0.000676141 0.999923468
1783355633424540160.000000 0.004313148 0.039818767 0.722627103 0.001512535 0.012245961 -0.000483074 0.999923825
1783355633448524032.000000 0.004707114 0.039945636 0.725546062 0.001398146 0.012225476 -0.000366570 0.999924242
1783355633480483072.000000 0.005115664 0.040467896 0.730181873 0.000985563 0.012183440 0.000024106 0.999925375
1783355633508545024.000000 0.004935530 0.040439904 0.733476818 0.001054666 0.011890186 0.000002162 0.999928832
1783355633540564992.000000 0.005028193 0.040744811 0.738132775 0.001084843 0.011474183 0.000066163 0.999933600
1783355633572519168.000000 0.004758595 0.040808607 0.740860045 0.001052107 0.011344677 0.000150975 0.999935091
1783355633596561920.000000 0.004776856 0.040941909 0.743975043 0.001126281 0.011164611 0.000251396 0.999937057
1783355633624733952.000000 0.004663656 0.041199334 0.747173131 0.000733745 0.011128685 0.000331461 0.999937773
1783355633656582144.000000 0.004934217 0.041279860 0.751349151 0.000615673 0.010806417 0.000634392 0.999941289
1783355633688539136.000000 0.005131063 0.041706916 0.756433427 0.000757164 0.010447988 0.000613989 0.999945045
1783355633724570880.000000 0.005273840 0.041670587 0.759921193 0.000496421 0.010397473 0.000667367 0.999945641
1783355633748584960.000000 0.005265884 0.041858617 0.762984157 0.000695003 0.010473762 0.000576696 0.999944806
1783355633772602112.000000 0.005426132 0.042316772 0.766228557 0.000527605 0.010684864 0.000660711 0.999942601
1783355633804574976.000000 0.005235080 0.042469066 0.769275963 0.000667905 0.011056567 0.000596400 0.999938488
1783355633840578048.000000 0.005090329 0.042650707 0.773605645 0.000562485 0.011170484 0.000380268 0.999937415
1783355633864593152.000000 0.005129623 0.042915218 0.776326776 0.000519421 0.011268832 0.000326363 0.999936342
1783355633896581888.000000 0.005365385 0.043053251 0.780351341 0.000277251 0.011432872 0.000344542 0.999934614
1783355633928548096.000000 0.005389496 0.043397933 0.784650385 0.000218656 0.011512844 0.000379855 0.999933660
1783355633956579072.000000 0.005575724 0.043744680 0.787908316 0.000311099 0.011545851 0.000443406 0.999933183
1783355633980926976.000000 0.005739753 0.043840606 0.790566027 0.000254465 0.011474376 0.000323232 0.999934137
1783355634012596992.000000 0.005550902 0.044029746 0.794736922 0.000464987 0.011579043 0.000207749 0.999932885
1783355634044559104.000000 0.005556529 0.044181179 0.798109472 0.000207929 0.012024268 0.000115139 0.999927700
1783355634072602880.000000 0.005766203 0.044345353 0.800946891 0.000470754 0.012089663 0.000001515 0.999926865
1783355634104636928.000000 0.005990088 0.044730660 0.805235326 0.000527526 0.012310261 -0.000119406 0.999924123
1783355634128624896.000000 0.005891949 0.044776354 0.808253169 0.000619375 0.012536186 -0.000244427 0.999921203
1783355634160579840.000000 0.006135332 0.045005698 0.812299371 0.001066960 0.012722141 -0.000240410 0.999918520
1783355634188626176.000000 0.005971146 0.045251392 0.815584898 0.000850873 0.013145491 -0.000352666 0.999913216
1783355634220649984.000000 0.006490806 0.045627423 0.819199085 0.001118923 0.013558808 -0.000407089 0.999907434
1783355634244726016.000000 0.006185507 0.045718510 0.822677851 0.001131968 0.013916477 -0.000627378 0.999902368
1783355634276599808.000000 0.006198514 0.045732711 0.826080978 0.000790775 0.014197063 -0.000553117 0.999898732
1783355634304979968.000000 0.006293534 0.045935936 0.828801155 0.001083081 0.014311859 -0.000538259 0.999896884
1783355634336675840.000000 0.006332466 0.046166785 0.832865357 0.001098519 0.014349856 -0.000610813 0.999896288
1783355634368638976.000000 0.006565014 0.046385031 0.836858451 0.001158695 0.014389783 -0.000609700 0.999895632
1783355634392636928.000000 0.006534109 0.046436325 0.839757740 0.001159498 0.014333301 -0.000571408 0.999896467
1783355634428664064.000000 0.006767397 0.046806000 0.843975246 0.001022919 0.014083105 -0.000468520 0.999900222
1783355634452933120.000000 0.006700149 0.047060121 0.846926153 0.001190368 0.014028446 -0.000411665 0.999900818
1783355634484702208.000000 0.006617918 0.046999887 0.850972772 0.000938102 0.014091303 -0.000492425 0.999900162
1783355634516630784.000000 0.006743242 0.047375936 0.854528964 0.000683371 0.014271475 -0.000388205 0.999897897
1783355634544686080.000000 0.006604561 0.047331892 0.857480049 0.000573279 0.014203668 -0.000399671 0.999898911
1783355634576702208.000000 0.006629444 0.047754452 0.861832023 0.000709958 0.013762848 -0.000275769 0.999904990
1783355634600869888.000000 0.006892440 0.047685746 0.864539027 0.000377227 0.013627259 -0.000246758 0.999907076
1783355634632658944.000000 0.006858407 0.048003275 0.868845463 0.000503828 0.013666905 -0.000034327 0.999906480
1783355634660721920.000000 0.007173028 0.048125993 0.872051179 0.000256929 0.013655946 -0.000062648 0.999906778
1783355634692697088.000000 0.007589106 0.048425719 0.875990093 -0.000185695 0.013435802 0.000235036 0.999909699
1783355634724684032.000000 0.007328708 0.048755143 0.880212843 -0.000197185 0.012923626 0.000280262 0.999916494
1783355634748960000.000000 0.007341708 0.048751220 0.882839978 -0.000502884 0.012657462 0.000487431 0.999919653
1783355634784719104.000000 0.007623029 0.049157728 0.887137234 -0.000644298 0.012149085 0.000563777 0.999925852
1783355634808723968.000000 0.007580243 0.049312294 0.890112579 -0.000608190 0.011791648 0.000589414 0.999930143
1783355634840689920.000000 0.007684621 0.049512252 0.893821955 -0.001088437 0.011570679 0.000591388 0.999932349
1783355634868747008.000000 0.007814180 0.049718972 0.897212565 -0.000919506 0.011260526 0.000594068 0.999936044
1783355634900738048.000000 0.007772635 0.049935088 0.901266813 -0.000919113 0.011303487 0.000411881 0.999935627
1783355634932719104.000000 0.007723965 0.050057489 0.905535221 -0.001303210 0.011616618 0.000418069 0.999931633
1783355634956704000.000000 0.007795739 0.050380915 0.908707857 -0.001296952 0.011608634 0.000205014 0.999931753
1783355634985015040.000000 0.007680294 0.050588503 0.911358237 -0.001361567 0.011770141 0.000191765 0.999929786
1783355635016766976.000000 0.007518796 0.050998162 0.915622413 -0.001215624 0.011807237 0.000235090 0.999929547
1783355635048742144.000000 0.007639099 0.051064495 0.919566512 -0.001263658 0.011814609 0.000208074 0.999929368
1783355635080712192.000000 0.007748227 0.051362354 0.923720717 -0.001426889 0.012412179 0.000159317 0.999921918
1783355635108745216.000000 0.007670127 0.051459011 0.926790357 -0.001317103 0.012843022 0.000085341 0.999916673
1783355635133049856.000000 0.007893384 0.051946610 0.929806054 -0.001391081 0.013380782 0.000000896 0.999909580
1783355635164755200.000000 0.007719406 0.051994007 0.933842599 -0.001331049 0.014213392 -0.000163717 0.999898136
1783355635196728832.000000 0.007995034 0.052152414 0.937874913 -0.001115351 0.014432136 -0.000320836 0.999895215
1783355635224771072.000000 0.008124147 0.052328214 0.940832555 -0.000996101 0.014713099 -0.000438587 0.999891162
1783355635256794880.000000 0.008136400 0.052770097 0.944879174 -0.000729033 0.015142305 -0.000719497 0.999884903
1783355635280783872.000000 0.008165418 0.052787889 0.947462916 -0.000532244 0.015219125 -0.000830381 0.999883711
1783355635312742912.000000 0.008138220 0.052769877 0.951297462 -0.000672544 0.015507201 -0.001093476 0.999878943
1783355635340795904.000000 0.008480035 0.053192679 0.954536378 -0.000381498 0.015473669 -0.001101347 0.999879599
1783355635372827904.000000 0.008623916 0.053541962 0.958707035 -0.000162303 0.015527531 -0.001239546 0.999878705
1783355635404783104.000000 0.008591041 0.053745780 0.962758303 -0.000175792 0.015751731 -0.001273458 0.999875188
1783355635428958976.000000 0.008898013 0.054099821 0.965718746 0.000153520 0.015561849 -0.001377093 0.999877989
1783355635464824064.000000 0.008834374 0.053931568 0.969625831 -0.000230560 0.015615216 -0.001420773 0.999877036
1783355635488847104.000000 0.008985104 0.054153539 0.972522140 -0.000141284 0.015718775 -0.001247627 0.999875724
1783355635520792064.000000 0.009133300 0.054701138 0.976870894 0.000232213 0.015743690 -0.001288027 0.999875307
1783355635545062912.000000 0.008972912 0.054655433 0.979355574 -0.000119934 0.015916497 -0.001191638 0.999872684
1783355635573065984.000000 0.008876487 0.054683700 0.982313454 -0.000085564 0.015935395 -0.001133990 0.999872386
1783355635604857856.000000 0.008948966 0.054885663 0.986357272 0.000112616 0.015615484 -0.001079750 0.999877512
1783355635636802048.000000 0.009000336 0.055275768 0.990344107 -0.000077227 0.015707754 -0.001031459 0.999876142
1783355635660804096.000000 0.009023255 0.055320375 0.993461132 0.000029119 0.015753616 -0.001045551 0.999875426
1783355635688894976.000000 0.009202552 0.055516057 0.996506870 -0.000087436 0.015796978 -0.000961168 0.999874771
1783355635720838912.000000 0.009335482 0.055749755 1.000581503 -0.000283695 0.015795009 -0.000958830 0.999874830
1783355635745063936.000000 0.009655082 0.055768069 1.003338456 -0.000092121 0.015501603 -0.000777369 0.999879539
1783355635776817920.000000 0.009539121 0.056165248 1.007694721 0.000009616 0.015458770 -0.000900750 0.999880135
1783355635804867072.000000 0.009649571 0.056296136 1.010583758 -0.000065545 0.015583889 -0.000679961 0.999878407
1783355635836849920.000000 0.009609977 0.056611884 1.014650941 -0.000133356 0.015748922 -0.000848825 0.999875665
1783355635860851968.000000 0.009728299 0.056667276 1.017493010 -0.000279655 0.015604642 -0.000815873 0.999877930
1783355635896891136.000000 0.009928601 0.056958713 1.021682620 -0.000246958 0.015262355 -0.000758749 0.999883235
1783355635920882944.000000 0.009881943 0.057277419 1.024971485 0.000008771 0.014919084 -0.000941041 0.999888301
1783355635944905984.000000 0.009841394 0.057443045 1.027971268 0.000083433 0.014725341 -0.000810243 0.999891281
1783355635976861952.000000 0.009880992 0.057740901 1.032093763 -0.000302801 0.014685791 -0.000565372 0.999892056
1783355636001053184.000000 0.010139251 0.058127932 1.035366774 -0.000131017 0.014431648 -0.000547946 0.999895751
1783355636036904192.000000 0.010282522 0.058102872 1.039058805 -0.000434001 0.014347066 -0.000639298 0.999896824
1783355636060920064.000000 0.010451936 0.058190409 1.041825414 -0.000344043 0.014226803 -0.000539864 0.999898672
1783355636092873216.000000 0.010328088 0.058761775 1.046512485 -0.000169443 0.014169246 -0.000568015 0.999899507
1783355636116866048.000000 0.010447731 0.058698304 1.049131513 -0.000559422 0.014289025 -0.000528466 0.999897659
1783355636144928000.000000 0.010470417 0.058761645 1.052046537 -0.000489270 0.014453706 -0.000392575 0.999895394
1783355636176940032.000000 0.010712282 0.058869451 1.055964589 -0.000326906 0.014407257 -0.000529343 0.999896049
1783355636200926976.000000 0.010631325 0.058946311 1.058692813 -0.000401065 0.014815171 -0.000502061 0.999890089
1783355636232881920.000000 0.010832874 0.059247017 1.062749863 0.000052858 0.015091244 -0.000547008 0.999885976
1783355636260980992.000000 0.010843451 0.059296891 1.065691352 -0.000233049 0.015576371 -0.000586900 0.999878526
1783355636292910080.000000 0.010911618 0.059648007 1.069652200 -0.000057425 0.016067341 -0.000497316 0.999870837
1783355636316911104.000000 0.011107435 0.059674863 1.072622299 -0.000050083 0.016159508 -0.000699857 0.999869227
1783355636348898048.000000 0.011296183 0.059889276 1.076553345 0.000344042 0.016344856 -0.000876863 0.999866068
1783355636376951040.000000 0.011034546 0.060031887 1.079586387 0.000530967 0.016607709 -0.000934583 0.999861598
1783355636401107200.000000 0.011068083 0.060166176 1.082579851 0.000553282 0.016876502 -0.000885118 0.999857128
1783355636432928000.000000 0.011295884 0.060584068 1.086220741 0.000796316 0.017364701 -0.000920436 0.999848485
1783355636468962048.000000 0.011585148 0.060731269 1.090045214 0.000908392 0.017585969 -0.001001512 0.999844491
1783355636492953088.000000 0.011463339 0.060901500 1.092909575 0.001088689 0.017667066 -0.001079561 0.999842763
1783355636516987136.000000 0.011446563 0.061099235 1.095967412 0.000762449 0.017883621 -0.001115091 0.999839187
1783355636548943872.000000 0.011421406 0.061244655 1.100107193 0.001006683 0.017917950 -0.001173699 0.999838293
1783355636573255168.000000 0.011557409 0.061325893 1.102920890 0.001135734 0.017832167 -0.001254121 0.999839604
1783355636600997888.000000 0.011646410 0.061624069 1.105999947 0.000893727 0.017957598 -0.001175036 0.999837697
1783355636633007104.000000 0.012001597 0.061902147 1.110045195 0.001494610 0.017638983 -0.001005761 0.999842882
1783355636664974848.000000 0.012090029 0.062182344 1.114026904 0.001487111 0.017444445 -0.001012953 0.999846280
1783355636688968960.000000 0.012155208 0.062241256 1.116718888 0.001387668 0.017462237 -0.000925197 0.999846160
1783355636717001984.000000 0.012443798 0.062401913 1.119813800 0.001722745 0.017484106 -0.000793069 0.999845386
1783355636749007104.000000 0.012577962 0.062611572 1.123757124 0.001561049 0.017733710 -0.000869483 0.999841154
1783355636773233920.000000 0.012617163 0.062719241 1.126598120 0.001627016 0.017770760 -0.000779664 0.999840558
1783355636805000960.000000 0.012851705 0.062783033 1.130485654 0.001543335 0.017464438 -0.000743475 0.999846101
1783355636833015808.000000 0.012846314 0.063126616 1.133594513 0.001339857 0.017261416 -0.000566183 0.999849975
1783355636864986880.000000 0.012944214 0.063360721 1.138018012 0.001225486 0.017120356 -0.000344544 0.999852657
1783355636889001984.000000 0.012996274 0.063468546 1.140686989 0.001122642 0.016732434 -0.000377546 0.999859393
1783355636920975872.000000 0.013105780 0.063742079 1.144834280 0.001348481 0.016156610 -0.000280935 0.999868631
1783355636949042176.000000 0.013275577 0.063771702 1.147817731 0.000993268 0.016050698 -0.000059262 0.999870718
1783355636973304064.000000 0.013371547 0.063958675 1.150887609 0.001204478 0.016077982 -0.000116965 0.999870062
1783355637005007872.000000 0.013399738 0.064313941 1.154755950 0.000831989 0.016595138 -0.000029699 0.999861956
1783355637041029888.000000 0.013757880 0.064505711 1.158780456 0.000494987 0.016541287 0.000223680 0.999863088
1783355637065020928.000000 0.013718607 0.064704768 1.161939979 0.000811115 0.016237885 0.000277020 0.999867797
1783355637089059072.000000 0.013810812 0.064749584 1.164885879 0.000586343 0.015996737 0.000141832 0.999871910
1783355637121015040.000000 0.014095841 0.065183125 1.169064403 0.000764522 0.015569881 0.000283819 0.999878466
1783355637145148928.000000 0.013931186 0.065363728 1.172107697 0.000939965 0.015728017 0.000229793 0.999875844
1783355637173346048.000000 0.013873219 0.065404885 1.174986482 0.000768046 0.015913578 0.000117006 0.999873102
1783355637205071872.000000 0.013762295 0.065676592 1.179087162 0.001119727 0.016068440 0.000013248 0.999870300
1783355637237029120.000000 0.014228538 0.065952383 1.183026791 0.001030258 0.016067782 0.000008462 0.999870420
1783355637261063936.000000 0.014086287 0.066061184 1.186031103 0.000887775 0.016279874 0.000043575 0.999867141
1783355637289096960.000000 0.014182809 0.066151224 1.188780546 0.000722585 0.016332349 0.000166516 0.999866366
1783355637321053952.000000 0.014610371 0.066299193 1.192729115 0.000626791 0.016447728 0.000157060 0.999864519
1783355637345284864.000000 0.014812013 0.066558309 1.195698500 0.000806732 0.016507572 0.000052146 0.999863446
1783355637377078016.000000 0.014163709 0.066740833 1.199714661 0.000513774 0.016953625 -0.000134982 0.999856234
1783355637405092864.000000 0.014519546 0.066848159 1.202743769 0.000702626 0.017161526 -0.000251680 0.999852538
1783355637429327872.000000 0.014587119 0.067181297 1.205773830 0.000842112 0.017518841 -0.000323037 0.999846160
1783355637461071872.000000 0.014899422 0.067407511 1.209736705 0.000793751 0.017930826 -0.000403955 0.999838889
1783355637497093888.000000 0.014491730 0.067617789 1.213548899 0.001124303 0.018855801 -0.000732679 0.999821365
1783355637521097984.000000 0.014825567 0.067632839 1.216423392 0.001198897 0.019097038 -0.000691311 0.999816716
1783355637545111040.000000 0.014765525 0.067702979 1.219234824 0.001381846 0.019457702 -0.000966739 0.999809325
1783355637577083136.000000 0.014877877 0.068152346 1.223143816 0.001660417 0.020001324 -0.001037160 0.999798059
1783355637601104128.000000 0.015162939 0.068068139 1.225857019 0.001606954 0.020087786 -0.001041493 0.999796391
1783355637629395968.000000 0.015185101 0.068272166 1.228757262 0.001569320 0.020253519 -0.001168919 0.999792993
1783355637661139968.000000 0.015356725 0.068542145 1.232803822 0.001661713 0.020357437 -0.001180086 0.999790668
1783355637685106944.000000 0.015374511 0.068651833 1.235471487 0.002047135 0.020269198 -0.001328962 0.999791622
1783355637717084928.000000 0.015185986 0.068892501 1.239431024 0.001693811 0.020507030 -0.001419054 0.999787271
1783355637745147904.000000 0.015596990 0.069022752 1.242463470 0.001873258 0.020383788 -0.001330977 0.999789655
1783355637777149952.000000 0.015522624 0.069134034 1.246343732 0.002245964 0.019919539 -0.001515476 0.999797940
1783355637801314048.000000 0.015631258 0.069491901 1.249333382 0.002291872 0.019390306 -0.001338826 0.999808490
1783355637833110016.000000 0.015936045 0.069724523 1.253227711 0.002387369 0.019054480 -0.001513470 0.999814510
1783355637861170176.000000 0.016010307 0.069960885 1.256124258 0.002182366 0.019259840 -0.001520522 0.999810994
1783355637885436160.000000 0.016505729 0.070053577 1.258988738 0.002115163 0.019322565 -0.001461012 0.999810040
1783355637917114880.000000 0.016497010 0.070472144 1.263174415 0.002238037 0.019636311 -0.001420470 0.999803722
1783355637949163008.000000 0.016562689 0.070429675 1.267202020 0.001980899 0.019319482 -0.001194724 0.999810755
1783355637977163008.000000 0.016634293 0.070914738 1.270606875 0.001917847 0.019048328 -0.000879979 0.999816358
1783355638001154816.000000 0.016839674 0.070740677 1.273388028 0.001949196 0.018561542 -0.000660677 0.999825656
1783355638033155840.000000 0.016968364 0.071270555 1.277680159 0.001873516 0.018182095 -0.000504211 0.999832869
1783355638057317888.000000 0.017095789 0.071488015 1.280892730 0.001642476 0.018078884 -0.000259062 0.999835253
1783355638093190912.000000 0.017336525 0.071633048 1.284777999 0.001507657 0.017672345 -0.000121842 0.999842703
1783355638117176064.000000 0.017297864 0.071746089 1.287667871 0.001167522 0.017300995 -0.000019619 0.999849677
1783355638149168896.000000 0.017327793 0.071848936 1.291827083 0.001055202 0.016986061 0.000209037 0.999855220
1783355638173161984.000000 0.017338417 0.072132096 1.294657826 0.001196983 0.016711880 0.000071537 0.999859631
1783355638201484800.000000 0.017439965 0.072254322 1.297615170 0.001319737 0.016496893 0.000002002 0.999863088
1783355638233211904.000000 0.017510807 0.072493844 1.301662445 0.001553506 0.016202465 -0.000142281 0.999867618
1783355638265176064.000000 0.017436927 0.072606690 1.305577397 0.001883081 0.015813636 -0.000206054 0.999873221
1783355638289175040.000000 0.017478295 0.072847158 1.308512568 0.001574237 0.015797768 -0.000229937 0.999873996
1783355638317449984.000000 0.017766807 0.073041685 1.311500192 0.001350089 0.015849696 -0.000158957 0.999873459
1783355638349228032.000000 0.017768605 0.073280387 1.315502167 0.001305048 0.015899379 -0.000199913 0.999872744
1783355638373218048.000000 0.017885750 0.073509857 1.318463206 0.000258684 0.015386394 -0.000214604 0.999881566
1783355638405221888.000000 0.017781785 0.073711783 1.321728945 -0.002466525 0.014460146 -0.000224821 0.999892414
1783355638433229056.000000 0.017967235 0.073664911 1.323555946 -0.006146860 0.013010367 -0.000227253 0.999896526
1783355638465206016.000000 0.017894024 0.074023269 1.326925635 -0.010675710 0.011829655 -0.000202968 0.999873042
1783355638489228032.000000 0.017961303 0.074191466 1.329145789 -0.013225247 0.011694739 0.000036299 0.999844193
1783355638521240064.000000 0.017989989 0.074261874 1.331507921 -0.012745030 0.011209711 0.000125199 0.999855995
1783355638549243904.000000 0.018027021 0.074262977 1.332846045 -0.012376153 0.009849368 0.000070962 0.999874949
1783355638573491200.000000 0.017998086 0.074318402 1.334007382 -0.012420993 0.008414987 0.000248442 0.999887466
1783355638605228800.000000 0.018050350 0.074413553 1.335903525 -0.011815377 0.007399364 0.000370645 0.999902785
1783355638641272064.000000 0.018086221 0.074203379 1.336602449 -0.014001231 0.007376709 0.000152694 0.999874771
1783355638665250048.000000 0.017932571 0.074382283 1.336619377 -0.012127789 0.007693356 0.000164521 0.999896884
1783355638689285888.000000 0.017931126 0.074392296 1.336448908 -0.010280474 0.007652777 0.000252324 0.999917865
1783355638721239040.000000 0.018026581 0.074316651 1.336039186 -0.008583237 0.007415206 0.000404121 0.999935627
1783355638745552128.000000 0.018028487 0.074341282 1.335644007 -0.007264229 0.007161733 0.000295925 0.999947906
1783355638773565952.000000 0.017947560 0.074334048 1.335328221 -0.005825413 0.007261373 0.000312878 0.999956667
1783355638805260032.000000 0.017969085 0.074348122 1.335057497 -0.003642818 0.007353303 0.000381246 0.999966323
1783355638837248000.000000 0.017973537 0.074237391 1.334498286 -0.001273485 0.007395124 0.000298913 0.999971867
1783355638861295104.000000 0.018017346 0.074198283 1.334446311 0.000559158 0.007377798 0.000346352 0.999972641
1783355638889307136.000000 0.017914871 0.074172489 1.334079862 0.002207886 0.007296629 0.000132033 0.999970973
1783355638921266176.000000 0.017914658 0.074193433 1.333950877 0.002179104 0.006645644 -0.000081452 0.999975622
1783355638945505024.000000 0.017997684 0.074251622 1.333909988 0.001589198 0.006728102 0.000195084 0.999976099
1783355638977308160.000000 0.017990906 0.074281126 1.333936572 0.001358005 0.008759040 0.000433261 0.999960661
1783355639005317888.000000 0.017963463 0.074227445 1.333848834 0.000822169 0.010713028 0.000156863 0.999942303
1783355639029485824.000000 0.018030085 0.074288800 1.333783388 -0.000205431 0.014066013 -0.000056411 0.999901116
1783355639061299968.000000 0.018003939 0.074333400 1.333878398 0.001451166 0.018532520 -0.000219646 0.999827206
1783355639097310976.000000 0.018103015 0.074266128 1.335238695 0.004519223 0.022792395 -0.002200511 0.999727607
1783355639121335040.000000 0.017898872 0.074287325 1.336464763 0.003513996 0.027424745 -0.001819961 0.999616146
1783355639145345024.000000 0.017901234 0.074345291 1.338205576 0.002729823 0.031594574 -0.001803942 0.999495506
1783355639177305856.000000 0.019313345 0.074653886 1.341224670 0.003471926 0.034632090 -0.002064929 0.999392033
1783355639201338880.000000 0.019520095 0.074884042 1.343232393 0.003366321 0.034791965 -0.002090492 0.999386787
1783355639229347072.000000 0.019525366 0.075075343 1.346642017 0.003841727 0.033162825 -0.002221229 0.999440134
1783355639261358080.000000 0.019929241 0.075049825 1.349959493 0.003157652 0.029206673 -0.001975905 0.999566495
1783355639285552128.000000 0.019971937 0.075038187 1.352880239 0.003081902 0.026009815 -0.001760265 0.999655426
1783355639317348096.000000 0.019550472 0.074920297 1.356739163 0.003736520 0.021983426 -0.002016101 0.999749362
1783355639345360128.000000 0.019594643 0.075342052 1.359547973 0.003918644 0.019568786 -0.002047555 0.999798775
1783355639377330944.000000 0.019376336 0.075568810 1.363617420 0.003911610 0.017966645 -0.001743312 0.999829471
1783355639401353984.000000 0.020064360 0.075556263 1.366207123 0.003602293 0.017114600 -0.001630714 0.999845803
1783355639433331968.000000 0.019228995 0.075723343 1.370370865 0.003942361 0.017169235 -0.001863362 0.999843121
1783355639461378048.000000 0.019699197 0.075822890 1.373229384 0.003899494 0.016649880 -0.001690728 0.999852419
1783355639485400832.000000 0.020045746 0.076083988 1.376147628 0.004359382 0.016016822 -0.001604071 0.999860942
1783355639517352960.000000 0.019876044 0.076167911 1.379940748 0.003885258 0.015877271 -0.001813514 0.999864817
1783355639549345024.000000 0.019969847 0.076476581 1.383940101 0.003729974 0.016125005 -0.001611049 0.999861777
1783355639577402112.000000 0.020383829 0.077293977 1.387030125 0.004339530 0.016306467 -0.001750456 0.999856174
1783355639601413888.000000 0.019448189 0.077573255 1.389941096 0.003784001 0.017556423 -0.001771344 0.999837220
1783355639633368064.000000 0.020625602 0.077151358 1.393647909 0.003806041 0.017545708 -0.001608539 0.999837577
1783355639657504000.000000 0.020597037 0.077469967 1.396721601 0.003829355 0.017937241 -0.001548448 0.999830604
1783355639685646080.000000 0.021529986 0.077851303 1.399398923 0.003773644 0.018034294 -0.001216083 0.999829531
1783355639717389056.000000 0.021264618 0.078055099 1.403266311 0.003687237 0.018999808 -0.001307322 0.999811888
1783355639749381120.000000 0.021681812 0.077936523 1.407261848 0.003485687 0.019165354 -0.001163157 0.999809623
1783355639773381120.000000 0.021636669 0.078176245 1.409996271 0.003626896 0.019155869 -0.000928717 0.999809563
1783355639801430016.000000 0.021425551 0.078431047 1.413059711 0.003312840 0.019331735 -0.000772614 0.999807358
1783355639833416960.000000 0.022771843 0.078507826 1.416839480 0.003280409 0.018407267 -0.000401981 0.999825120
1783355639857657856.000000 0.023288678 0.078471497 1.419857740 0.003403811 0.018178754 -0.000339579 0.999828935
1783355639889388032.000000 0.022731934 0.078592323 1.423769236 0.003369450 0.018441912 -0.000841983 0.999823928
1783355639917434880.000000 0.021900233 0.078946516 1.425874472 -0.002187250 0.011035310 -0.000488379 0.999936640
1783355639949405952.000000 0.019823166 0.079795510 1.428477883 -0.007091525 0.001957427 -0.000930455 0.999972522
1783355639973419008.000000 0.020662649 0.079462156 1.430361509 -0.010182445 -0.006263994 0.000313522 0.999928534
1783355640005410048.000000 0.021308610 0.080100246 1.432084560 -0.010190621 -0.017378382 0.000490629 0.999796927
1783355640033453824.000000 0.020571722 0.079621777 1.432436109 -0.008990869 -0.023970330 0.000857456 0.999671876
1783355640057421056.000000 0.019830674 0.079141803 1.432776570 -0.007790713 -0.030561201 0.001224245 0.999501824
1783355640057421056.000000 0.019830674 0.079141803 1.432776570 -0.007790713 -0.030561201 0.001224245 0.999501824
1783355640057421056.000000 0.019830674 0.079141803 1.432776570 -0.007790713 -0.030561201 0.001224245 0.999501824
1783355640057421056.000000 0.019830674 0.079141803 1.432776570 -0.007790713 -0.030561201 0.001224245 0.999501824
1783355640057421056.000000 0.019830674 0.079141803 1.432776570 -0.007790713 -0.030561201 0.001224245 0.999501824
1783355640057421056.000000 0.019830674 0.079141803 1.432776570 -0.007790713 -0.030561201 0.001224245 0.999501824
1783355640057421056.000000 0.019830674 0.079141803 1.432776570 -0.007790713 -0.030561201 0.001224245 0.999501824
1783355640057421056.000000 0.019830674 0.079141803 1.432776570 -0.007790713 -0.030561201 0.001224245 0.999501824
1783355640057421056.000000 0.019830674 0.079141803 1.432776570 -0.007790713 -0.030561201 0.001224245 0.999501824
1783355640057421056.000000 0.019830674 0.079141803 1.432776570 -0.007790713 -0.030561201 0.001224245 0.999501824
1783355640057421056.000000 0.019830674 0.079141803 1.432776570 -0.007790713 -0.030561201 0.001224245 0.999501824
1783355640057421056.000000 0.019830674 0.079141803 1.432776570 -0.007790713 -0.030561201 0.001224245 0.999501824
1783355640057421056.000000 0.019830674 0.079141803 1.432776570 -0.007790713 -0.030561201 0.001224245 0.999501824
1783355640057421056.000000 0.019830674 0.079141803 1.432776570 -0.007790713 -0.030561201 0.001224245 0.999501824
1783355640057421056.000000 0.019830674 0.079141803 1.432776570 -0.007790713 -0.030561201 0.001224245 0.999501824
1783355640057421056.000000 0.019830674 0.079141803 1.432776570 -0.007790713 -0.030561201 0.001224245 0.999501824
1783355640057421056.000000 0.019830674 0.079141803 1.432776570 -0.007790713 -0.030561201 0.001224245 0.999501824
1783355640057421056.000000 0.019830674 0.079141803 1.432776570 -0.007790713 -0.030561201 0.001224245 0.999501824
1783355640057421056.000000 0.019830674 0.079141803 1.432776570 -0.007790713 -0.030561201 0.001224245 0.999501824
1783355640057421056.000000 0.019830674 0.079141803 1.432776570 -0.007790713 -0.030561201 0.001224245 0.999501824
1783355640057421056.000000 0.019830674 0.079141803 1.432776570 -0.007790713 -0.030561201 0.001224245 0.999501824
1783355640057421056.000000 0.019830674 0.079141803 1.432776570 -0.007790713 -0.030561201 0.001224245 0.999501824
1783355640057421056.000000 0.019830674 0.079141803 1.432776570 -0.007790713 -0.030561201 0.001224245 0.999501824
1783355640057421056.000000 0.019830674 0.079141803 1.432776570 -0.007790713 -0.030561201 0.001224245 0.999501824
1783355640057421056.000000 0.019830674 0.079141803 1.432776570 -0.007790713 -0.030561201 0.001224245 0.999501824
1783355640057421056.000000 0.019830674 0.079141803 1.432776570 -0.007790713 -0.030561201 0.001224245 0.999501824
1783355640057421056.000000 0.019830674 0.079141803 1.432776570 -0.007790713 -0.030561201 0.001224245 0.999501824
1783355640057421056.000000 0.019830674 0.079141803 1.432776570 -0.007790713 -0.030561201 0.001224245 0.999501824
1783355640057421056.000000 0.019830674 0.079141803 1.432776570 -0.007790713 -0.030561201 0.001224245 0.999501824
1783355640057421056.000000 0.019830674 0.079141803 1.432776570 -0.007790713 -0.030561201 0.001224245 0.999501824
1783355640057421056.000000 0.019830674 0.079141803 1.432776570 -0.007790713 -0.030561201 0.001224245 0.999501824
1783355640057421056.000000 0.019830674 0.079141803 1.432776570 -0.007790713 -0.030561201 0.001224245 0.999501824
1783355640057421056.000000 0.019830674 0.079141803 1.432776570 -0.007790713 -0.030561201 0.001224245 0.999501824
1783355640977766912.000000 0.021197516 0.078076117 1.402900696 -0.011177278 0.021274623 -0.000738254 0.999710917
1783355641009562112.000000 0.020641468 0.077854745 1.397576213 -0.009965181 0.019042343 -0.000951713 0.999768615
1783355641069572096.000000 0.020654334 0.077060424 1.387047172 -0.009161818 0.014586218 -0.001047428 0.999851167
1783355641093584896.000000 0.020552268 0.076946944 1.382951140 -0.008552328 0.012915684 -0.001135173 0.999879360
1783355641125575168.000000 0.020392645 0.076656975 1.377093434 -0.007110489 0.011320123 -0.001060560 0.999910116
1783355641149615104.000000 0.021104002 0.076407507 1.372692108 -0.006736078 0.010071104 -0.000970937 0.999926150
1783355641177696000.000000 0.020136870 0.076151729 1.368258476 -0.005680480 0.010147536 -0.001163168 0.999931693
1783355641209608192.000000 0.019647352 0.075596124 1.362724543 -0.004213576 0.009985054 -0.001274142 0.999940455
1783355641233788928.000000 0.020643955 0.075633183 1.358293772 -0.002182475 0.009090149 -0.001074377 0.999955773
1783355641269628928.000000 0.019486448 0.075131215 1.353209257 0.002632330 0.009344333 -0.001173899 0.999952197
1783355641293651968.000000 0.019819599 0.074729681 1.349427819 0.006324847 0.008686689 -0.001780862 0.999940693
1783355641317733120.000000 0.019535016 0.074822336 1.346909642 0.004838679 0.008334131 -0.001595725 0.999952376
1783355641349620224.000000 0.019438043 0.074548028 1.344053388 0.003660005 0.009085738 -0.001030131 0.999951541
1783355641385676032.000000 0.019281367 0.074435480 1.342269182 0.002787540 0.008872299 -0.000768722 0.999956489
1783355641409650944.000000 0.019403195 0.074634738 1.340901971 0.002267412 0.008266006 -0.000905838 0.999962866
1783355641433676032.000000 0.019185485 0.074652851 1.339540720 0.002067895 0.007956531 -0.000691608 0.999966025
1783355641465639168.000000 0.019279033 0.074458696 1.337600470 0.001763000 0.007212757 -0.000520400 0.999972284
1783355641489659904.000000 0.019226769 0.074450582 1.336137533 0.002003174 0.006627305 -0.000548960 0.999975920
1783355641517988864.000000 0.019258020 0.074403435 1.334721804 0.002249929 0.006092547 -0.000310517 0.999978900
1783355641549652224.000000 0.019336497 0.074219674 1.332797408 0.002529106 0.005577552 -0.000397218 0.999981225
1783355641581660928.000000 0.019464511 0.073956169 1.330568910 0.002630430 0.004958182 -0.000345764 0.999984264
1783355641605683968.000000 0.019414198 0.073952302 1.329173565 0.003183554 0.003821970 -0.000625042 0.999987423
1783355641633702912.000000 0.019152593 0.073815845 1.328684807 0.005747109 0.003984594 -0.001728388 0.999974132
1783355641665661184.000000 0.018964749 0.074052289 1.328631997 0.003085196 0.004844480 -0.001133078 0.999982893
1783355641689671936.000000 0.019452186 0.073967077 1.329059839 0.000411079 0.004790777 -0.000351132 0.999988437
1783355641721702144.000000 0.019406976 0.073932424 1.329591036 -0.001975735 0.004972644 -0.000689541 0.999985456
1783355641749712896.000000 0.019279307 0.074003920 1.330002308 -0.003467480 0.004967720 -0.000971949 0.999981225
1783355641781677056.000000 0.019375885 0.074067123 1.330482602 -0.005615629 0.004701473 -0.000688906 0.999972939
1783355641805680896.000000 0.019422034 0.074092217 1.330864787 -0.007324859 0.004377837 -0.000589166 0.999963403
1783355641841721088.000000 0.019409742 0.074184723 1.331180930 -0.009563869 0.003710103 -0.000612017 0.999947250
1783355641865707008.000000 0.019362180 0.074188784 1.331375122 -0.011338137 0.003253535 -0.000656243 0.999930263
1783355641889779200.000000 0.019426921 0.074170277 1.331608057 -0.012080263 0.002976149 -0.000393770 0.999922514
1783355641921708032.000000 0.019453142 0.074185140 1.331765413 -0.011894090 0.002631109 -0.000281583 0.999925792
1783355641957728000.000000 0.019413337 0.074216835 1.331905484 -0.010701412 0.005549630 -0.000730506 0.999927104
1783355641981736960.000000 0.019173183 0.074126415 1.331901789 -0.009628025 0.013726789 -0.000775113 0.999859154
1783355642005762048.000000 0.019595642 0.074443318 1.332705379 -0.009000173 0.026259886 -0.001012559 0.999614179
1783355642037703936.000000 0.018960165 0.074100934 1.331094861 -0.008924301 0.046708204 -0.001841912 0.998867035
1783355642061911040.000000 0.019095337 0.074146718 1.331506252 -0.008368992 0.063248821 -0.002602848 0.997959375
1783355642090029056.000000 0.019254431 0.074146852 1.332260609 -0.008166922 0.080130607 -0.003253696 0.996745646
1783355642121739008.000000 0.019253291 0.074114054 1.332049608 -0.007541324 0.102900878 -0.004142216 0.994654417
1783355642145901056.000000 0.019214410 0.074116185 1.332161903 -0.006751356 0.119928986 -0.005139648 0.992746234
1783355642177757952.000000 0.019242687 0.074105270 1.332068443 -0.006154022 0.142372504 -0.005812566 0.989776969
1783355642205769984.000000 0.019265434 0.074108593 1.331762433 -0.005883718 0.159222886 -0.006667725 0.987202644
1783355642229906176.000000 0.019373802 0.074055180 1.331010342 -0.005326578 0.176067218 -0.007716895 0.984333515
1783355642261733888.000000 0.019352429 0.074034072 1.330855012 -0.004249331 0.198651955 -0.008969264 0.980019867
1783355642293760000.000000 0.019007623 0.073987320 1.330145717 -0.002911682 0.221193582 -0.010696228 0.975166917
1783355642321799936.000000 0.018777024 0.074085228 1.329805851 -0.001758214 0.238271877 -0.011987648 0.971122980
1783355642345766912.000000 0.018807687 0.074345820 1.330162406 -0.000592538 0.254982531 -0.012624050 0.966863096
1783355642377741056.000000 0.018790923 0.074027635 1.329990149 0.000527949 0.277409434 -0.014755047 0.960638344
1783355642401787904.000000 0.020169497 0.074171402 1.330378056 0.000390708 0.292670667 -0.015607592 0.956085861
1783355642429815040.000000 0.018709764 0.074002348 1.328841686 0.000095409 0.308668792 -0.015716227 0.951039791
1783355642461776896.000000 0.018360525 0.074006654 1.328578830 -0.000610792 0.329659581 -0.016573863 0.943954170
1783355642485786880.000000 0.018541902 0.074138753 1.329275966 -0.001060989 0.346068293 -0.016846694 0.938057542
1783355642517803008.000000 0.017920032 0.074038923 1.326894403 -0.001238596 0.367946535 -0.018091712 0.929670155
1783355642545830912.000000 0.018391311 0.074039996 1.328809977 -0.001236754 0.384931624 -0.018430350 0.922760248
1783355642569961984.000000 0.018133759 0.073907405 1.329378009 -0.001421545 0.400977552 -0.019911716 0.915870368
1783355642601787136.000000 0.015455484 0.074066013 1.327621698 -0.001482065 0.422680378 -0.021578729 0.906020701
1783355642633820928.000000 0.012063175 0.073944129 1.327589512 -0.001705523 0.445475459 -0.021434948 0.895035923
1783355642661827072.000000 0.011471927 0.073418751 1.331802726 -0.002081199 0.462643653 -0.023490671 0.886230588
1783355642685825024.000000 0.010388106 0.073312365 1.331026435 -0.002269827 0.477294475 -0.026766276 0.878332734
1783355642717804800.000000 0.006491542 0.069539942 1.324714780 -0.003600284 0.496386409 -0.025585890 0.867717147
1783355642741799168.000000 0.006230652 0.072983608 1.325976968 -0.002606097 0.512356460 -0.029617814 0.858258128
1783355642741799168.000000 0.006230652 0.072983608 1.325976968 -0.002606097 0.512356460 -0.029617814 0.858258128
1783355642741799168.000000 0.006230652 0.072983608 1.325976968 -0.002606097 0.512356460 -0.029617814 0.858258128
1783355642741799168.000000 0.006230652 0.072983608 1.325976968 -0.002606097 0.512356460 -0.029617814 0.858258128
1783355642741799168.000000 0.006230652 0.072983608 1.325976968 -0.002606097 0.512356460 -0.029617814 0.858258128
1783355642741799168.000000 0.006230652 0.072983608 1.325976968 -0.002606097 0.512356460 -0.029617814 0.858258128
1783355642741799168.000000 0.006230652 0.072983608 1.325976968 -0.002606097 0.512356460 -0.029617814 0.858258128
1783355642741799168.000000 0.006230652 0.072983608 1.325976968 -0.002606097 0.512356460 -0.029617814 0.858258128
1783355642741799168.000000 0.006230652 0.072983608 1.325976968 -0.002606097 0.512356460 -0.029617814 0.858258128
1783355642741799168.000000 0.006230652 0.072983608 1.325976968 -0.002606097 0.512356460 -0.029617814 0.858258128
1783355642741799168.000000 0.006230652 0.072983608 1.325976968 -0.002606097 0.512356460 -0.029617814 0.858258128
1783355642741799168.000000 0.006230652 0.072983608 1.325976968 -0.002606097 0.512356460 -0.029617814 0.858258128
1783355642741799168.000000 0.006230652 0.072983608 1.325976968 -0.002606097 0.512356460 -0.029617814 0.858258128
1783355642741799168.000000 0.006230652 0.072983608 1.325976968 -0.002606097 0.512356460 -0.029617814 0.858258128
1783355642741799168.000000 0.006230652 0.072983608 1.325976968 -0.002606097 0.512356460 -0.029617814 0.858258128
1783355642741799168.000000 0.006230652 0.072983608 1.325976968 -0.002606097 0.512356460 -0.029617814 0.858258128
1783355642741799168.000000 0.006230652 0.072983608 1.325976968 -0.002606097 0.512356460 -0.029617814 0.858258128
1783355642741799168.000000 0.006230652 0.072983608 1.325976968 -0.002606097 0.512356460 -0.029617814 0.858258128
1783355642741799168.000000 0.006230652 0.072983608 1.325976968 -0.002606097 0.512356460 -0.029617814 0.858258128
1783355642741799168.000000 0.006230652 0.072983608 1.325976968 -0.002606097 0.512356460 -0.029617814 0.858258128
1783355642741799168.000000 0.006230652 0.072983608 1.325976968 -0.002606097 0.512356460 -0.029617814 0.858258128
1783355642741799168.000000 0.006230652 0.072983608 1.325976968 -0.002606097 0.512356460 -0.029617814 0.858258128
1783355642741799168.000000 0.006230652 0.072983608 1.325976968 -0.002606097 0.512356460 -0.029617814 0.858258128
1783355642741799168.000000 0.006230652 0.072983608 1.325976968 -0.002606097 0.512356460 -0.029617814 0.858258128
1783355642741799168.000000 0.006230652 0.072983608 1.325976968 -0.002606097 0.512356460 -0.029617814 0.858258128
1783355642741799168.000000 0.006230652 0.072983608 1.325976968 -0.002606097 0.512356460 -0.029617814 0.858258128
1783355642741799168.000000 0.006230652 0.072983608 1.325976968 -0.002606097 0.512356460 -0.029617814 0.858258128
1783355642741799168.000000 0.006230652 0.072983608 1.325976968 -0.002606097 0.512356460 -0.029617814 0.858258128
1783355642741799168.000000 0.006230652 0.072983608 1.325976968 -0.002606097 0.512356460 -0.029617814 0.858258128
1783355642741799168.000000 0.006230652 0.072983608 1.325976968 -0.002606097 0.512356460 -0.029617814 0.858258128
1783355642741799168.000000 0.006230652 0.072983608 1.325976968 -0.002606097 0.512356460 -0.029617814 0.858258128
1783355642741799168.000000 0.006230652 0.072983608 1.325976968 -0.002606097 0.512356460 -0.029617814 0.858258128
1783355642741799168.000000 0.006230652 0.072983608 1.325976968 -0.002606097 0.512356460 -0.029617814 0.858258128
1783355642741799168.000000 0.006230652 0.072983608 1.325976968 -0.002606097 0.512356460 -0.029617814 0.858258128
1783355642741799168.000000 0.006230652 0.072983608 1.325976968 -0.002606097 0.512356460 -0.029617814 0.858258128
1783355642741799168.000000 0.006230652 0.072983608 1.325976968 -0.002606097 0.512356460 -0.029617814 0.858258128
1783355642741799168.000000 0.006230652 0.072983608 1.325976968 -0.002606097 0.512356460 -0.029617814 0.858258128
1783355642741799168.000000 0.006230652 0.072983608 1.325976968 -0.002606097 0.512356460 -0.029617814 0.858258128
1783355642741799168.000000 0.006230652 0.072983608 1.325976968 -0.002606097 0.512356460 -0.029617814 0.858258128
1783355642741799168.000000 0.006230652 0.072983608 1.325976968 -0.002606097 0.512356460 -0.029617814 0.858258128
1783355642741799168.000000 0.006230652 0.072983608 1.325976968 -0.002606097 0.512356460 -0.029617814 0.858258128
1783355642741799168.000000 0.006230652 0.072983608 1.325976968 -0.002606097 0.512356460 -0.029617814 0.858258128
1783355642741799168.000000 0.006230652 0.072983608 1.325976968 -0.002606097 0.512356460 -0.029617814 0.858258128
1783355642741799168.000000 0.006230652 0.072983608 1.325976968 -0.002606097 0.512356460 -0.029617814 0.858258128
1783355642741799168.000000 0.006230652 0.072983608 1.325976968 -0.002606097 0.512356460 -0.029617814 0.858258128
1783355642741799168.000000 0.006230652 0.072983608 1.325976968 -0.002606097 0.512356460 -0.029617814 0.858258128
1783355642741799168.000000 0.006230652 0.072983608 1.325976968 -0.002606097 0.512356460 -0.029617814 0.858258128
1783355642741799168.000000 0.006230652 0.072983608 1.325976968 -0.002606097 0.512356460 -0.029617814 0.858258128
1783355642741799168.000000 0.006230652 0.072983608 1.325976968 -0.002606097 0.512356460 -0.029617814 0.858258128
1783355642741799168.000000 0.006230652 0.072983608 1.325976968 -0.002606097 0.512356460 -0.029617814 0.858258128
1783355642741799168.000000 0.006230652 0.072983608 1.325976968 -0.002606097 0.512356460 -0.029617814 0.858258128
1783355642741799168.000000 0.006230652 0.072983608 1.325976968 -0.002606097 0.512356460 -0.029617814 0.858258128
1783355642741799168.000000 0.006230652 0.072983608 1.325976968 -0.002606097 0.512356460 -0.029617814 0.858258128
1783355642741799168.000000 0.006230652 0.072983608 1.325976968 -0.002606097 0.512356460 -0.029617814 0.858258128
1783355642741799168.000000 0.006230652 0.072983608 1.325976968 -0.002606097 0.512356460 -0.029617814 0.858258128
1783355642741799168.000000 0.006230652 0.072983608 1.325976968 -0.002606097 0.512356460 -0.029617814 0.858258128
1783355642741799168.000000 0.006230652 0.072983608 1.325976968 -0.002606097 0.512356460 -0.029617814 0.858258128
1783355642741799168.000000 0.006230652 0.072983608 1.325976968 -0.002606097 0.512356460 -0.029617814 0.858258128
1783355642741799168.000000 0.006230652 0.072983608 1.325976968 -0.002606097 0.512356460 -0.029617814 0.858258128
1783355642741799168.000000 0.006230652 0.072983608 1.325976968 -0.002606097 0.512356460 -0.029617814 0.858258128
1783355642741799168.000000 0.006230652 0.072983608 1.325976968 -0.002606097 0.512356460 -0.029617814 0.858258128
1783355642741799168.000000 0.006230652 0.072983608 1.325976968 -0.002606097 0.512356460 -0.029617814 0.858258128
1783355642741799168.000000 0.006230652 0.072983608 1.325976968 -0.002606097 0.512356460 -0.029617814 0.858258128
1783355642741799168.000000 0.006230652 0.072983608 1.325976968 -0.002606097 0.512356460 -0.029617814 0.858258128
1783355642741799168.000000 0.006230652 0.072983608 1.325976968 -0.002606097 0.512356460 -0.029617814 0.858258128
1783355642741799168.000000 0.006230652 0.072983608 1.325976968 -0.002606097 0.512356460 -0.029617814 0.858258128
1783355642741799168.000000 0.006230652 0.072983608 1.325976968 -0.002606097 0.512356460 -0.029617814 0.858258128
1783355642741799168.000000 0.006230652 0.072983608 1.325976968 -0.002606097 0.512356460 -0.029617814 0.858258128
1783355642741799168.000000 0.006230652 0.072983608 1.325976968 -0.002606097 0.512356460 -0.029617814 0.858258128
1783355642741799168.000000 0.006230652 0.072983608 1.325976968 -0.002606097 0.512356460 -0.029617814 0.858258128
1783355642741799168.000000 0.006230652 0.072983608 1.325976968 -0.002606097 0.512356460 -0.029617814 0.858258128
1783355642741799168.000000 0.006230652 0.072983608 1.325976968 -0.002606097 0.512356460 -0.029617814 0.858258128
1783355642741799168.000000 0.006230652 0.072983608 1.325976968 -0.002606097 0.512356460 -0.029617814 0.858258128
1783355642741799168.000000 0.006230652 0.072983608 1.325976968 -0.002606097 0.512356460 -0.029617814 0.858258128
1783355642741799168.000000 0.006230652 0.072983608 1.325976968 -0.002606097 0.512356460 -0.029617814 0.858258128
1783355642741799168.000000 0.006230652 0.072983608 1.325976968 -0.002606097 0.512356460 -0.029617814 0.858258128
1783355642741799168.000000 0.006230652 0.072983608 1.325976968 -0.002606097 0.512356460 -0.029617814 0.858258128
1783355642741799168.000000 0.006230652 0.072983608 1.325976968 -0.002606097 0.512356460 -0.029617814 0.858258128
1783355642741799168.000000 0.006230652 0.072983608 1.325976968 -0.002606097 0.512356460 -0.029617814 0.858258128
1783355642741799168.000000 0.006230652 0.072983608 1.325976968 -0.002606097 0.512356460 -0.029617814 0.858258128
1783355642741799168.000000 0.006230652 0.072983608 1.325976968 -0.002606097 0.512356460 -0.029617814 0.858258128
1783355642741799168.000000 0.006230652 0.072983608 1.325976968 -0.002606097 0.512356460 -0.029617814 0.858258128
1783355642741799168.000000 0.006230652 0.072983608 1.325976968 -0.002606097 0.512356460 -0.029617814 0.858258128
1783355642741799168.000000 0.006230652 0.072983608 1.325976968 -0.002606097 0.512356460 -0.029617814 0.858258128
1783355642741799168.000000 0.006230652 0.072983608 1.325976968 -0.002606097 0.512356460 -0.029617814 0.858258128
1783355642741799168.000000 0.006230652 0.072983608 1.325976968 -0.002606097 0.512356460 -0.029617814 0.858258128
1783355642741799168.000000 0.006230652 0.072983608 1.325976968 -0.002606097 0.512356460 -0.029617814 0.858258128
1783355642741799168.000000 0.006230652 0.072983608 1.325976968 -0.002606097 0.512356460 -0.029617814 0.858258128
1783355642741799168.000000 0.006230652 0.072983608 1.325976968 -0.002606097 0.512356460 -0.029617814 0.858258128
1783355642741799168.000000 0.006230652 0.072983608 1.325976968 -0.002606097 0.512356460 -0.029617814 0.858258128
1783355642741799168.000000 0.006230652 0.072983608 1.325976968 -0.002606097 0.512356460 -0.029617814 0.858258128
1783355642741799168.000000 0.006230652 0.072983608 1.325976968 -0.002606097 0.512356460 -0.029617814 0.858258128
1783355642741799168.000000 0.006230652 0.072983608 1.325976968 -0.002606097 0.512356460 -0.029617814 0.858258128
1783355642741799168.000000 0.006230652 0.072983608 1.325976968 -0.002606097 0.512356460 -0.029617814 0.858258128
1783355642741799168.000000 0.006230652 0.072983608 1.325976968 -0.002606097 0.512356460 -0.029617814 0.858258128
1783355642741799168.000000 0.006230652 0.072983608 1.325976968 -0.002606097 0.512356460 -0.029617814 0.858258128
1783355642741799168.000000 0.006230652 0.072983608 1.325976968 -0.002606097 0.512356460 -0.029617814 0.858258128
1783355642741799168.000000 0.006230652 0.072983608 1.325976968 -0.002606097 0.512356460 -0.029617814 0.858258128
1783355642741799168.000000 0.006230652 0.072983608 1.325976968 -0.002606097 0.512356460 -0.029617814 0.858258128
1783355642741799168.000000 0.006230652 0.072983608 1.325976968 -0.002606097 0.512356460 -0.029617814 0.858258128
