1783356114053303040.000000 0.000000000 0.000000000 0.000000000 -0.000000000 -0.000000000 -0.000000000 1.000000000
1783356114285326080.000000 0.001772354 0.002352631 0.031992402 -0.002739188 0.038030718 0.000399882 0.999272764
1783356114457315072.000000 0.003690568 0.004537665 0.070512176 -0.000924451 0.016683545 0.001134344 0.999859750
1783356114517637120.000000 0.003965967 0.005331321 0.083983190 -0.000217676 0.011240501 0.001469121 0.999935746
1783356114585335040.000000 0.004207789 0.006123974 0.099165082 0.000173574 0.009365365 0.001909081 0.999954283
1783356114641321984.000000 0.004450968 0.006950604 0.112837479 -0.000002588 0.010397214 0.002406326 0.999943078
1783356114701352960.000000 0.004592885 0.007546994 0.126059204 0.000459166 0.011581565 0.002342933 0.999930084
1783356114757328896.000000 0.004778470 0.008289161 0.139328644 0.001302924 0.012762533 0.002005588 0.999915719
1783356114817374976.000000 0.005063379 0.009081365 0.152735814 0.001931358 0.014487503 0.001450912 0.999892175
1783356114933389824.000000 0.005824056 0.010581614 0.179327875 0.002294706 0.016418677 0.001496358 0.999861479
1783356115021348864.000000 0.006494960 0.011572622 0.200120166 0.001344636 0.015754076 0.002510027 0.999871850
1783356115113360896.000000 0.007391637 0.012772517 0.221378013 0.000090988 0.014724942 0.004060395 0.999883354
1783356115197433088.000000 0.007603012 0.013756226 0.240084916 0.000673164 0.014577333 0.003945217 0.999885738
1783356115289427968.000000 0.008081155 0.014820237 0.260578662 0.002286712 0.016568201 0.003252447 0.999854863
1783356115405446144.000000 0.008840275 0.016139420 0.286648422 0.003371976 0.019940998 0.003350853 0.999789894
1783356115521469952.000000 0.009986530 0.017613985 0.313081324 0.003258001 0.018899688 0.004652925 0.999805272
1783356115637584896.000000 0.010726769 0.018837150 0.339592934 0.004048508 0.018717716 0.004664270 0.999805748
1783356115753799936.000000 0.011372028 0.020241350 0.365453035 0.004833604 0.020874061 0.002914465 0.999766231
1783356115901453056.000000 0.012420145 0.022276824 0.399836510 0.002249310 0.019406486 0.002648299 0.999805629
1783356116049430016.000000 0.013514991 0.024258530 0.434322238 -0.000269765 0.020268170 0.003329131 0.999789000
1783356116193511936.000000 0.014661015 0.026214171 0.466335088 0.000648472 0.020773251 0.002065035 0.999781847
1783356116341522944.000000 0.015822733 0.027966792 0.499668181 0.000837707 0.023320224 0.001997888 0.999725699
1783356116489507072.000000 0.017547486 0.030074587 0.533663034 0.000636645 0.022918159 0.002515336 0.999733984
1783356116641520128.000000 0.018474566 0.031884525 0.567245364 0.001260206 0.024183854 0.001158704 0.999706089
1783356116781591040.000000 0.020017538 0.033620749 0.599151433 0.001143539 0.026371069 0.001227265 0.999650836
1783356116929565952.000000 0.021535581 0.035426147 0.633373678 0.000128854 0.024684537 0.002347226 0.999692500
1783356117105582848.000000 0.023339516 0.037584245 0.672155201 0.001490036 0.025279744 0.001510331 0.999678195
1783356117285566208.000000 0.025371913 0.040019497 0.713659227 0.000890691 0.027929749 0.001716642 0.999608040
1783356117461636096.000000 0.027119270 0.042219006 0.753128827 -0.000488445 0.025397507 0.002113659 0.999675095
1783356117669627904.000000 0.029276121 0.044891663 0.799817681 -0.000413258 0.028429938 0.000981551 0.999595225
1783356117901632000.000000 0.031923618 0.047989011 0.852881491 -0.001260929 0.027903482 0.001597794 0.999608576
1783356118097628160.000000 0.034044247 0.050424542 0.897472382 0.000420834 0.031605404 0.000346311 0.999500275
1783356118337668864.000000 0.036171213 0.053319026 0.951485455 -0.000480784 0.018526934 0.002632401 0.999824762
1783356118581720064.000000 0.038858492 0.055955388 1.005273104 0.001009621 0.040797103 0.000630405 0.999166727
1783356118777754112.000000 0.041824460 0.058504038 1.050389647 0.000579254 0.032572899 0.000953812 0.999468744
1783356119009906176.000000 0.043547243 0.060630474 1.085235000 -0.013072254 0.034261111 0.001151380 0.999326766
1783356119781810944.000000 0.045134190 0.061630514 1.106961370 -0.001397173 0.035434779 0.000317731 0.999370992
1783356120098074880.000000 0.046706636 0.062054463 1.120227933 0.001487990 0.042521052 0.000181645 0.999094427
1783356120685923072.000000 0.049664769 0.064833745 1.171782017 0.003775039 0.029454120 0.000739696 0.999558747
1783356120974082048.000000 0.048726484 0.065464914 1.182435632 -0.006759917 -0.027889617 0.002399484 0.999585271
1783356121297918208.000000 0.048687678 0.065369189 1.181521893 -0.003088337 -0.023236180 0.002143569 0.999722958
1783356121614209024.000000 0.049460977 0.064937845 1.174631000 0.004491757 0.029113080 -0.000188843 0.999566019
1783356122046381056.000000 0.046846706 0.063183181 1.133359551 -0.011216732 0.029656509 0.001648481 0.999495864
1783356122486076160.000000 0.045593537 0.061661135 1.105773449 -0.006867856 0.020431481 0.001868856 0.999765933
1783356122890272000.000000 0.045219503 0.061540872 1.104225993 -0.000414311 0.093755342 -0.001612077 0.995593905
1783356123298140928.000000 0.047223002 0.061996646 1.105375171 -0.001521666 0.363376945 -0.014985884 0.931520402
