1783356114285326080.000000 0.001772354 0.002352631 0.031992402 -0.002739188 0.038030714 0.000399882 0.999272764
1783356114369619968.000000 0.002096875 0.005420928 0.060890120 -0.000734781 0.031773832 -0.001457391 0.999493778
1783356114401374976.000000 0.002422894 0.005574120 0.069672488 -0.000333889 0.026379479 -0.000592769 0.999651790
1783356114433300992.000000 0.003397214 0.006478436 0.080373757 -0.000634952 0.021329708 -0.000336795 0.999772251
1783356114457315072.000000 0.003690568 0.004537665 0.070512183 -0.000924451 0.016683545 0.001134344 0.999859750
1783356114493367040.000000 0.002946037 0.007590618 0.096148178 0.000658368 0.014763871 -0.000740993 0.999890566
1783356114517637120.000000 0.003965967 0.005331321 0.083983190 -0.000217676 0.011240501 0.001469121 0.999935746
1783356114549331968.000000 0.004154394 0.005923245 0.093118027 0.000028966 0.009772617 0.001557915 0.999951124
1783356114585335040.000000 0.004207789 0.006123974 0.099165089 0.000173574 0.009365365 0.001909081 0.999954283
1783356114609383168.000000 0.003753442 0.006373664 0.105790660 -0.000134194 0.010010358 0.002059786 0.999947786
1783356114641321984.000000 0.004450968 0.006950604 0.112837493 -0.000002588 0.010397214 0.002406326 0.999943078
1783356114665602048.000000 0.004462618 0.007118834 0.119556569 0.000223715 0.010996322 0.002215159 0.999937057
1783356114701352960.000000 0.004592885 0.007546994 0.126059189 0.000459166 0.011581565 0.002342933 0.999930084
1783356114725393152.000000 0.004656089 0.007795953 0.132326618 0.000711385 0.011982233 0.002134042 0.999925673
1783356114757328896.000000 0.004778469 0.008289161 0.139328629 0.001302924 0.012762533 0.002005588 0.999915719
1783356114789304064.000000 0.004918679 0.008678372 0.148083240 0.001622794 0.013710577 0.001687029 0.999903262
1783356114817374976.000000 0.005063379 0.009081365 0.152735814 0.001931358 0.014487502 0.001450912 0.999892175
1783356114841690112.000000 0.005299510 0.009406837 0.159110427 0.002295828 0.015111146 0.001426029 0.999882162
1783356114873348864.000000 0.005474606 0.009815857 0.166300818 0.002296136 0.015855040 0.001258685 0.999870896
1783356114905345792.000000 0.005538672 0.010329287 0.174793318 0.002405995 0.016437581 0.001261301 0.999861240
1783356114933389824.000000 0.005824056 0.010581614 0.179327875 0.002294706 0.016418677 0.001496358 0.999861479
1783356114965389056.000000 0.006270407 0.011092363 0.187482178 0.002026000 0.016212065 0.001794141 0.999864936
1783356114989542912.000000 0.006267227 0.011438061 0.193737641 0.001855971 0.016090412 0.001825443 0.999867201
1783356115021348864.000000 0.006494960 0.011572622 0.200120166 0.001344636 0.015754076 0.002510027 0.999871850
1783356115049745152.000000 0.006521904 0.011864179 0.206130773 0.001053523 0.015535009 0.002963083 0.999874413
1783356115081451776.000000 0.006856035 0.012266763 0.214317083 0.000235388 0.015218212 0.003585328 0.999877751
1783356115113360896.000000 0.007391637 0.012772517 0.221378013 0.000090988 0.014724942 0.004060395 0.999883354
1783356115137545984.000000 0.007280719 0.013018990 0.227385297 0.000243795 0.014584981 0.004010323 0.999885619
1783356115173398016.000000 0.007331892 0.013518749 0.235493764 0.000614921 0.014540648 0.004009002 0.999886096
1783356115197433088.000000 0.007603011 0.013756226 0.240084916 0.000673164 0.014577333 0.003945217 0.999885738
1783356115229389824.000000 0.008063027 0.014313358 0.248588040 0.001269610 0.014936150 0.003695482 0.999880850
1783356115265392128.000000 0.008253790 0.014737323 0.256408781 0.001937638 0.015675578 0.003401448 0.999869525
1783356115289427968.000000 0.008081156 0.014820237 0.260578662 0.002286712 0.016568201 0.003252447 0.999854863
1783356115313699072.000000 0.008331363 0.015313852 0.266789645 0.002851425 0.017438995 0.003158618 0.999838948
1783356115345388032.000000 0.008367525 0.015498513 0.274059832 0.003149553 0.018682731 0.002866536 0.999816418
1783356115381412096.000000 0.008921470 0.016023133 0.282373577 0.003684164 0.019372156 0.003047681 0.999800980
1783356115405446144.000000 0.008840275 0.016139420 0.286648422 0.003371976 0.019940998 0.003350853 0.999789894
1783356115437393920.000000 0.009416819 0.016435821 0.294454962 0.003096363 0.019808864 0.004136102 0.999790430
1783356115461644032.000000 0.009015774 0.016595589 0.299851298 0.003255004 0.019779673 0.004064621 0.999790788
1783356115497409024.000000 0.009518116 0.016993839 0.307990074 0.003035721 0.019341614 0.004564142 0.999797940
1783356115521469952.000000 0.009986531 0.017613985 0.313081324 0.003258001 0.018899688 0.004652925 0.999805272
1783356115553409024.000000 0.010113797 0.017764682 0.320706606 0.003390623 0.018592359 0.004742663 0.999810219
1783356115585378048.000000 0.010106378 0.018011877 0.328439653 0.003747331 0.018426197 0.004556546 0.999812901
1783356115613419008.000000 0.010196268 0.018281231 0.334350824 0.003654317 0.018623168 0.004482863 0.999809861
1783356115637584896.000000 0.010726769 0.018837150 0.339592934 0.004048508 0.018717716 0.004664270 0.999805748
1783356115669410048.000000 0.010631177 0.019002361 0.346584886 0.004392785 0.019208556 0.004269504 0.999796748
1783356115701385984.000000 0.010947109 0.019461708 0.354443192 0.004808228 0.019740373 0.003861466 0.999786139
1783356115729455872.000000 0.011309508 0.019794852 0.360512525 0.004860303 0.020238400 0.003350008 0.999777794
1783356115753799936.000000 0.011372026 0.020241346 0.365453035 0.004833604 0.020874061 0.002914465 0.999766231
1783356115785428992.000000 0.011627290 0.020678673 0.373365879 0.004139193 0.021318797 0.002595933 0.999760866
1783356115817394944.000000 0.012159113 0.021337066 0.381917715 0.003430750 0.021116905 0.002635754 0.999767661
1783356115845453056.000000 0.012475884 0.021822797 0.387915850 0.003248046 0.020565670 0.002540477 0.999779999
1783356115869736960.000000 0.012261638 0.021799143 0.393325865 0.002542318 0.020148929 0.002382720 0.999790907
1783356115901453056.000000 0.012420145 0.022276826 0.399836510 0.002249310 0.019406486 0.002648299 0.999805629
1783356115933413888.000000 0.012951306 0.022757102 0.407879561 0.001696166 0.019043857 0.002896991 0.999813020
1783356115961481216.000000 0.013307409 0.023329619 0.414068699 0.001125878 0.019234566 0.002967470 0.999809980
1783356115985764864.000000 0.013444694 0.023489716 0.419947445 0.000833505 0.019549550 0.003200445 0.999803483
1783356116017460224.000000 0.013430457 0.024086675 0.427684784 0.000349933 0.019989373 0.003186201 0.999795079
1783356116049430016.000000 0.013514990 0.024258532 0.434322238 -0.000269765 0.020268170 0.003329131 0.999789000
1783356116077495040.000000 0.013935338 0.024461092 0.440229207 -0.000423061 0.020154189 0.003235471 0.999791563
1783356116109498112.000000 0.014212521 0.025031138 0.447986722 -0.000364846 0.020121183 0.002887447 0.999793351
1783356116133734912.000000 0.014492637 0.025561249 0.454213023 -0.000124495 0.020091144 0.002936008 0.999793828
1783356116165443840.000000 0.014568116 0.025796494 0.461172730 0.000062238 0.020449860 0.002553325 0.999787688
1783356116193511936.000000 0.014661015 0.026214171 0.466335088 0.000648472 0.020773251 0.002065035 0.999781847
1783356116225531136.000000 0.014904797 0.026696777 0.473939270 0.000977230 0.021523070 0.001835905 0.999766171
1783356116249474048.000000 0.014982886 0.026739614 0.479202896 0.000780658 0.022249620 0.001614326 0.999750853
1783356116281456896.000000 0.015291220 0.027195809 0.486673445 0.001128141 0.022859732 0.001630982 0.999736726
1783356116309536000.000000 0.015411144 0.027533343 0.492585957 0.001031874 0.023267666 0.001616236 0.999727488
1783356116341522944.000000 0.015822735 0.027966790 0.499668241 0.000837707 0.023320224 0.001997888 0.999725699
1783356116373470976.000000 0.016196018 0.028546326 0.507345498 0.000873452 0.023299465 0.002145924 0.999725878
1783356116397507072.000000 0.016205095 0.028744500 0.512896001 0.000824695 0.023369264 0.002052667 0.999724507
1783356116426024960.000000 0.016678831 0.029111534 0.518924892 0.000764311 0.023345811 0.002358580 0.999724448
1783356116457539072.000000 0.017145064 0.029663598 0.526701689 0.000572799 0.023200659 0.002596631 0.999727309
1783356116489507072.000000 0.017547484 0.030074587 0.533662975 0.000636645 0.022918159 0.002515336 0.999733984
1783356116525507072.000000 0.017660206 0.030397426 0.541148305 0.000839289 0.022641230 0.002275143 0.999740779
1783356116549544192.000000 0.018177899 0.030921264 0.547112048 0.000915761 0.022388803 0.002060083 0.999746799
1783356116573859072.000000 0.018344883 0.031181583 0.552662432 0.001116735 0.022419965 0.001816402 0.999746442
1783356116605508096.000000 0.018491708 0.031452626 0.560319722 0.001357661 0.023031322 0.001329082 0.999732971
1783356116641520128.000000 0.018474568 0.031884525 0.567245424 0.001260206 0.024183854 0.001158704 0.999706089
1783356116665563136.000000 0.019025911 0.032347601 0.572891474 0.001554832 0.024710979 0.001177031 0.999692798
1783356116697527040.000000 0.019459108 0.032868195 0.580449402 0.001474347 0.025553329 0.001159741 0.999671757
1783356116721523968.000000 0.019554343 0.032792330 0.585978270 0.001297931 0.026072389 0.001108015 0.999658585
1783356116757518080.000000 0.019888086 0.033508942 0.594195664 0.001376874 0.026453804 0.001255982 0.999648333
1783356116781591040.000000 0.020017538 0.033620752 0.599151433 0.001143539 0.026371069 0.001227265 0.999650836
1783356116813595904.000000 0.020333964 0.034138497 0.606892288 0.001016082 0.026101107 0.001614717 0.999657512
1783356116837697024.000000 0.020480083 0.034416802 0.612379909 0.000732879 0.025945047 0.001658362 0.999661744
1783356116873528064.000000 0.021036215 0.035000924 0.620249927 0.000799193 0.025468387 0.002027040 0.999673307
1783356116897592064.000000 0.021142842 0.035277847 0.626044154 0.000493511 0.025143836 0.002340226 0.999680996
1783356116929565952.000000 0.021535577 0.035426151 0.633373678 0.000128854 0.024684537 0.002347226 0.999692500
1783356116961505792.000000 0.021863261 0.035867199 0.640155613 0.000557698 0.024321251 0.002306733 0.999701440
1783356116989553920.000000 0.022090176 0.036113244 0.646226764 0.000485768 0.024029566 0.002273920 0.999708533
1783356117013603072.000000 0.021691380 0.036217678 0.652285695 0.000283579 0.024376011 0.002049947 0.999700785
1783356117045571072.000000 0.022128891 0.036761489 0.660094261 0.000631206 0.024636747 0.001905036 0.999694467
1783356117077528832.000000 0.022612642 0.037158612 0.667062521 0.001021126 0.025079455 0.001454236 0.999683857
1783356117105582848.000000 0.023339519 0.037584245 0.672155201 0.001490036 0.025279744 0.001510331 0.999678195
1783356117137594112.000000 0.023671102 0.038183112 0.679870665 0.001678758 0.025904318 0.001342516 0.999662161
1783356117169558016.000000 0.023870481 0.038564410 0.687415004 0.001876814 0.026590114 0.001019944 0.999644160
1783356117193551104.000000 0.024067067 0.038862299 0.693160653 0.001544740 0.027206948 0.001044400 0.999628127
1783356117221821952.000000 0.024458427 0.039004777 0.698809147 0.000969229 0.027579913 0.001267031 0.999618411
1783356117253618944.000000 0.025033450 0.039799325 0.706493974 0.001049575 0.027892716 0.001507406 0.999609232
1783356117285566208.000000 0.025371911 0.040019497 0.713659227 0.000890691 0.027929749 0.001716642 0.999608040
1783356117309640960.000000 0.025482282 0.040283281 0.719320416 0.000733812 0.027814146 0.002044160 0.999610782
1783356117345597952.000000 0.026003832 0.040675078 0.727118075 0.000521316 0.027052352 0.002115679 0.999631703
1783356117369960192.000000 0.026419466 0.041136559 0.732570291 0.000234728 0.026536010 0.002361706 0.999645054
1783356117401581056.000000 0.026967851 0.041532632 0.740334809 0.000019432 0.025704609 0.002432885 0.999666631
1783356117437627904.000000 0.027004726 0.042020399 0.747924745 -0.000285218 0.025438160 0.002253206 0.999673843
1783356117461636096.000000 0.027119266 0.042219006 0.753128827 -0.000488445 0.025397507 0.002113659 0.999675095
1783356117485671168.000000 0.027541963 0.042507753 0.758673728 -0.000351451 0.025357351 0.001961525 0.999676466
1783356117517606912.000000 0.027751090 0.042944435 0.766300797 -0.000047178 0.025573930 0.001663303 0.999671578
1783356117553633024.000000 0.028149681 0.043453898 0.773740232 0.000032606 0.026038427 0.001474606 0.999659896
1783356117577640960.000000 0.028075762 0.043598812 0.779879034 0.000012808 0.026721299 0.001043496 0.999642432
1783356117609612032.000000 0.028832890 0.044088464 0.786647439 -0.000005464 0.027385825 0.000933525 0.999624550
1783356117633863936.000000 0.028871728 0.044352867 0.792475879 -0.000372093 0.027966905 0.000897362 0.999608457
1783356117669627904.000000 0.029276123 0.044891659 0.799817681 -0.000413258 0.028429938 0.000981551 0.999595225
1783356117693733888.000000 0.029358597 0.045139406 0.805557966 -0.000715490 0.028836345 0.001086200 0.999583304
1783356117725622784.000000 0.029754397 0.045498531 0.813101411 -0.000658009 0.028980270 0.001348420 0.999578893
1783356117757579008.000000 0.030442558 0.046040662 0.820734382 -0.000619971 0.028687900 0.001327948 0.999587357
1783356117785628160.000000 0.030742688 0.046509620 0.826645195 -0.000850482 0.028528433 0.001623466 0.999591351
1783356117809787136.000000 0.030735945 0.046882607 0.832458317 -0.001188369 0.028385025 0.001654170 0.999594986
1783356117841639936.000000 0.031186150 0.046919134 0.840044022 -0.001594331 0.028103691 0.001622807 0.999602497
1783356117873591808.000000 0.031610843 0.047818951 0.847824991 -0.001305476 0.027811455 0.001828779 0.999610722
1783356117901632000.000000 0.031923618 0.047989007 0.852881491 -0.001260929 0.027903482 0.001597794 0.999608576
1783356117925761024.000000 0.031951245 0.048298635 0.858390987 -0.001348437 0.028204551 0.001177053 0.999600589
1783356117957643008.000000 0.032309640 0.048889905 0.866151571 -0.000849277 0.028847184 0.000661875 0.999583304
1783356117989602048.000000 0.032950841 0.049407329 0.873596668 -0.000109228 0.029403104 0.000550148 0.999567509
1783356118017637888.000000 0.033165921 0.049615223 0.879115999 0.000521310 0.029967755 0.000298984 0.999550760
1783356118041684992.000000 0.033494271 0.050038803 0.884743929 0.000879698 0.030428143 0.000203302 0.999536574
1783356118073654016.000000 0.033891652 0.050293535 0.891840756 0.000530463 0.031122230 0.000363873 0.999515474
1783356118097628160.000000 0.034044247 0.050424542 0.897472382 0.000420834 0.031605404 0.000346311 0.999500275
1783356118133684992.000000 0.034606487 0.050742991 0.904755592 0.000367921 0.031790253 0.000678874 0.999494314
1783356118157907968.000000 0.034835789 0.051185973 0.910486042 0.000424428 0.031921107 0.000926499 0.999489903
1783356118189673984.000000 0.035336297 0.051549163 0.918296754 0.000129479 0.031916484 0.001013867 0.999490023
1783356118221646080.000000 0.035374023 0.051923133 0.925572038 -0.000594596 0.030533297 0.001975599 0.999531686
1783356118249676032.000000 0.035384204 0.052282047 0.931268394 -0.002542606 0.025765944 0.001931570 0.999662936
1783356118281705984.000000 0.035604939 0.052751683 0.938797116 -0.003593881 0.019625226 0.002207596 0.999798536
1783356118305923840.000000 0.036080521 0.053046603 0.944522023 -0.002427057 0.017674306 0.003096928 0.999836087
1783356118337668864.000000 0.036171220 0.053319026 0.951485515 -0.000480784 0.018526934 0.002632401 0.999824762
1783356118366025984.000000 0.036112454 0.053627923 0.957106352 0.000356371 0.021070842 0.001714486 0.999776483
1783356118397773056.000000 0.036295634 0.053926829 0.964308202 0.001318568 0.025844792 0.001273623 0.999664307
1783356118429689856.000000 0.036749735 0.054531381 0.972108543 0.001163559 0.031210136 0.000841174 0.999511838
1783356118461702144.000000 0.037111733 0.054731011 0.979331255 0.001305829 0.035678178 0.000440918 0.999362469
1783356118489723904.000000 0.037541006 0.055159587 0.984790027 0.001469883 0.038156994 0.000032776 0.999270678
1783356118514028032.000000 0.038183015 0.055213604 0.990539968 0.001649358 0.039596602 0.000033356 0.999214411
1783356118545694976.000000 0.038457766 0.055587411 0.997962415 0.001618382 0.040781457 0.000300652 0.999166727
1783356118581720064.000000 0.038858492 0.055955388 1.005273104 0.001009621 0.040797103 0.000630405 0.999166727
1783356118605731072.000000 0.039976534 0.056282066 1.010839343 0.001063932 0.039919201 0.000741164 0.999202073
1783356118629736960.000000 0.039693788 0.056554504 1.016364217 0.000881105 0.039355263 0.000674202 0.999224722
1783356118661705984.000000 0.040099856 0.057135820 1.024011135 0.001021217 0.037881039 0.000897156 0.999281347
1783356118697711104.000000 0.040636063 0.057610776 1.031718850 0.000730644 0.036348511 0.001374169 0.999337971
1783356118721745920.000000 0.040892970 0.057508573 1.037561774 0.000285972 0.035203237 0.001209396 0.999379456
1783356118753712896.000000 0.041517187 0.057922568 1.045082450 0.000508484 0.033598222 0.000909248 0.999434888
1783356118777754112.000000 0.041824464 0.058504038 1.050389647 0.000579254 0.032572899 0.000953812 0.999468744
1783356118813721856.000000 0.042157076 0.058811102 1.057696819 -0.001328388 0.031285509 0.001109135 0.999509037
1783356118837734912.000000 0.042365681 0.059047401 1.062925339 -0.004325293 0.030397277 0.001162807 0.999527872
1783356118869715968.000000 0.042738408 0.059646945 1.069433570 -0.011690303 0.029774113 0.001237169 0.999487519
1783356118894007040.000000 0.043045096 0.059466042 1.073774099 -0.017105885 0.028924955 0.002183998 0.999432862
1783356118929764096.000000 0.043122888 0.060156114 1.078772306 -0.013861095 0.029430063 0.001737603 0.999469280
1783356118953763840.000000 0.043165915 0.060129892 1.081591249 -0.013434178 0.030400369 0.001288724 0.999446750
1783356118985736960.000000 0.043442674 0.060310654 1.084036708 -0.015445659 0.032833703 0.001765990 0.999339938
1783356119009906176.000000 0.043547235 0.060630474 1.085234880 -0.013072254 0.034261111 0.001151380 0.999326766
1783356119045772032.000000 0.043703698 0.060613547 1.086570621 -0.010489745 0.034983911 0.000615389 0.999332666
1783356119069787136.000000 0.043747958 0.060705557 1.087475777 -0.009389963 0.035799876 0.000719345 0.999314666
1783356119101746176.000000 0.043899771 0.060734008 1.088794589 -0.006740226 0.036606107 0.000658944 0.999306858
1783356119133709824.000000 0.043937963 0.060920473 1.090339065 -0.003940679 0.037113924 0.000458103 0.999303162
1783356119161761024.000000 0.043938637 0.060883231 1.091341019 -0.001561410 0.037327923 0.000141004 0.999301910
1783356119186100992.000000 0.044169061 0.060929485 1.092219114 0.001007517 0.037231646 0.000206739 0.999306142
1783356119217745152.000000 0.044057731 0.060941756 1.093560696 0.002563647 0.037829369 -0.000380151 0.999280930
1783356119249728000.000000 0.044166341 0.060964402 1.094797254 0.002242926 0.039073918 -0.000243192 0.999233782
1783356119277776128.000000 0.044215355 0.061039232 1.095987916 0.002282025 0.040154640 -0.000484473 0.999190807
1783356119309782016.000000 0.044368535 0.061141681 1.097612858 0.001993297 0.041174881 -0.000403312 0.999149919
1783356119333761024.000000 0.044443320 0.061150528 1.098855734 0.001709245 0.041512571 -0.000460384 0.999136448
1783356119365739008.000000 0.044646114 0.061262529 1.100533009 0.001801720 0.041731868 -0.000333312 0.999127209
1783356119393788928.000000 0.044746660 0.061294273 1.101871729 0.002009218 0.041782636 -0.000479179 0.999124646
1783356119425798912.000000 0.044903360 0.061446536 1.103488088 0.002168959 0.041645672 -0.000117422 0.999130130
1783356119449763072.000000 0.044933505 0.061494712 1.104759812 0.002134620 0.041422941 -0.000285022 0.999139428
1783356119481765888.000000 0.044965532 0.061533015 1.106280804 0.002000137 0.041007821 -0.000219144 0.999156833
1783356119510098944.000000 0.045186408 0.061593942 1.107544780 0.001727573 0.040428907 -0.000112553 0.999180973
1783356119541799168.000000 0.045313824 0.061849792 1.108097315 -0.007028395 0.038917046 0.000099607 0.999217749
1783356119573783040.000000 0.045454245 0.061575923 1.108345747 -0.015451989 0.038130771 0.001371855 0.999152422
1783356119609829888.000000 0.045510080 0.061621610 1.108493209 -0.011301663 0.039054569 0.000680163 0.999172926
1783356119633815040.000000 0.045321193 0.061670914 1.108335614 -0.009528976 0.039002459 0.000244849 0.999193728
1783356119658157056.000000 0.045237035 0.061656762 1.108135462 -0.009044916 0.038414478 0.000284263 0.999220967
1783356119689795072.000000 0.045252845 0.061666142 1.107731104 -0.008062539 0.037389997 0.000618747 0.999268055
1783356119725843968.000000 0.045261368 0.061668292 1.107475519 -0.006105134 0.036354292 0.000406909 0.999320269
1783356119749850112.000000 0.045133684 0.061590541 1.107246280 -0.004276572 0.035779841 0.000251068 0.999350607
1783356119781810944.000000 0.045134205 0.061630514 1.106961489 -0.001397173 0.035434779 0.000317731 0.999370992
1783356119805888000.000000 0.045105536 0.061679937 1.106885433 0.000819640 0.035350166 0.000240843 0.999374628
1783356119841837824.000000 0.044979189 0.061582334 1.106398225 0.002577231 0.034846384 -0.000010503 0.999389410
1783356119865858048.000000 0.044873782 0.061496995 1.106154680 0.003104640 0.034328576 -0.000364931 0.999405742
1783356119897815040.000000 0.045014553 0.061579753 1.106682181 0.004270284 0.036928728 -0.001051225 0.999308288
1783356119922063104.000000 0.045169175 0.061641648 1.107403755 0.003450514 0.040970851 -0.000743756 0.999154150
1783356119957822208.000000 0.045173034 0.061719719 1.108747244 0.001744643 0.046165604 -0.000086940 0.998932302
1783356119982017024.000000 0.045152273 0.061828651 1.110536098 0.002245922 0.048751187 -0.000313737 0.998808384
1783356120013842944.000000 0.045122143 0.062109280 1.113028526 0.002202938 0.050059814 -0.000685850 0.998743594
1783356120045814016.000000 0.046280213 0.061771948 1.115766048 0.002174075 0.047930438 -0.000522165 0.998848200
1783356120073848064.000000 0.046571784 0.062061701 1.117850780 0.001948503 0.045622073 -0.000128151 0.998956919
1783356120098074880.000000 0.046706639 0.062054463 1.120227933 0.001487990 0.042521052 0.000181645 0.999094427
1783356120129835008.000000 0.047104336 0.062380306 1.123116374 0.001391681 0.038060777 0.000477539 0.999274373
1783356120161819904.000000 0.047152266 0.062579602 1.125981808 0.001731578 0.034478795 0.000647698 0.999403715
1783356120189891072.000000 0.046557844 0.062494218 1.128388762 0.002316336 0.032728076 0.000574153 0.999461472
1783356120221874944.000000 0.047019780 0.062790446 1.130905151 0.002611282 0.031015053 0.000630299 0.999515295
1783356120245851136.000000 0.047161493 0.062905833 1.133252501 0.003009614 0.030324094 0.000535810 0.999535501
1783356120277825024.000000 0.046044655 0.063059434 1.136055946 0.002801341 0.030795448 0.000425164 0.999521673
1783356120305874176.000000 0.047055081 0.062943459 1.138110042 0.002870727 0.030163830 0.000603295 0.999540687
1783356120330027008.000000 0.047735687 0.063500531 1.140368938 0.003902065 0.029764246 0.000466488 0.999549270
1783356120361853952.000000 0.047649559 0.063331611 1.143286705 0.003488654 0.029905465 0.000299235 0.999546647
1783356120393848064.000000 0.047595020 0.063533358 1.146064639 0.003982479 0.030116903 0.000322457 0.999538422
1783356120421884928.000000 0.047952928 0.063490383 1.148063898 0.003274128 0.030133251 0.000312924 0.999540508
1783356120453905152.000000 0.048531003 0.063661657 1.150904417 0.002991843 0.030121304 0.000587727 0.999541640
1783356120477873152.000000 0.048967253 0.063803464 1.153160691 0.003071586 0.030108010 0.000694732 0.999541759
1783356120509849088.000000 0.048163746 0.063785218 1.156274199 0.002783400 0.030771522 0.000464576 0.999522507
1783356120537890816.000000 0.048296221 0.063910037 1.158517480 0.002597806 0.030529780 0.000655612 0.999530315
1783356120569902848.000000 0.048256818 0.064150095 1.161571980 0.002535759 0.029954357 0.000746944 0.999547839
1783356120594070784.000000 0.048618447 0.064137779 1.163598418 0.002859307 0.029157944 0.000819598 0.999570429
1783356120625858048.000000 0.049195372 0.064287521 1.166597843 0.002897927 0.028847124 0.000852943 0.999579310
1783356120653906176.000000 0.049784180 0.064469114 1.168810129 0.003151099 0.028727241 0.000972552 0.999581933
1783356120685923072.000000 0.049664769 0.064833745 1.171781898 0.003775039 0.029454120 0.000739696 0.999558747
1783356120717875968.000000 0.050322954 0.064985938 1.174396753 0.003119229 0.030447848 0.000705552 0.999531209
1783356120741991936.000000 0.050805863 0.065011017 1.176007748 -0.001689665 0.022830890 0.001030215 0.999737442
1783356120770141952.000000 0.048464086 0.065586939 1.177600265 -0.004218200 0.017585522 0.001463063 0.999835432
1783356120801943040.000000 0.048572548 0.065366030 1.179253221 -0.008312092 0.004952977 0.001573851 0.999952018
1783356120833897216.000000 0.049167387 0.065150000 1.180537581 -0.010814048 -0.006595006 0.002061344 0.999917686
1783356120857949952.000000 0.048761133 0.065305635 1.181391597 -0.010306498 -0.012763301 0.002490459 0.999862373
1783356120886255104.000000 0.049480278 0.065530017 1.181709528 -0.008527667 -0.020307740 0.002440342 0.999754429
1783356120917911040.000000 0.047624920 0.065443315 1.182621717 -0.006204237 -0.026346752 0.001683690 0.999632239
1783356120949907968.000000 0.046643268 0.065090433 1.182472825 -0.006994911 -0.025950793 0.001807229 0.999637127
1783356120974082048.000000 0.048726484 0.065464921 1.182435513 -0.006759917 -0.027889617 0.002399484 0.999585271
1783356121002251008.000000 0.048842650 0.065439865 1.182519317 -0.006473961 -0.028209215 0.002490587 0.999577999
1783356121033934080.000000 0.048791584 0.065402806 1.182457805 -0.006276244 -0.028212143 0.002380491 0.999579489
1783356121065912064.000000 0.048737381 0.065415740 1.182476163 -0.006012675 -0.028226312 0.002400114 0.999580622
1783356121090217984.000000 0.048735324 0.065410145 1.182366729 -0.005850921 -0.028108779 0.002429365 0.999584794
1783356121118198016.000000 0.048748083 0.065429658 1.182346702 -0.005610669 -0.027844496 0.002352528 0.999593794
1783356121149950976.000000 0.048742540 0.065398350 1.182269454 -0.005570332 -0.027107032 0.002254938 0.999614477
1783356121181915904.000000 0.048738305 0.065392807 1.182188988 -0.005407011 -0.025980679 0.002384030 0.999645054
1783356121209997824.000000 0.048736371 0.065376699 1.182086229 -0.005170159 -0.025044033 0.002379244 0.999670148
1783356121241981952.000000 0.048736848 0.065400958 1.182033300 -0.004672087 -0.024163183 0.002252522 0.999694586
1783356121266040064.000000 0.048711717 0.065382719 1.181864858 -0.004183855 -0.023603858 0.002380727 0.999709845
1783356121297918208.000000 0.048687682 0.065369196 1.181521773 -0.003088337 -0.023236180 0.002143569 0.999722958
1783356121326006784.000000 0.048738841 0.065342516 1.181481481 -0.002229546 -0.023285342 0.002177148 0.999724090
1783356121357949952.000000 0.048741136 0.065359339 1.181166768 -0.000944581 -0.022669164 0.002390785 0.999739766
1783356121382190848.000000 0.048665099 0.065302253 1.180950522 -0.001183478 -0.019330544 0.002156104 0.999810159
1783356121413949952.000000 0.048628554 0.065343469 1.180117011 -0.001754447 -0.012820860 0.001842697 0.999914587
1783356121442017024.000000 0.048606828 0.065227665 1.179537892 -0.001862529 -0.007840215 0.001489507 0.999966443
1783356121473965824.000000 0.048537999 0.065249197 1.178663731 -0.001430787 -0.001116755 0.001165278 0.999997735
1783356121505956864.000000 0.048471440 0.065181613 1.177956343 -0.000818448 0.006143197 0.000912896 0.999980390
1783356121529952000.000000 0.048723921 0.065165669 1.177322149 -0.000253087 0.011950137 0.000733799 0.999928296
1783356121558000128.000000 0.049576502 0.065428585 1.176409364 0.000904987 0.017474888 0.000571106 0.999846756
1783356121590012160.000000 0.049321949 0.065012261 1.175462246 0.002389984 0.025203621 0.000219078 0.999679506
1783356121614209024.000000 0.049460977 0.064937845 1.174630880 0.004491757 0.029113080 -0.000188843 0.999566019
1783356121645957888.000000 0.049663492 0.064844660 1.174063206 0.004313428 0.031806048 -0.000465487 0.999484718
1783356121673998080.000000 0.049719568 0.064916290 1.173487425 -0.000799663 0.034134984 -0.000098867 0.999416947
1783356121706018048.000000 0.049680792 0.064842895 1.171312094 -0.012853745 0.036647141 0.001379576 0.999244630
1783356121730001920.000000 0.050790649 0.064886309 1.169830799 -0.011700054 0.037229426 0.001558330 0.999237061
1783356121761963008.000000 0.049320240 0.064851224 1.167396069 -0.009497946 0.040875092 0.000229074 0.999119163
1783356121790033152.000000 0.048400525 0.064700946 1.164941192 -0.011586509 0.041869823 0.000528321 0.999055803
1783356121814429952.000000 0.049001083 0.064555094 1.162174463 -0.011224793 0.042135622 0.000810243 0.999048591
1783356121845990912.000000 0.048632015 0.064299166 1.158343196 -0.011024652 0.041386515 0.000685016 0.999082148
1783356121906021120.000000 0.048025426 0.064090885 1.151084065 -0.010395804 0.036774546 0.000437588 0.999269485
1783356121930407168.000000 0.047915306 0.063878320 1.148042679 -0.010438782 0.034496278 0.000842648 0.999350011
1783356121993982976.000000 0.047133330 0.063261434 1.139621139 -0.010675756 0.030819301 0.001073843 0.999467432
1783356122022032128.000000 0.047277976 0.063397735 1.136473060 -0.011081462 0.029902922 0.001240598 0.999490678
1783356122046381056.000000 0.046846714 0.063183188 1.133359551 -0.011216732 0.029656509 0.001648481 0.999495864
1783356122078025216.000000 0.046502460 0.062984012 1.129304290 -0.011249544 0.029252656 0.001535959 0.999507546
1783356122138046976.000000 0.046204824 0.062620111 1.122459412 -0.007618676 0.028161600 0.001621647 0.999573052
1783356122162078976.000000 0.045933932 0.062354740 1.119907737 -0.002780275 0.027677011 0.001398265 0.999612093
1783356122194041856.000000 0.046034846 0.062009156 1.117044568 0.005665914 0.025515044 -0.000209892 0.999658406
1783356122226048000.000000 0.045446146 0.061965127 1.115140557 0.004788119 0.023056868 -0.000054821 0.999722779
1783356122254068992.000000 0.045101006 0.061885901 1.114143372 0.002535179 0.022284482 0.000991680 0.999747992
1783356122286062848.000000 0.045674551 0.061893977 1.112881780 0.000852508 0.021182306 0.002024159 0.999773264
1783356122310044928.000000 0.045813225 0.062027968 1.112033844 -0.000427823 0.020462696 0.002006097 0.999788582
1783356122370068992.000000 0.045510497 0.061796624 1.109777570 -0.004658995 0.020285383 0.001819088 0.999781787
1783356122394107136.000000 0.045700714 0.061806139 1.108902693 -0.006225148 0.020270698 0.002207370 0.999772787
1783356122426060032.000000 0.045476884 0.061741062 1.107551217 -0.007937133 0.020238152 0.001904873 0.999761879
1783356122486076160.000000 0.045593537 0.061661135 1.105773568 -0.006867856 0.020431481 0.001868856 0.999765933
1783356122518057216.000000 0.045609958 0.061647069 1.105528474 0.000606846 0.021493228 0.001757807 0.999767303
1783356122542280960.000000 0.045546271 0.061576609 1.105276346 0.003249910 0.022014478 0.000749414 0.999752104
1783356122574086912.000000 0.045265708 0.061499007 1.104719520 0.001954652 0.020649321 0.001072424 0.999784291
1783356122602147072.000000 0.045380305 0.061516270 1.104684830 0.000833174 0.019161740 0.001873498 0.999814332
1783356122658222080.000000 0.045253653 0.061490629 1.104578257 0.001218044 0.015834494 0.001559742 0.999872744
1783356122690099968.000000 0.045261268 0.061516874 1.104546905 0.001762868 0.014925038 0.001685176 0.999885678
1783356122718123008.000000 0.045284148 0.061520167 1.104509234 0.001194007 0.014782866 0.001723080 0.999888599
1783356122774259200.000000 0.045220941 0.061507624 1.104768991 0.001500547 0.024161348 0.001233148 0.999706268
1783356122810117888.000000 0.045260567 0.061486192 1.104009509 0.000493605 0.039804745 0.000871909 0.999206960
1783356122834140160.000000 0.045215566 0.061555672 1.104617715 0.000427488 0.054870531 0.000035749 0.998493433
1783356122866099200.000000 0.045220714 0.061577771 1.104492664 -0.000032165 0.076537408 -0.000735768 0.997066498
1783356122890272000.000000 0.045219503 0.061540876 1.104225993 -0.000414311 0.093755342 -0.001612077 0.995593905
1783356122926119168.000000 0.045224078 0.061514631 1.104270339 -0.000091215 0.116536036 -0.002781274 0.993182600
1783356122950150912.000000 0.045224499 0.061510909 1.104150891 0.000314119 0.133812010 -0.003689579 0.990999877
1783356122982095872.000000 0.045237616 0.061330043 1.104525685 0.000071605 0.155576080 -0.004878898 0.987811923
1783356123006097152.000000 0.045231849 0.061219007 1.103851914 -0.000354363 0.172065064 -0.005654467 0.985069335
1783356123042132992.000000 0.045241654 0.061465394 1.103890896 -0.000433124 0.194566280 -0.006768072 0.980866015
1783356123066142976.000000 0.045210212 0.061504927 1.103742480 -0.000175950 0.211111143 -0.007518291 0.977433145
1783356123090339072.000000 0.045227081 0.061485775 1.103822470 -0.000523939 0.227439702 -0.008311059 0.973756611
1783356123122107136.000000 0.045234255 0.061546467 1.104591370 -0.000852292 0.249124303 -0.009496815 0.968424618
1783356123158153984.000000 0.045216292 0.061516210 1.104128361 -0.000846198 0.271442264 -0.010346520 0.962398767
1783356123182146048.000000 0.045205861 0.061513741 1.103819609 -0.001159514 0.287947237 -0.011377851 0.957578003
1783356123206307840.000000 0.045544848 0.061407141 1.103379369 -0.001166561 0.304290295 -0.012852550 0.952491999
1783356123238120960.000000 0.045879409 0.061578047 1.104166031 -0.001050011 0.325680822 -0.013766761 0.945379019
1783356123274151936.000000 0.046493992 0.061730649 1.104620337 -0.001643898 0.347177982 -0.014982271 0.937678158
1783356123298140928.000000 0.047222957 0.061996654 1.105375171 -0.001521666 0.363376945 -0.014985884 0.931520402
1783356123322145024.000000 0.046666265 0.061837591 1.102313519 -0.001331138 0.379445314 -0.015532469 0.925082862
1783356123354116864.000000 0.046520829 0.061445124 1.101498485 -0.001978884 0.400451034 -0.016915768 0.916159928
1783356123382169856.000000 0.046740457 0.061396297 1.102769971 -0.002202533 0.416295350 -0.017312998 0.909061968
1783356123414149120.000000 0.045686215 0.061444245 1.103929043 -0.002606754 0.437905729 -0.019414153 0.898807526
1783356123438148864.000000 0.045394599 0.060966797 1.102716446 -0.003416745 0.453699559 -0.021338137 0.890892684
1783356123470135808.000000 0.046258539 0.061060000 1.101806641 -0.003120092 0.474208713 -0.020958642 0.880157411
1783356123498174976.000000 0.048773021 0.062167462 1.102188826 -0.002349369 0.489068210 -0.021035986 0.871988654
1783356123522382848.000000 0.050988406 0.062739246 1.101121426 -0.002144951 0.502790272 -0.020001849 0.864174366
1783356123554169856.000000 0.051133752 0.062707774 1.100404859 -0.002336617 0.522606492 -0.021262106 0.852305651
1783356123578309888.000000 0.052562892 0.062711276 1.101008177 -0.001994576 0.537779391 -0.020976048 0.842822313
1783356123614174976.000000 0.052523494 0.062462300 1.100682497 -0.002016576 0.557550192 -0.021422481 0.829864323
1783356123638204928.000000 0.054530561 0.062310994 1.101345062 -0.002415203 0.571631849 -0.022691892 0.820192873
1783356123638204928.000000 0.054530561 0.062310994 1.101345062 -0.002415203 0.571631849 -0.022691892 0.820192873
1783356123638204928.000000 0.054530561 0.062310994 1.101345062 -0.002415203 0.571631849 -0.022691892 0.820192873
1783356123638204928.000000 0.054530561 0.062310994 1.101345062 -0.002415203 0.571631849 -0.022691892 0.820192873
1783356123638204928.000000 0.054530561 0.062310994 1.101345062 -0.002415203 0.571631849 -0.022691892 0.820192873
1783356123638204928.000000 0.054530561 0.062310994 1.101345062 -0.002415203 0.571631849 -0.022691892 0.820192873
1783356123638204928.000000 0.054530561 0.062310994 1.101345062 -0.002415203 0.571631849 -0.022691892 0.820192873
1783356123638204928.000000 0.054530561 0.062310994 1.101345062 -0.002415203 0.571631849 -0.022691892 0.820192873
1783356123638204928.000000 0.054530561 0.062310994 1.101345062 -0.002415203 0.571631849 -0.022691892 0.820192873
1783356123638204928.000000 0.054530561 0.062310994 1.101345062 -0.002415203 0.571631849 -0.022691892 0.820192873
1783356123638204928.000000 0.054530561 0.062310994 1.101345062 -0.002415203 0.571631849 -0.022691892 0.820192873
1783356123638204928.000000 0.054530561 0.062310994 1.101345062 -0.002415203 0.571631849 -0.022691892 0.820192873
1783356123638204928.000000 0.054530561 0.062310994 1.101345062 -0.002415203 0.571631849 -0.022691892 0.820192873
1783356123638204928.000000 0.054530561 0.062310994 1.101345062 -0.002415203 0.571631849 -0.022691892 0.820192873
1783356123638204928.000000 0.054530561 0.062310994 1.101345062 -0.002415203 0.571631849 -0.022691892 0.820192873
1783356123638204928.000000 0.054530561 0.062310994 1.101345062 -0.002415203 0.571631849 -0.022691892 0.820192873
1783356123638204928.000000 0.054530561 0.062310994 1.101345062 -0.002415203 0.571631849 -0.022691892 0.820192873
1783356123638204928.000000 0.054530561 0.062310994 1.101345062 -0.002415203 0.571631849 -0.022691892 0.820192873
1783356123638204928.000000 0.054530561 0.062310994 1.101345062 -0.002415203 0.571631849 -0.022691892 0.820192873
1783356123638204928.000000 0.054530561 0.062310994 1.101345062 -0.002415203 0.571631849 -0.022691892 0.820192873
1783356123638204928.000000 0.054530561 0.062310994 1.101345062 -0.002415203 0.571631849 -0.022691892 0.820192873
1783356123638204928.000000 0.054530561 0.062310994 1.101345062 -0.002415203 0.571631849 -0.022691892 0.820192873
1783356123638204928.000000 0.054530561 0.062310994 1.101345062 -0.002415203 0.571631849 -0.022691892 0.820192873
1783356123638204928.000000 0.054530561 0.062310994 1.101345062 -0.002415203 0.571631849 -0.022691892 0.820192873
1783356123638204928.000000 0.054530561 0.062310994 1.101345062 -0.002415203 0.571631849 -0.022691892 0.820192873
1783356123638204928.000000 0.054530561 0.062310994 1.101345062 -0.002415203 0.571631849 -0.022691892 0.820192873
1783356123638204928.000000 0.054530561 0.062310994 1.101345062 -0.002415203 0.571631849 -0.022691892 0.820192873
1783356123638204928.000000 0.054530561 0.062310994 1.101345062 -0.002415203 0.571631849 -0.022691892 0.820192873
1783356123638204928.000000 0.054530561 0.062310994 1.101345062 -0.002415203 0.571631849 -0.022691892 0.820192873
1783356123638204928.000000 0.054530561 0.062310994 1.101345062 -0.002415203 0.571631849 -0.022691892 0.820192873
1783356123638204928.000000 0.054530561 0.062310994 1.101345062 -0.002415203 0.571631849 -0.022691892 0.820192873
1783356123638204928.000000 0.054530561 0.062310994 1.101345062 -0.002415203 0.571631849 -0.022691892 0.820192873
1783356123638204928.000000 0.054530561 0.062310994 1.101345062 -0.002415203 0.571631849 -0.022691892 0.820192873
1783356123638204928.000000 0.054530561 0.062310994 1.101345062 -0.002415203 0.571631849 -0.022691892 0.820192873
1783356123638204928.000000 0.054530561 0.062310994 1.101345062 -0.002415203 0.571631849 -0.022691892 0.820192873
1783356123638204928.000000 0.054530561 0.062310994 1.101345062 -0.002415203 0.571631849 -0.022691892 0.820192873
1783356123638204928.000000 0.054530561 0.062310994 1.101345062 -0.002415203 0.571631849 -0.022691892 0.820192873
1783356123638204928.000000 0.054530561 0.062310994 1.101345062 -0.002415203 0.571631849 -0.022691892 0.820192873
1783356123638204928.000000 0.054530561 0.062310994 1.101345062 -0.002415203 0.571631849 -0.022691892 0.820192873
1783356123638204928.000000 0.054530561 0.062310994 1.101345062 -0.002415203 0.571631849 -0.022691892 0.820192873
1783356123638204928.000000 0.054530561 0.062310994 1.101345062 -0.002415203 0.571631849 -0.022691892 0.820192873
1783356123638204928.000000 0.054530561 0.062310994 1.101345062 -0.002415203 0.571631849 -0.022691892 0.820192873
1783356123638204928.000000 0.054530561 0.062310994 1.101345062 -0.002415203 0.571631849 -0.022691892 0.820192873
1783356123638204928.000000 0.054530561 0.062310994 1.101345062 -0.002415203 0.571631849 -0.022691892 0.820192873
1783356123638204928.000000 0.054530561 0.062310994 1.101345062 -0.002415203 0.571631849 -0.022691892 0.820192873
1783356123638204928.000000 0.054530561 0.062310994 1.101345062 -0.002415203 0.571631849 -0.022691892 0.820192873
1783356123638204928.000000 0.054530561 0.062310994 1.101345062 -0.002415203 0.571631849 -0.022691892 0.820192873
1783356123638204928.000000 0.054530561 0.062310994 1.101345062 -0.002415203 0.571631849 -0.022691892 0.820192873
1783356123638204928.000000 0.054530561 0.062310994 1.101345062 -0.002415203 0.571631849 -0.022691892 0.820192873
1783356123638204928.000000 0.054530561 0.062310994 1.101345062 -0.002415203 0.571631849 -0.022691892 0.820192873
1783356123638204928.000000 0.054530561 0.062310994 1.101345062 -0.002415203 0.571631849 -0.022691892 0.820192873
1783356123638204928.000000 0.054530561 0.062310994 1.101345062 -0.002415203 0.571631849 -0.022691892 0.820192873
1783356123638204928.000000 0.054530561 0.062310994 1.101345062 -0.002415203 0.571631849 -0.022691892 0.820192873
1783356123638204928.000000 0.054530561 0.062310994 1.101345062 -0.002415203 0.571631849 -0.022691892 0.820192873
1783356123638204928.000000 0.054530561 0.062310994 1.101345062 -0.002415203 0.571631849 -0.022691892 0.820192873
1783356123638204928.000000 0.054530561 0.062310994 1.101345062 -0.002415203 0.571631849 -0.022691892 0.820192873
1783356123638204928.000000 0.054530561 0.062310994 1.101345062 -0.002415203 0.571631849 -0.022691892 0.820192873
1783356123638204928.000000 0.054530561 0.062310994 1.101345062 -0.002415203 0.571631849 -0.022691892 0.820192873
1783356123638204928.000000 0.054530561 0.062310994 1.101345062 -0.002415203 0.571631849 -0.022691892 0.820192873
1783356123638204928.000000 0.054530561 0.062310994 1.101345062 -0.002415203 0.571631849 -0.022691892 0.820192873
1783356123638204928.000000 0.054530561 0.062310994 1.101345062 -0.002415203 0.571631849 -0.022691892 0.820192873
1783356123638204928.000000 0.054530561 0.062310994 1.101345062 -0.002415203 0.571631849 -0.022691892 0.820192873
1783356123638204928.000000 0.054530561 0.062310994 1.101345062 -0.002415203 0.571631849 -0.022691892 0.820192873
1783356123638204928.000000 0.054530561 0.062310994 1.101345062 -0.002415203 0.571631849 -0.022691892 0.820192873
1783356123638204928.000000 0.054530561 0.062310994 1.101345062 -0.002415203 0.571631849 -0.022691892 0.820192873
1783356123638204928.000000 0.054530561 0.062310994 1.101345062 -0.002415203 0.571631849 -0.022691892 0.820192873
1783356123638204928.000000 0.054530561 0.062310994 1.101345062 -0.002415203 0.571631849 -0.022691892 0.820192873
1783356123638204928.000000 0.054530561 0.062310994 1.101345062 -0.002415203 0.571631849 -0.022691892 0.820192873
1783356123638204928.000000 0.054530561 0.062310994 1.101345062 -0.002415203 0.571631849 -0.022691892 0.820192873
1783356123638204928.000000 0.054530561 0.062310994 1.101345062 -0.002415203 0.571631849 -0.022691892 0.820192873
1783356123638204928.000000 0.054530561 0.062310994 1.101345062 -0.002415203 0.571631849 -0.022691892 0.820192873
1783356123638204928.000000 0.054530561 0.062310994 1.101345062 -0.002415203 0.571631849 -0.022691892 0.820192873
1783356123638204928.000000 0.054530561 0.062310994 1.101345062 -0.002415203 0.571631849 -0.022691892 0.820192873
1783356123638204928.000000 0.054530561 0.062310994 1.101345062 -0.002415203 0.571631849 -0.022691892 0.820192873
1783356123638204928.000000 0.054530561 0.062310994 1.101345062 -0.002415203 0.571631849 -0.022691892 0.820192873
1783356123638204928.000000 0.054530561 0.062310994 1.101345062 -0.002415203 0.571631849 -0.022691892 0.820192873
1783356123638204928.000000 0.054530561 0.062310994 1.101345062 -0.002415203 0.571631849 -0.022691892 0.820192873
1783356123638204928.000000 0.054530561 0.062310994 1.101345062 -0.002415203 0.571631849 -0.022691892 0.820192873
1783356123638204928.000000 0.054530561 0.062310994 1.101345062 -0.002415203 0.571631849 -0.022691892 0.820192873
1783356123638204928.000000 0.054530561 0.062310994 1.101345062 -0.002415203 0.571631849 -0.022691892 0.820192873
1783356123638204928.000000 0.054530561 0.062310994 1.101345062 -0.002415203 0.571631849 -0.022691892 0.820192873
1783356123638204928.000000 0.054530561 0.062310994 1.101345062 -0.002415203 0.571631849 -0.022691892 0.820192873
1783356123638204928.000000 0.054530561 0.062310994 1.101345062 -0.002415203 0.571631849 -0.022691892 0.820192873
1783356123638204928.000000 0.054530561 0.062310994 1.101345062 -0.002415203 0.571631849 -0.022691892 0.820192873
1783356123638204928.000000 0.054530561 0.062310994 1.101345062 -0.002415203 0.571631849 -0.022691892 0.820192873
1783356123638204928.000000 0.054530561 0.062310994 1.101345062 -0.002415203 0.571631849 -0.022691892 0.820192873
1783356123638204928.000000 0.054530561 0.062310994 1.101345062 -0.002415203 0.571631849 -0.022691892 0.820192873
1783356123638204928.000000 0.054530561 0.062310994 1.101345062 -0.002415203 0.571631849 -0.022691892 0.820192873
1783356123638204928.000000 0.054530561 0.062310994 1.101345062 -0.002415203 0.571631849 -0.022691892 0.820192873
1783356123638204928.000000 0.054530561 0.062310994 1.101345062 -0.002415203 0.571631849 -0.022691892 0.820192873
1783356123638204928.000000 0.054530561 0.062310994 1.101345062 -0.002415203 0.571631849 -0.022691892 0.820192873
1783356123638204928.000000 0.054530561 0.062310994 1.101345062 -0.002415203 0.571631849 -0.022691892 0.820192873
1783356123638204928.000000 0.054530561 0.062310994 1.101345062 -0.002415203 0.571631849 -0.022691892 0.820192873
1783356123638204928.000000 0.054530561 0.062310994 1.101345062 -0.002415203 0.571631849 -0.022691892 0.820192873
1783356123638204928.000000 0.054530561 0.062310994 1.101345062 -0.002415203 0.571631849 -0.022691892 0.820192873
1783356123638204928.000000 0.054530561 0.062310994 1.101345062 -0.002415203 0.571631849 -0.022691892 0.820192873
1783356123638204928.000000 0.054530561 0.062310994 1.101345062 -0.002415203 0.571631849 -0.022691892 0.820192873
