0 0.999973362387 -0.007298939399 0.000000000000 0.412428234686 0.007298939399 0.999973362387 0.000000000000 0.267261580062 0.000000000000 0.000000000000 1.000000000000 0.000000000000
1 0.999938191100 -0.011118182350 0.000000000000 0.531452091047 0.011118182350 0.999938191100 0.000000000000 0.266474982297 0.000000000000 0.000000000000 1.000000000000 0.000000000000
2 0.999910807038 -0.013355821518 0.000000000000 0.555639672407 0.013355821518 0.999910807038 0.000000000000 0.266453960774 0.000000000000 0.000000000000 1.000000000000 0.000000000000
3 0.999877814118 -0.015631917162 0.000000000000 0.577175273454 0.015631917162 0.999877814118 0.000000000000 0.266535260193 0.000000000000 0.000000000000 1.000000000000 0.000000000000
4 0.999826878708 -0.018606789424 0.000000000000 0.605323621112 0.018606789424 0.999826878708 0.000000000000 0.266641523506 0.000000000000 0.000000000000 1.000000000000 0.000000000000
5 0.999772521930 -0.021328487864 0.000000000000 0.637466420319 0.021328487864 0.999772521930 0.000000000000 0.266781695066 0.000000000000 0.000000000000 1.000000000000 0.000000000000
6 0.999779898536 -0.020979859008 0.000000000000 0.659408090414 0.020979859008 0.999779898536 0.000000000000 0.266938917305 0.000000000000 0.000000000000 1.000000000000 0.000000000000
7 0.999789533155 -0.020515589063 0.000000000000 0.688627620094 0.020515589063 0.999789533155 0.000000000000 0.267148288782 0.000000000000 0.000000000000 1.000000000000 0.000000000000
8 0.999798954471 -0.020051200427 0.000000000000 0.717854341335 0.020051200427 0.999798954471 0.000000000000 0.267357711791 0.000000000000 0.000000000000 1.000000000000 0.000000000000
9 0.999801635906 -0.019917048979 0.000000000000 0.745205420971 0.019917048979 0.999801635906 0.000000000000 0.267521152377 0.000000000000 0.000000000000 1.000000000000 0.000000000000
10 0.999801635906 -0.019917048979 0.000000000000 0.769544828458 0.019917048979 0.999801635906 0.000000000000 0.267653665349 0.000000000000 0.000000000000 1.000000000000 0.000000000000
11 0.999801635906 -0.019917048979 0.000000000000 0.801447558729 0.019917048979 0.999801635906 0.000000000000 0.267827355921 0.000000000000 0.000000000000 1.000000000000 0.000000000000
12 0.999802963283 -0.019850305057 0.000000000000 0.833503631186 0.019850305057 0.999802963283 0.000000000000 0.268005286999 0.000000000000 0.000000000000 1.000000000000 0.000000000000
13 0.999806805453 -0.019655832953 0.000000000000 0.861537622328 0.019655832953 0.999806805453 0.000000000000 0.268167837729 0.000000000000 0.000000000000 1.000000000000 0.000000000000
14 0.999810071979 -0.019488970472 0.000000000000 0.885591481864 0.019488970472 0.999810071979 0.000000000000 0.268307310286 0.000000000000 0.000000000000 1.000000000000 0.000000000000
15 0.999814352763 -0.019268108588 0.000000000000 0.917429439925 0.019268108588 0.999814352763 0.000000000000 0.268491917726 0.000000000000 0.000000000000 1.000000000000 0.000000000000
16 0.999795881549 -0.020203842131 0.000000000000 0.949735345852 0.020203842131 0.999795881549 0.000000000000 0.268702453205 0.000000000000 0.000000000000 1.000000000000 0.000000000000
17 0.999772508559 -0.021329114583 0.000000000000 0.978208041828 0.021329114583 0.999772508559 0.000000000000 0.268894024359 0.000000000000 0.000000000000 1.000000000000 0.000000000000
18 0.999744338851 -0.022610991451 0.000000000000 1.010644124318 0.022610991451 0.999744338851 0.000000000000 0.269112262132 0.000000000000 0.000000000000 1.000000000000 0.000000000000
19 0.999720523827 -0.023640521129 0.000000000000 1.034898299114 0.023640521129 0.999720523827 0.000000000000 0.269328705176 0.000000000000 0.000000000000 1.000000000000 0.000000000000
20 0.999683303658 -0.025165301269 0.000000000000 1.067023004058 0.025165301269 0.999683303658 0.000000000000 0.269736258489 0.000000000000 0.000000000000 1.000000000000 0.000000000000
21 0.999648687992 -0.026504727791 0.000000000000 1.095243616736 0.026504727791 0.999648687992 0.000000000000 0.270094282141 0.000000000000 0.000000000000 1.000000000000 0.000000000000
22 0.999606254858 -0.028059494815 0.000000000000 1.127422520206 0.028059494815 0.999606254858 0.000000000000 0.270504805313 0.000000000000 0.000000000000 1.000000000000 0.000000000000
23 0.999515690767 -0.031118867439 0.000000000000 1.152271977233 0.031118867439 0.999515690767 0.000000000000 0.270975941345 0.000000000000 0.000000000000 1.000000000000 0.000000000000
24 0.999382562735 -0.035135356851 0.000000000000 1.184899154815 0.035135356851 0.999382562735 0.000000000000 0.271594539931 0.000000000000 0.000000000000 1.000000000000 0.000000000000
25 0.999251446560 -0.038685223882 0.000000000000 1.213739636470 0.038685223882 0.999251446560 0.000000000000 0.272141344237 0.000000000000 0.000000000000 1.000000000000 0.000000000000
26 0.999069966360 -0.043118468394 0.000000000000 1.246543844534 0.043118468394 0.999069966360 0.000000000000 0.273049200081 0.000000000000 0.000000000000 1.000000000000 0.000000000000
27 0.998907742409 -0.046726032944 0.000000000000 1.271046536031 0.046726032944 0.998907742409 0.000000000000 0.273941546705 0.000000000000 0.000000000000 1.000000000000 0.000000000000
28 0.998670884349 -0.051540903703 0.000000000000 1.303755794798 0.051540903703 0.998670884349 0.000000000000 0.275132762644 0.000000000000 0.000000000000 1.000000000000 0.000000000000
29 0.998442781090 -0.055785418257 0.000000000000 1.332597131305 0.055785418257 0.998442781090 0.000000000000 0.276183115389 0.000000000000 0.000000000000 1.000000000000 0.000000000000
30 0.998050526538 -0.062411108611 0.000000000000 1.364815614351 0.062411108611 0.998050526538 0.000000000000 0.277863585726 0.000000000000 0.000000000000 1.000000000000 0.000000000000
31 0.997610028388 -0.069095812171 0.000000000000 1.397128748731 0.069095812171 0.997610028388 0.000000000000 0.279560379248 0.000000000000 0.000000000000 1.000000000000 0.000000000000
32 0.997247813895 -0.074140391706 0.000000000000 1.421523552400 0.074140391706 0.997247813895 0.000000000000 0.280841373668 0.000000000000 0.000000000000 1.000000000000 0.000000000000
33 0.996754148068 -0.080505703580 0.000000000000 1.449866937312 0.080505703580 0.996754148068 0.000000000000 0.282669070297 0.000000000000 0.000000000000 1.000000000000 0.000000000000
34 0.996088733528 -0.088358558947 0.000000000000 1.482320007958 0.088358558947 0.996088733528 0.000000000000 0.285142948143 0.000000000000 0.000000000000 1.000000000000 0.000000000000
35 0.995362757287 -0.096192418651 0.000000000000 1.514717196357 0.096192418651 0.995362757287 0.000000000000 0.287612566118 0.000000000000 0.000000000000 1.000000000000 0.000000000000
36 0.994500784589 -0.104729124182 0.000000000000 1.547148684427 0.104729124182 0.994500784589 0.000000000000 0.290382121523 0.000000000000 0.000000000000 1.000000000000 0.000000000000
37 0.993547800244 -0.113414146520 0.000000000000 1.575455260050 0.113414146520 0.993547800244 0.000000000000 0.293326362728 0.000000000000 0.000000000000 1.000000000000 0.000000000000
38 0.992657952029 -0.120955323464 0.000000000000 1.600056611172 0.120955323464 0.992657952029 0.000000000000 0.295885213811 0.000000000000 0.000000000000 1.000000000000 0.000000000000
39 0.991414520212 -0.130756449603 0.000000000000 1.632064797381 0.130756449603 0.991414520212 0.000000000000 0.299214469246 0.000000000000 0.000000000000 1.000000000000 0.000000000000
40 0.989566031590 -0.144080078859 0.000000000000 1.668232983377 0.144080078859 0.989566031590 0.000000000000 0.304093654281 0.000000000000 0.000000000000 1.000000000000 0.000000000000
41 0.988193474250 -0.153211153154 0.000000000000 1.692230820280 0.153211153154 0.988193474250 0.000000000000 0.307481759112 0.000000000000 0.000000000000 1.000000000000 0.000000000000
42 0.986731516887 -0.162360443400 0.000000000000 1.716311041916 0.162360443400 0.986731516887 0.000000000000 0.310881495330 0.000000000000 0.000000000000 1.000000000000 0.000000000000
43 0.984536877335 -0.175177444800 0.000000000000 1.748117964920 0.175177444800 0.984536877335 0.000000000000 0.315773235371 0.000000000000 0.000000000000 1.000000000000 0.000000000000
44 0.981512250004 -0.191399328872 0.000000000000 1.783490886257 0.191399328872 0.981512250004 0.000000000000 0.322282812172 0.000000000000 0.000000000000 1.000000000000 0.000000000000
45 0.979346267454 -0.202190228308 0.000000000000 1.807083760779 0.202190228308 0.979346267454 0.000000000000 0.326624540897 0.000000000000 0.000000000000 1.000000000000 0.000000000000
46 0.976262979211 -0.216588539450 0.000000000000 1.838456457649 0.216588539450 0.976262979211 0.000000000000 0.332434737675 0.000000000000 0.000000000000 1.000000000000 0.000000000000
47 0.973091002969 -0.230421136055 0.000000000000 1.862087362822 0.230421136055 0.973091002969 0.000000000000 0.338086942744 0.000000000000 0.000000000000 1.000000000000 0.000000000000
48 0.967973326999 -0.251053058573 0.000000000000 1.897483678444 0.251053058573 0.967973326999 0.000000000000 0.346553280921 0.000000000000 0.000000000000 1.000000000000 0.000000000000
49 0.964316519096 -0.264752055703 0.000000000000 1.921093019792 0.264752055703 0.964316519096 0.000000000000 0.352200328204 0.000000000000 0.000000000000 1.000000000000 0.000000000000
50 0.958619548833 -0.284690288901 0.000000000000 1.951931529086 0.284690288901 0.958619548833 0.000000000000 0.360676060485 0.000000000000 0.000000000000 1.000000000000 0.000000000000
51 0.953676362156 -0.300834499791 0.000000000000 1.974704374766 0.300834499791 0.953676362156 0.000000000000 0.367714569290 0.000000000000 0.000000000000 1.000000000000 0.000000000000
52 0.945752242166 -0.324888744707 0.000000000000 2.008863869202 0.324888744707 0.945752242166 0.000000000000 0.378272402323 0.000000000000 0.000000000000 1.000000000000 0.000000000000
53 0.940135928307 -0.340799701153 0.000000000000 2.031551124975 0.340799701153 0.940135928307 0.000000000000 0.385308535852 0.000000000000 0.000000000000 1.000000000000 0.000000000000
54 0.930459265953 -0.366395352594 0.000000000000 2.060674956229 0.366395352594 0.930459265953 0.000000000000 0.396955892539 0.000000000000 0.000000000000 1.000000000000 0.000000000000
55 0.922721423312 -0.385467475879 0.000000000000 2.082580557689 0.385467475879 0.922721423312 0.000000000000 0.405716496575 0.000000000000 0.000000000000 1.000000000000 0.000000000000
56 0.910406469257 -0.413714951064 0.000000000000 2.115378132708 0.413714951064 0.910406469257 0.000000000000 0.418833076306 0.000000000000 0.000000000000 1.000000000000 0.000000000000
57 0.900674435273 -0.434494604851 0.000000000000 2.136844942357 0.434494604851 0.900674435273 0.000000000000 0.428908008908 0.000000000000 0.000000000000 1.000000000000 0.000000000000
58 0.886038568500 -0.463611534726 0.000000000000 2.165092891899 0.463611534726 0.886038568500 0.000000000000 0.443450864874 0.000000000000 0.000000000000 1.000000000000 0.000000000000
59 0.874278960382 -0.485423834842 0.000000000000 2.186572324888 0.485423834842 0.874278960382 0.000000000000 0.454509094064 0.000000000000 0.000000000000 1.000000000000 0.000000000000
60 0.855602252527 -0.517633833391 0.000000000000 2.217613187225 0.517633833391 0.855602252527 0.000000000000 0.471352115113 0.000000000000 0.000000000000 1.000000000000 0.000000000000
61 0.841108422522 -0.540866546906 0.000000000000 2.237261477545 0.540866546906 0.841108422522 0.000000000000 0.484324680362 0.000000000000 0.000000000000 1.000000000000 0.000000000000
62 0.820842691140 -0.571154336762 0.000000000000 2.263410835350 0.571154336762 0.820842691140 0.000000000000 0.501589503144 0.000000000000 0.000000000000 1.000000000000 0.000000000000
63 0.804855025529 -0.593471471835 0.000000000000 2.283109243388 0.593471471835 0.804855025529 0.000000000000 0.514595158059 0.000000000000 0.000000000000 1.000000000000 0.000000000000
64 0.779214398680 -0.626757465764 0.000000000000 2.311008603648 0.626757465764 0.779214398680 0.000000000000 0.536159520386 0.000000000000 0.000000000000 1.000000000000 0.000000000000
65 0.761004211971 -0.648746937844 0.000000000000 2.329112227453 0.648746937844 0.761004211971 0.000000000000 0.551441180686 0.000000000000 0.000000000000 1.000000000000 0.000000000000
66 0.735888321980 -0.677102929822 0.000000000000 2.353131777466 0.677102929822 0.735888321980 0.000000000000 0.571716602215 0.000000000000 0.000000000000 1.000000000000 0.000000000000
67 0.716151772762 -0.697944581159 0.000000000000 2.371078542456 0.697944581159 0.716151772762 0.000000000000 0.587266830249 0.000000000000 0.000000000000 1.000000000000 0.000000000000
68 0.692051530253 -0.721848100001 0.000000000000 2.389826936847 0.721848100001 0.692051530253 0.000000000000 0.607476440372 0.000000000000 0.000000000000 1.000000000000 0.000000000000
69 0.663722627221 -0.747978792557 0.000000000000 2.411114164694 0.747978792557 0.663722627221 0.000000000000 0.630422756008 0.000000000000 0.000000000000 1.000000000000 0.000000000000
70 0.634282758106 -0.773101146533 0.000000000000 2.432490779109 0.773101146533 0.634282758106 0.000000000000 0.653465424838 0.000000000000 0.000000000000 1.000000000000 0.000000000000
71 0.612631718238 -0.790368507602 0.000000000000 2.446954962862 0.790368507602 0.612631718238 0.000000000000 0.672092218090 0.000000000000 0.000000000000 1.000000000000 0.000000000000
72 0.586876713401 -0.809676307710 0.000000000000 2.463408023430 0.809676307710 0.586876713401 0.000000000000 0.694666490109 0.000000000000 0.000000000000 1.000000000000 0.000000000000
73 0.557312873939 -0.830302571682 0.000000000000 2.481833988931 0.830302571682 0.557312873939 0.000000000000 0.719947668389 0.000000000000 0.000000000000 1.000000000000 0.000000000000
74 0.527915818894 -0.849296702078 0.000000000000 2.499523381902 0.849296702078 0.527915818894 0.000000000000 0.745932923800 0.000000000000 0.000000000000 1.000000000000 0.000000000000
75 0.507500954407 -0.861651194670 0.000000000000 2.511212852531 0.861651194670 0.507500954407 0.000000000000 0.766308867085 0.000000000000 0.000000000000 1.000000000000 0.000000000000
76 0.483055945799 -0.875589488989 0.000000000000 2.524997868651 0.875589488989 0.483055945799 0.000000000000 0.790337560564 0.000000000000 0.000000000000 1.000000000000 0.000000000000
77 0.455165831612 -0.890406685584 0.000000000000 2.540469288336 0.890406685584 0.455165831612 0.000000000000 0.817305827996 0.000000000000 0.000000000000 1.000000000000 0.000000000000
78 0.429903144822 -0.902875011323 0.000000000000 2.554557449144 0.902875011323 0.429903144822 0.000000000000 0.846033038609 0.000000000000 0.000000000000 1.000000000000 0.000000000000
79 0.411713006577 -0.911313557573 0.000000000000 2.564683736371 0.911313557573 0.411713006577 0.000000000000 0.868087052127 0.000000000000 0.000000000000 1.000000000000 0.000000000000
80 0.390075675741 -0.920782801314 0.000000000000 2.576611153411 0.920782801314 0.390075675741 0.000000000000 0.894063741386 0.000000000000 0.000000000000 1.000000000000 0.000000000000
81 0.366157375162 -0.930552941328 0.000000000000 2.589441549538 0.930552941328 0.366157375162 0.000000000000 0.923421053216 0.000000000000 0.000000000000 1.000000000000 0.000000000000
82 0.344263909062 -0.938872920537 0.000000000000 2.600344309066 0.938872920537 0.344263909062 0.000000000000 0.953185863151 0.000000000000 0.000000000000 1.000000000000 0.000000000000
83 0.327682733782 -0.944787820614 0.000000000000 2.608539355484 0.944787820614 0.327682733782 0.000000000000 0.975558547646 0.000000000000 0.000000000000 1.000000000000 0.000000000000
84 0.307961082884 -0.951398954923 0.000000000000 2.618222056130 0.951398954923 0.307961082884 0.000000000000 1.001992565902 0.000000000000 0.000000000000 1.000000000000 0.000000000000
85 0.289363813843 -0.957219192891 0.000000000000 2.627944423756 0.957219192891 0.289363813843 0.000000000000 1.031950229297 0.000000000000 0.000000000000 1.000000000000 0.000000000000
86 0.273496682327 -0.961872946265 0.000000000000 2.636836029451 0.961872946265 0.273496682327 0.000000000000 1.062488565382 0.000000000000 0.000000000000 1.000000000000 0.000000000000
87 0.261541188532 -0.965192315915 0.000000000000 2.643507983094 0.965192315915 0.261541188532 0.000000000000 1.085403477452 0.000000000000 0.000000000000 1.000000000000 0.000000000000
88 0.247512082062 -0.968884806999 0.000000000000 2.651308728480 0.968884806999 0.247512082062 0.000000000000 1.112195239534 0.000000000000 0.000000000000 1.000000000000 0.000000000000
89 0.233399136122 -0.972381017532 0.000000000000 2.658990351712 0.972381017532 0.233399136122 0.000000000000 1.142553063981 0.000000000000 0.000000000000 1.000000000000 0.000000000000
90 0.223298432373 -0.974750127007 0.000000000000 2.664425993340 0.974750127007 0.223298432373 0.000000000000 1.165385165091 0.000000000000 0.000000000000 1.000000000000 0.000000000000
91 0.209954465487 -0.977711165131 0.000000000000 2.671587329206 0.977711165131 0.209954465487 0.000000000000 1.195465945936 0.000000000000 0.000000000000 1.000000000000 0.000000000000
92 0.198151424477 -0.980171420201 0.000000000000 2.677904175260 0.980171420201 0.198151424477 0.000000000000 1.221999495731 0.000000000000 0.000000000000 1.000000000000 0.000000000000
93 0.190403249558 -0.981705965428 0.000000000000 2.682233150222 0.981705965428 0.190403249558 0.000000000000 1.243607544111 0.000000000000 0.000000000000 1.000000000000 0.000000000000
94 0.180711627545 -0.983536124232 0.000000000000 2.687694177508 0.983536124232 0.180711627545 0.000000000000 1.271819454387 0.000000000000 0.000000000000 1.000000000000 0.000000000000
95 0.170948118784 -0.985280031607 0.000000000000 2.693185723840 0.985280031607 0.170948118784 0.000000000000 1.300189027413 0.000000000000 0.000000000000 1.000000000000 0.000000000000
96 0.162411262491 -0.986723153583 0.000000000000 2.697898128415 0.986723153583 0.162411262491 0.000000000000 1.324770889581 0.000000000000 0.000000000000 1.000000000000 0.000000000000
97 0.155370117927 -0.987856328853 0.000000000000 2.700779262521 0.987856328853 0.155370117927 0.000000000000 1.342766333793 0.000000000000 0.000000000000 1.000000000000 0.000000000000
98 0.145989834946 -0.989286090114 0.000000000000 2.704612550094 0.989286090114 0.145989834946 0.000000000000 1.366708889094 0.000000000000 0.000000000000 1.000000000000 0.000000000000
99 0.138939590508 -0.990300858421 0.000000000000 2.707490110372 0.990300858421 0.138939590508 0.000000000000 1.384682011326 0.000000000000 0.000000000000 1.000000000000 0.000000000000
100 0.130630520483 -0.991431120713 0.000000000000 2.710877784518 0.991431120713 0.130630520483 0.000000000000 1.405841283637 0.000000000000 0.000000000000 1.000000000000 0.000000000000
101 0.123953623888 -0.992288012185 0.000000000000 2.713596932278 0.992288012185 0.123953623888 0.000000000000 1.426184322828 0.000000000000 0.000000000000 1.000000000000 0.000000000000
102 0.119037653009 -0.992889740689 0.000000000000 2.715597448742 0.992889740689 0.119037653009 0.000000000000 1.441450252064 0.000000000000 0.000000000000 1.000000000000 0.000000000000
103 0.112585860825 -0.993641999888 0.000000000000 2.718221162486 0.993641999888 0.112585860825 0.000000000000 1.461471796032 0.000000000000 0.000000000000 1.000000000000 0.000000000000
104 0.107194989038 -0.994238016938 0.000000000000 2.720405604339 0.994238016938 0.107194989038 0.000000000000 1.478422668340 0.000000000000 0.000000000000 1.000000000000 0.000000000000
105 0.102754736012 -0.994706722721 0.000000000000 2.722167213839 0.994706722721 0.102754736012 0.000000000000 1.493722509530 0.000000000000 0.000000000000 1.000000000000 0.000000000000
106 0.099427301113 -0.995044829037 0.000000000000 2.723486793684 0.995044829037 0.099427301113 0.000000000000 1.505183257251 0.000000000000 0.000000000000 1.000000000000 0.000000000000
107 0.094987728314 -0.995478443498 0.000000000000 2.725246736534 0.995478443498 0.094987728314 0.000000000000 1.520468623338 0.000000000000 0.000000000000 1.000000000000 0.000000000000
108 0.091149741071 -0.995837197891 0.000000000000 2.726641388673 0.995837197891 0.091149741071 0.000000000000 1.533071586687 0.000000000000 0.000000000000 1.000000000000 0.000000000000
109 0.087975524837 -0.996122636541 0.000000000000 2.727564056381 0.996122636541 0.087975524837 0.000000000000 1.542385340407 0.000000000000 0.000000000000 1.000000000000 0.000000000000
110 0.083736693270 -0.996487915732 0.000000000000 2.728795778772 0.996487915732 0.083736693270 0.000000000000 1.554818807955 0.000000000000 0.000000000000 1.000000000000 0.000000000000
111 0.080531280544 -0.996752081941 0.000000000000 2.729726916119 0.996752081941 0.080531280544 0.000000000000 1.564218057395 0.000000000000 0.000000000000 1.000000000000 0.000000000000
112 0.077279539993 -0.997009464699 0.000000000000 2.730719042641 0.997009464699 0.077279539993 0.000000000000 1.574441152001 0.000000000000 0.000000000000 1.000000000000 0.000000000000
113 0.074873406940 -0.997193046974 0.000000000000 2.731603234830 0.997193046974 0.074873406940 0.000000000000 1.584175167478 0.000000000000 0.000000000000 1.000000000000 0.000000000000
114 0.073042584857 -0.997328822805 0.000000000000 2.732275907406 0.997328822805 0.073042584857 0.000000000000 1.591580577002 0.000000000000 0.000000000000 1.000000000000 0.000000000000
115 0.070632785687 -0.997502385755 0.000000000000 2.733161167709 0.997502385755 0.070632785687 0.000000000000 1.601326351270 0.000000000000 0.000000000000 1.000000000000 0.000000000000
116 0.068990194475 -0.997617337994 0.000000000000 2.733820862518 0.997617337994 0.068990194475 0.000000000000 1.609063738350 0.000000000000 0.000000000000 1.000000000000 0.000000000000
117 0.068028929977 -0.997683348907 0.000000000000 2.734275811642 0.997683348907 0.068028929977 0.000000000000 1.614930778303 0.000000000000 0.000000000000 1.000000000000 0.000000000000
118 0.066766551330 -0.997768624293 0.000000000000 2.734873227324 0.997768624293 0.066766551330 0.000000000000 1.622635072011 0.000000000000 0.000000000000 1.000000000000 0.000000000000
119 0.065496318129 -0.997852810945 0.000000000000 2.735474309096 0.997852810945 0.065496318129 0.000000000000 1.630386643736 0.000000000000 0.000000000000 1.000000000000 0.000000000000
120 0.064723303367 -0.997903248818 0.000000000000 2.735976424812 0.997903248818 0.064723303367 0.000000000000 1.636635021271 0.000000000000 0.000000000000 1.000000000000 0.000000000000
121 0.064203553928 -0.997936823483 0.000000000000 2.736395809942 0.997936823483 0.064203553928 0.000000000000 1.641754724867 0.000000000000 0.000000000000 1.000000000000 0.000000000000
122 0.063510324449 -0.997981181530 0.000000000000 2.736955154035 0.997981181530 0.063510324449 0.000000000000 1.648582997391 0.000000000000 0.000000000000 1.000000000000 0.000000000000
123 0.062990715368 -0.998014113015 0.000000000000 2.737374393305 0.998014113015 0.062990715368 0.000000000000 1.653700920379 0.000000000000 0.000000000000 1.000000000000 0.000000000000
124 0.060962432071 -0.998140061252 0.000000000000 2.737762984369 0.998140061252 0.060962432071 0.000000000000 1.658897733755 0.000000000000 0.000000000000 1.000000000000 0.000000000000
125 0.057489953391 -0.998346084912 0.000000000000 2.738122395643 0.998346084912 0.057489953391 0.000000000000 1.664171785634 0.000000000000 0.000000000000 1.000000000000 0.000000000000
126 0.054880064461 -0.998492953668 0.000000000000 2.738392478840 0.998492953668 0.054880064461 0.000000000000 1.668135024678 0.000000000000 0.000000000000 1.000000000000 0.000000000000
127 0.051407275983 -0.998677771844 0.000000000000 2.738751798970 0.998677771844 0.051407275983 0.000000000000 1.673407739113 0.000000000000 0.000000000000 1.000000000000 0.000000000000
128 0.051926383461 -0.998650915336 0.000000000000 2.739047711570 0.998650915336 0.051926383461 0.000000000000 1.677771798241 0.000000000000 0.000000000000 1.000000000000 0.000000000000
129 0.053553480884 -0.998564982705 0.000000000000 2.739294630505 0.998564982705 0.053553480884 0.000000000000 1.681421009963 0.000000000000 0.000000000000 1.000000000000 0.000000000000
130 0.055718830454 -0.998446499284 0.000000000000 2.739623265065 0.998446499284 0.055718830454 0.000000000000 1.686277895853 0.000000000000 0.000000000000 1.000000000000 0.000000000000
131 0.057345670509 -0.998354383009 0.000000000000 2.739870196254 0.998354383009 0.057345670509 0.000000000000 1.689927288689 0.000000000000 0.000000000000 1.000000000000 0.000000000000
132 0.055987491356 -0.998431470263 0.000000000000 2.740210949685 0.998431470263 0.055987491356 0.000000000000 1.694845650061 0.000000000000 0.000000000000 1.000000000000 0.000000000000
133 0.054064059559 -0.998537469234 0.000000000000 2.740430157157 0.998537469234 0.054064059559 0.000000000000 1.697975379742 0.000000000000 0.000000000000 1.000000000000 0.000000000000
134 0.052128237116 -0.998640399190 0.000000000000 2.740650753671 0.998640399190 0.052128237116 0.000000000000 1.701124941448 0.000000000000 0.000000000000 1.000000000000 0.000000000000
135 0.049576838381 -0.998770312482 0.000000000000 2.740941464179 0.998770312482 0.049576838381 0.000000000000 1.705275554112 0.000000000000 0.000000000000 1.000000000000 0.000000000000
136 0.049823623677 -0.998758032020 0.000000000000 2.741171044407 0.998758032020 0.049823623677 0.000000000000 1.708690599893 0.000000000000 0.000000000000 1.000000000000 0.000000000000
137 0.050576393789 -0.998720195246 0.000000000000 2.741428259982 0.998720195246 0.050576393789 0.000000000000 1.712545622396 0.000000000000 0.000000000000 1.000000000000 0.000000000000
138 0.051140715621 -0.998691457461 0.000000000000 2.741621090705 0.998691457461 0.051140715621 0.000000000000 1.715435675918 0.000000000000 0.000000000000 1.000000000000 0.000000000000
139 0.051819636931 -0.998656460064 0.000000000000 2.741876438121 0.998656460064 0.051819636931 0.000000000000 1.719276565965 0.000000000000 0.000000000000 1.000000000000 0.000000000000
140 0.051212922985 -0.998687757269 0.000000000000 2.742073220312 0.998687757269 0.051212922985 0.000000000000 1.722465821155 0.000000000000 0.000000000000 1.000000000000 0.000000000000
141 0.050687519927 -0.998714561486 0.000000000000 2.742243625096 0.998714561486 0.050687519927 0.000000000000 1.725227576858 0.000000000000 0.000000000000 1.000000000000 0.000000000000
142 0.050000176450 -0.998749208938 0.000000000000 2.742466545403 0.998749208938 0.050000176450 0.000000000000 1.728840453311 0.000000000000 0.000000000000 1.000000000000 0.000000000000
143 0.049239492719 -0.998787000494 0.000000000000 2.742683254788 0.998787000494 0.049239492719 0.000000000000 1.732371973759 0.000000000000 0.000000000000 1.000000000000 0.000000000000
144 0.048346607807 -0.998830619031 0.000000000000 2.742850152765 0.998830619031 0.048346607807 0.000000000000 1.735155857741 0.000000000000 0.000000000000 1.000000000000 0.000000000000
145 0.047583590006 -0.998867259430 0.000000000000 2.742992770264 0.998867259430 0.047583590006 0.000000000000 1.737534739615 0.000000000000 0.000000000000 1.000000000000 0.000000000000
146 0.046566230281 -0.998915204708 0.000000000000 2.743182919369 0.998915204708 0.046566230281 0.000000000000 1.740706455981 0.000000000000 0.000000000000 1.000000000000 0.000000000000
147 0.046052468162 -0.998939022251 0.000000000000 2.743325112790 0.998939022251 0.046052468162 0.000000000000 1.743053912530 0.000000000000 0.000000000000 1.000000000000 0.000000000000
148 0.046704301884 -0.998908758689 0.000000000000 2.743535100694 0.998908758689 0.046704301884 0.000000000000 1.746381542007 0.000000000000 0.000000000000 1.000000000000 0.000000000000
149 0.047137678317 -0.998888401816 0.000000000000 2.743674716233 0.998888401816 0.047137678317 0.000000000000 1.748593996982 0.000000000000 0.000000000000 1.000000000000 0.000000000000
150 0.047571623573 -0.998867829410 0.000000000000 2.743814517888 0.998867829410 0.047571623573 0.000000000000 1.750809401280 0.000000000000 0.000000000000 1.000000000000 0.000000000000
151 0.047835490944 -0.998855227651 0.000000000000 2.743990760037 0.998855227651 0.047835490944 0.000000000000 1.753716736830 0.000000000000 0.000000000000 1.000000000000 0.000000000000
152 0.047552604898 -0.998868735003 0.000000000000 2.744107642532 0.998868735003 0.047552604898 0.000000000000 1.755829945028 0.000000000000 0.000000000000 1.000000000000 0.000000000000
153 0.047223049595 -0.998884369478 0.000000000000 2.744243805786 0.998884369478 0.047223049595 0.000000000000 1.758291744813 0.000000000000 0.000000000000 1.000000000000 0.000000000000
154 0.046847487460 -0.998902053716 0.000000000000 2.744398975217 0.998902053716 0.046847487460 0.000000000000 1.761097171866 0.000000000000 0.000000000000 1.000000000000 0.000000000000
155 0.046313254208 -0.998926965541 0.000000000000 2.744523771441 0.998926965541 0.046313254208 0.000000000000 1.763193839284 0.000000000000 0.000000000000 1.000000000000 0.000000000000
156 0.044826175300 -0.998994801792 0.000000000000 2.744727959386 0.998994801792 0.044826175300 0.000000000000 1.766202976528 0.000000000000 0.000000000000 1.000000000000 0.000000000000
157 0.043828433936 -0.999039072499 0.000000000000 2.744864949661 0.999039072499 0.043828433936 0.000000000000 1.768221815294 0.000000000000 0.000000000000 1.000000000000 0.000000000000
158 0.042820128524 -0.999082797667 0.000000000000 2.745003384287 0.999082797667 0.042820128524 0.000000000000 1.770261939595 0.000000000000 0.000000000000 1.000000000000 0.000000000000
159 0.041625456672 -0.999133285081 0.000000000000 2.745159523650 0.999133285081 0.041625456672 0.000000000000 1.772914458519 0.000000000000 0.000000000000 1.000000000000 0.000000000000
160 0.040841714751 -0.999165629081 0.000000000000 2.745253094168 0.999165629081 0.040841714751 0.000000000000 1.774919338754 0.000000000000 0.000000000000 1.000000000000 0.000000000000
161 0.039930415688 -0.999202462919 0.000000000000 2.745361889895 0.999202462919 0.039930415688 0.000000000000 1.777250440550 0.000000000000 0.000000000000 1.000000000000 0.000000000000
162 0.038896199515 -0.999243256501 0.000000000000 2.745485355321 0.999243256501 0.038896199515 0.000000000000 1.779895861336 0.000000000000 0.000000000000 1.000000000000 0.000000000000
163 0.038943318546 -0.999241421249 0.000000000000 2.745626758367 0.999241421249 0.038943318546 0.000000000000 1.782585267881 0.000000000000 0.000000000000 1.000000000000 0.000000000000
164 0.039549975553 -0.999217593637 0.000000000000 2.745742178461 0.999217593637 0.039549975553 0.000000000000 1.784623471708 0.000000000000 0.000000000000 1.000000000000 0.000000000000
165 0.040257813964 -0.999189325611 0.000000000000 2.745876852426 0.999189325611 0.040257813964 0.000000000000 1.787001679711 0.000000000000 0.000000000000 1.000000000000 0.000000000000
166 0.041065644384 -0.999156450638 0.000000000000 2.746030555660 0.999156450638 0.041065644384 0.000000000000 1.789715925648 0.000000000000 0.000000000000 1.000000000000 0.000000000000
167 0.040833287648 -0.999165973510 0.000000000000 2.746148855811 0.999165973510 0.040833287648 0.000000000000 1.791978891663 0.000000000000 0.000000000000 1.000000000000 0.000000000000
168 0.039970690979 -0.999200852613 0.000000000000 2.746308504931 0.999200852613 0.039970690979 0.000000000000 1.795144604845 0.000000000000 0.000000000000 1.000000000000 0.000000000000
169 0.039214377066 -0.999230820497 0.000000000000 2.746448478731 0.999230820497 0.039214377066 0.000000000000 1.797920172334 0.000000000000 0.000000000000 1.000000000000 0.000000000000
170 0.038567017813 -0.999256015812 0.000000000000 2.746568284586 0.999256015812 0.038567017813 0.000000000000 1.800295825740 0.000000000000 0.000000000000 1.000000000000 0.000000000000
171 0.037706452254 -0.999288858868 0.000000000000 2.746725435891 0.999288858868 0.037706452254 0.000000000000 1.803303695719 0.000000000000 0.000000000000 1.000000000000 0.000000000000
172 0.037060722863 -0.999313015437 0.000000000000 2.746842512257 0.999313015437 0.037060722863 0.000000000000 1.805500813612 0.000000000000 0.000000000000 1.000000000000 0.000000000000
173 0.036307029642 -0.999340682449 0.000000000000 2.746979159863 0.999340682449 0.036307029642 0.000000000000 1.808065215862 0.000000000000 0.000000000000 1.000000000000 0.000000000000
174 0.035446473338 -0.999371576306 0.000000000000 2.747135177600 0.999371576306 0.035446473338 0.000000000000 1.810993128404 0.000000000000 0.000000000000 1.000000000000 0.000000000000
175 0.035318511303 -0.999376106758 0.000000000000 2.747252714491 0.999376106758 0.035318511303 0.000000000000 1.813140060135 0.000000000000 0.000000000000 1.000000000000 0.000000000000
176 0.035406265046 -0.999373001634 0.000000000000 2.747409751819 0.999373001634 0.035406265046 0.000000000000 1.815979258323 0.000000000000 0.000000000000 1.000000000000 0.000000000000
177 0.035483246060 -0.999370271345 0.000000000000 2.747547511504 0.999370271345 0.035483246060 0.000000000000 1.818469921217 0.000000000000 0.000000000000 1.000000000000 0.000000000000
178 0.035549210362 -0.999367927063 0.000000000000 2.747665556774 0.999367927063 0.035549210362 0.000000000000 1.820604152099 0.000000000000 0.000000000000 1.000000000000 0.000000000000
179 0.034735594732 -0.999396537146 0.000000000000 2.747799216847 0.999396537146 0.034735594732 0.000000000000 1.823402287251 0.000000000000 0.000000000000 1.000000000000 0.000000000000
180 0.033904549980 -0.999425075476 0.000000000000 2.747894418014 0.999425075476 0.033904549980 0.000000000000 1.825503339151 0.000000000000 0.000000000000 1.000000000000 0.000000000000
181 0.032931090760 -0.999457624545 0.000000000000 2.748005930203 0.999457624545 0.032931090760 0.000000000000 1.827964368823 0.000000000000 0.000000000000 1.000000000000 0.000000000000
182 0.031836701333 -0.999493083742 0.000000000000 2.748131290981 0.999493083742 0.031836701333 0.000000000000 1.830731031371 0.000000000000 0.000000000000 1.000000000000 0.000000000000
183 0.032263940411 -0.999479383554 0.000000000000 2.748257445976 0.999479383554 0.032263940411 0.000000000000 1.833515221935 0.000000000000 0.000000000000 1.000000000000 0.000000000000
184 0.032655578974 -0.999466664357 0.000000000000 2.748352154132 0.999466664357 0.032655578974 0.000000000000 1.835605393299 0.000000000000 0.000000000000 1.000000000000 0.000000000000
185 0.033113496074 -0.999451597816 0.000000000000 2.748462891662 0.999451597816 0.033113496074 0.000000000000 1.838049326551 0.000000000000 0.000000000000 1.000000000000 0.000000000000
186 0.033465552581 -0.999439871523 0.000000000000 2.748589332032 0.999439871523 0.033465552581 0.000000000000 1.840852032775 0.000000000000 0.000000000000 1.000000000000 0.000000000000
187 0.032818243958 -0.999461336352 0.000000000000 2.748684772123 0.999461336352 0.032818243958 0.000000000000 1.843032895843 0.000000000000 0.000000000000 1.000000000000 0.000000000000
188 0.031955367516 -0.999489296835 0.000000000000 2.748811992686 0.999489296835 0.031955367516 0.000000000000 1.845939961683 0.000000000000 0.000000000000 1.000000000000 0.000000000000
189 0.031198496983 -0.999513208410 0.000000000000 2.748923581083 0.999513208410 0.031198496983 0.000000000000 1.848489823174 0.000000000000 0.000000000000 1.000000000000 0.000000000000
190 0.030558025944 -0.999532994478 0.000000000000 2.749018975164 0.999532994478 0.030558025944 0.000000000000 1.850662415384 0.000000000000 0.000000000000 1.000000000000 0.000000000000
191 0.029974765347 -0.999550655766 0.000000000000 2.749142219658 0.999550655766 0.029974765347 0.000000000000 1.853201048770 0.000000000000 0.000000000000 1.000000000000 0.000000000000
192 0.029391381526 -0.999567980025 0.000000000000 2.749265488033 0.999567980025 0.029391381526 0.000000000000 1.855740174052 0.000000000000 0.000000000000 1.000000000000 0.000000000000
193 0.028880172402 -0.999582880827 0.000000000000 2.749373504231 0.999582880827 0.028880172402 0.000000000000 1.857965129641 0.000000000000 0.000000000000 1.000000000000 0.000000000000
194 0.026609081312 -0.999645915708 0.000000000000 2.749441667984 0.999645915708 0.026609081312 0.000000000000 1.859545685667 0.000000000000 0.000000000000 1.000000000000 0.000000000000
195 0.017905667119 -0.999839680691 0.000000000000 2.749457109245 0.999839680691 0.017905667119 0.000000000000 1.860645387961 0.000000000000 0.000000000000 1.000000000000 0.000000000000
196 0.011378494070 -0.999935262841 0.000000000000 2.749468687859 0.999935262841 0.011378494070 0.000000000000 1.861469998658 0.000000000000 0.000000000000 1.000000000000 0.000000000000
197 0.003738137416 -0.999993013140 0.000000000000 2.749482240104 0.999993013140 0.003738137416 0.000000000000 1.862435168182 0.000000000000 0.000000000000 1.000000000000 0.000000000000
198 -0.002129087087 -0.999997733492 0.000000000000 2.749492535712 0.999997733492 -0.002129087087 0.000000000000 1.863168405153 0.000000000000 0.000000000000 1.000000000000 0.000000000000
199 -0.003279520659 -0.999994622358 0.000000000000 2.749494365520 0.999994622358 -0.003279520659 0.000000000000 1.863298721214 0.000000000000 0.000000000000 1.000000000000 0.000000000000
200 -0.004811969500 -0.999988422408 0.000000000000 2.749496802949 0.999988422408 -0.004811969500 0.000000000000 1.863472311080 0.000000000000 0.000000000000 1.000000000000 0.000000000000
201 -0.006156742525 -0.999981047081 0.000000000000 2.749498941886 0.999981047081 -0.006156742525 0.000000000000 1.863624642798 0.000000000000 0.000000000000 1.000000000000 0.000000000000
202 -0.006821986314 -0.999976729981 0.000000000000 2.749500000000 0.999976729981 -0.006821986314 0.000000000000 1.863700000000 0.000000000000 0.000000000000 1.000000000000 0.000000000000
203 -0.006821986314 -0.999976729981 0.000000000000 2.749500000000 0.999976729981 -0.006821986314 0.000000000000 1.863700000000 0.000000000000 0.000000000000 1.000000000000 0.000000000000
204 -0.006821986314 -0.999976729981 0.000000000000 2.749500000000 0.999976729981 -0.006821986314 0.000000000000 1.863700000000 0.000000000000 0.000000000000 1.000000000000 0.000000000000
205 -0.006821986314 -0.999976729981 0.000000000000 2.749500000000 0.999976729981 -0.006821986314 0.000000000000 1.863700000000 0.000000000000 0.000000000000 1.000000000000 0.000000000000
206 -0.006821986314 -0.999976729981 0.000000000000 2.749500000000 0.999976729981 -0.006821986314 0.000000000000 1.863700000000 0.000000000000 0.000000000000 1.000000000000 0.000000000000
207 -0.006821986314 -0.999976729981 0.000000000000 2.749500000000 0.999976729981 -0.006821986314 0.000000000000 1.863700000000 0.000000000000 0.000000000000 1.000000000000 0.000000000000
208 -0.006821986314 -0.999976729981 0.000000000000 2.749500000000 0.999976729981 -0.006821986314 0.000000000000 1.863700000000 0.000000000000 0.000000000000 1.000000000000 0.000000000000
209 -0.006821986314 -0.999976729981 0.000000000000 2.749500000000 0.999976729981 -0.006821986314 0.000000000000 1.863700000000 0.000000000000 0.000000000000 1.000000000000 0.000000000000
210 -0.006821986314 -0.999976729981 0.000000000000 2.749500000000 0.999976729981 -0.006821986314 0.000000000000 1.863684190838 0.000000000000 0.000000000000 1.000000000000 0.000000000000
211 -0.006821986314 -0.999976729981 0.000000000000 2.749500000000 0.999976729981 -0.006821986314 0.000000000000 1.863652619803 0.000000000000 0.000000000000 1.000000000000 0.000000000000
212 -0.006821986314 -0.999976729981 0.000000000000 2.749500000000 0.999976729981 -0.006821986314 0.000000000000 1.863628934410 0.000000000000 0.000000000000 1.000000000000 0.000000000000
213 -0.006821986314 -0.999976729981 0.000000000000 2.749500000000 0.999976729981 -0.006821986314 0.000000000000 1.863601275847 0.000000000000 0.000000000000 1.000000000000 0.000000000000
214 -0.006821986314 -0.999976729981 0.000000000000 2.749500000000 0.999976729981 -0.006821986314 0.000000000000 1.863600000000 0.000000000000 0.000000000000 1.000000000000 0.000000000000
215 -0.006821986314 -0.999976729981 0.000000000000 2.749500000000 0.999976729981 -0.006821986314 0.000000000000 1.863600000000 0.000000000000 0.000000000000 1.000000000000 0.000000000000
216 -0.006821986314 -0.999976729981 0.000000000000 2.749500000000 0.999976729981 -0.006821986314 0.000000000000 1.863600000000 0.000000000000 0.000000000000 1.000000000000 0.000000000000
217 -0.006821986314 -0.999976729981 0.000000000000 2.749500000000 0.999976729981 -0.006821986314 0.000000000000 1.863600000000 0.000000000000 0.000000000000 1.000000000000 0.000000000000
218 -0.006821986314 -0.999976729981 0.000000000000 2.749500000000 0.999976729981 -0.006821986314 0.000000000000 1.863600000000 0.000000000000 0.000000000000 1.000000000000 0.000000000000
219 -0.006821986314 -0.999976729981 0.000000000000 2.749500000000 0.999976729981 -0.006821986314 0.000000000000 1.863600000000 0.000000000000 0.000000000000 1.000000000000 0.000000000000
220 -0.006821986314 -0.999976729981 0.000000000000 2.749500000000 0.999976729981 -0.006821986314 0.000000000000 1.863600000000 0.000000000000 0.000000000000 1.000000000000 0.000000000000
221 -0.006243644025 -0.999980508265 0.000000000000 2.749500000000 0.999980508265 -0.006243644025 0.000000000000 1.863204283668 0.000000000000 0.000000000000 1.000000000000 0.000000000000
222 -0.005781717544 -0.999983285731 0.000000000000 2.749500000000 0.999983285731 -0.005781717544 0.000000000000 1.862888222991 0.000000000000 0.000000000000 1.000000000000 0.000000000000
223 -0.005319197895 -0.999985852967 0.000000000000 2.749500000000 0.999985852967 -0.005319197895 0.000000000000 1.862571757301 0.000000000000 0.000000000000 1.000000000000 0.000000000000
224 -0.003864366552 -0.999992533308 0.000000000000 2.749500000000 0.999992533308 -0.003864366552 0.000000000000 1.860897204783 0.000000000000 0.000000000000 1.000000000000 0.000000000000
225 -0.001617679084 -0.999998691556 0.000000000000 2.749500000000 0.999998691556 -0.001617679084 0.000000000000 1.857917375899 0.000000000000 0.000000000000 1.000000000000 0.000000000000
226 0.001018585674 -0.999999481241 0.000000000000 2.749500000000 0.999999481241 0.001018585674 0.000000000000 1.854420855156 0.000000000000 0.000000000000 1.000000000000 0.000000000000
227 0.003981852958 -0.999992072392 0.000000000000 2.749500000000 0.999992072392 0.003981852958 0.000000000000 1.850490613246 0.000000000000 0.000000000000 1.000000000000 0.000000000000
228 0.007859167576 -0.999969116266 0.000000000000 2.749428277864 0.999969116266 0.007859167576 0.000000000000 1.845432532917 0.000000000000 0.000000000000 1.000000000000 0.000000000000
229 0.013729574370 -0.999905744952 0.000000000000 2.749299955301 0.999905744952 0.013729574370 0.000000000000 1.837797340411 0.000000000000 0.000000000000 1.000000000000 0.000000000000
230 0.018896781544 -0.999821439882 0.000000000000 2.749186995725 0.999821439882 0.018896781544 0.000000000000 1.831076245623 0.000000000000 0.000000000000 1.000000000000 0.000000000000
231 0.022241860661 -0.999752619219 0.000000000000 2.749028389339 0.999752619219 0.022241860661 0.000000000000 1.822646829958 0.000000000000 0.000000000000 1.000000000000 0.000000000000
232 0.020778353599 -0.999784106706 0.000000000000 2.748863116417 0.999784106706 0.020778353599 0.000000000000 1.815138717211 0.000000000000 0.000000000000 1.000000000000 0.000000000000
233 0.018583177657 -0.999827317845 0.000000000000 2.748615225909 0.999827317845 0.018583177657 0.000000000000 1.803877405581 0.000000000000 0.000000000000 1.000000000000 0.000000000000
234 0.017120902442 -0.999853426608 0.000000000000 2.748450103992 0.999853426608 0.017120902442 0.000000000000 1.796376152759 0.000000000000 0.000000000000 1.000000000000 0.000000000000
235 0.015081709692 -0.999886264549 0.000000000000 2.748331368633 0.999886264549 0.015081709692 0.000000000000 1.787356968220 0.000000000000 0.000000000000 1.000000000000 0.000000000000
236 0.012101173397 -0.999926778120 0.000000000000 2.748203161634 0.999926778120 0.012101173397 0.000000000000 1.774760630551 0.000000000000 0.000000000000 1.000000000000 0.000000000000
237 0.008742847945 -0.999961780575 0.000000000000 2.748058709615 0.999961780575 0.008742847945 0.000000000000 1.760568219721 0.000000000000 0.000000000000 1.000000000000 0.000000000000
238 0.006720120843 -0.999977419733 0.000000000000 2.747990603009 0.999977419733 0.006720120843 0.000000000000 1.750308238471 0.000000000000 0.000000000000 1.000000000000 0.000000000000
239 0.004493800026 -0.999989902830 0.000000000000 2.747958797920 0.999989902830 0.004493800026 0.000000000000 1.735105405636 0.000000000000 0.000000000000 1.000000000000 0.000000000000
240 0.002818588517 -0.999996027771 0.000000000000 2.747934866164 0.999996027771 0.002818588517 0.000000000000 1.723666026392 0.000000000000 0.000000000000 1.000000000000 0.000000000000
241 0.000390302405 -0.999999923832 0.000000000000 2.747898101285 0.999999923832 0.000390302405 0.000000000000 1.706456018252 0.000000000000 0.000000000000 1.000000000000 0.000000000000
242 0.000701147715 -0.999999754196 0.000000000000 2.747850278923 0.999999754196 0.000701147715 0.000000000000 1.692754911340 0.000000000000 0.000000000000 1.000000000000 0.000000000000
243 0.001114529422 -0.999999378912 0.000000000000 2.747786681710 0.999999378912 0.001114529422 0.000000000000 1.674534309978 0.000000000000 0.000000000000 1.000000000000 0.000000000000
244 0.001425568860 -0.999998983876 0.000000000000 2.747738829450 0.999998983876 0.001425568860 0.000000000000 1.660824637495 0.000000000000 0.000000000000 1.000000000000 0.000000000000
245 0.000117909981 -0.999999993049 0.000000000000 2.747732843174 0.999999993049 0.000117909981 0.000000000000 1.639042389880 0.000000000000 0.000000000000 1.000000000000 0.000000000000
246 -0.002151640523 -0.999997685219 0.000000000000 2.747780623220 0.999997685219 -0.002151640523 0.000000000000 1.623537765094 0.000000000000 0.000000000000 1.000000000000 0.000000000000
247 -0.005174186496 -0.999986613807 0.000000000000 2.747844256218 0.999986613807 -0.005174186496 0.000000000000 1.602888857272 0.000000000000 0.000000000000 1.000000000000 0.000000000000
248 -0.007446173002 -0.999972276870 0.000000000000 2.747892088475 0.999972276870 -0.007446173002 0.000000000000 1.587367289728 0.000000000000 0.000000000000 1.000000000000 0.000000000000
249 -0.008410847397 -0.999964628197 0.000000000000 2.748088450348 0.999964628197 -0.008410847397 0.000000000000 1.585671582858 0.000000000000 0.000000000000 1.000000000000 0.000000000000
250 -0.009194219012 -0.999957732275 0.000000000000 2.748339138983 0.999957732275 -0.009194219012 0.000000000000 1.586831017799 0.000000000000 0.000000000000 1.000000000000 0.000000000000
251 -0.009782854650 -0.999952146732 0.000000000000 2.748527510870 0.999952146732 -0.009782854650 0.000000000000 1.587702237774 0.000000000000 0.000000000000 1.000000000000 0.000000000000
252 -0.010651795775 -0.999943268014 0.000000000000 2.748789988540 0.999943268014 -0.010651795775 0.000000000000 1.572881988886 0.000000000000 0.000000000000 1.000000000000 0.000000000000
253 -0.011584054337 -0.999932902592 0.000000000000 2.749044256600 0.999932902592 -0.011584054337 0.000000000000 1.528752354514 0.000000000000 0.000000000000 1.000000000000 0.000000000000
254 -0.012648128125 -0.999920009228 0.000000000000 2.749334479859 0.999920009228 -0.012648128125 0.000000000000 1.478382495561 0.000000000000 0.000000000000 1.000000000000 0.000000000000
255 -0.013451116832 -0.999909529636 0.000000000000 2.749553495434 0.999909529636 -0.013451116832 0.000000000000 1.440371125761 0.000000000000 0.000000000000 1.000000000000 0.000000000000
256 -0.014863897825 -0.999889526168 0.000000000000 2.749936484952 0.999889526168 -0.014863897825 0.000000000000 1.411463816455 0.000000000000 0.000000000000 1.000000000000 0.000000000000
257 -0.016170500641 -0.999869248907 0.000000000000 2.750290399184 0.999869248907 -0.016170500641 0.000000000000 1.389548358227 0.000000000000 0.000000000000 1.000000000000 0.000000000000
258 -0.017660861291 -0.999844034827 0.000000000000 2.750694096325 0.999844034827 -0.017660861291 0.000000000000 1.364550189102 0.000000000000 0.000000000000 1.000000000000 0.000000000000
259 -0.018307746209 -0.999832399169 0.000000000000 2.751013270155 0.999832399169 -0.018307746209 0.000000000000 1.346015131375 0.000000000000 0.000000000000 1.000000000000 0.000000000000
260 -0.017853818220 -0.999840607885 0.000000000000 2.751467272364 0.999840607885 -0.017853818220 0.000000000000 1.322828589993 0.000000000000 0.000000000000 1.000000000000 0.000000000000
261 -0.017452163447 -0.999847699398 0.000000000000 2.751868989738 0.999847699398 -0.017452163447 0.000000000000 1.302312309800 0.000000000000 0.000000000000 1.000000000000 0.000000000000
262 -0.016832673969 -0.999858320507 0.000000000000 2.752311202194 0.999858320507 -0.016832673969 0.000000000000 1.279269398136 0.000000000000 0.000000000000 1.000000000000 0.000000000000
263 -0.014419388997 -0.999896035206 0.000000000000 2.752454583199 0.999896035206 -0.014419388997 0.000000000000 1.266078345729 0.000000000000 0.000000000000 1.000000000000 0.000000000000
264 -0.011232791111 -0.999936910212 0.000000000000 2.752643901696 0.999936910212 -0.011232791111 0.000000000000 1.248661043933 0.000000000000 0.000000000000 1.000000000000 0.000000000000
265 -0.008432503957 -0.999964445806 0.000000000000 2.752810263485 0.999964445806 -0.008432503957 0.000000000000 1.233355759358 0.000000000000 0.000000000000 1.000000000000 0.000000000000
266 -0.006566054997 -0.999978443229 0.000000000000 2.752933898767 0.999978443229 -0.006566054997 0.000000000000 1.218676183670 0.000000000000 0.000000000000 1.000000000000 0.000000000000
267 -0.005893184259 -0.999982635039 0.000000000000 2.752997982939 0.999982635039 -0.005893184259 0.000000000000 1.206532233060 0.000000000000 0.000000000000 1.000000000000 0.000000000000
268 -0.005388180599 -0.999985483650 0.000000000000 2.753046079291 0.999985483650 -0.005388180599 0.000000000000 1.197417974287 0.000000000000 0.000000000000 1.000000000000 0.000000000000
269 -0.004916642264 -0.999987913241 0.000000000000 2.753102280068 0.999987913241 -0.004916642264 0.000000000000 1.186929811884 0.000000000000 0.000000000000 1.000000000000 0.000000000000
270 -0.007560321165 -0.999971420364 0.000000000000 2.753165984433 0.999971420364 -0.007560321165 0.000000000000 1.179380844721 0.000000000000 0.000000000000 1.000000000000 0.000000000000
271 -0.010199557834 -0.999947983157 0.000000000000 2.753229583023 0.999947983157 -0.010199557834 0.000000000000 1.171844411769 0.000000000000 0.000000000000 1.000000000000 0.000000000000
272 -0.012182418671 -0.999925791584 0.000000000000 2.753277365802 0.999925791584 -0.012182418671 0.000000000000 1.166182152428 0.000000000000 0.000000000000 1.000000000000 0.000000000000
273 -0.012986778747 -0.999915668233 0.000000000000 2.753333723851 0.999915668233 -0.012986778747 0.000000000000 1.160515439155 0.000000000000 0.000000000000 1.000000000000 0.000000000000
274 -0.012734051697 -0.999918918677 0.000000000000 2.753396910839 0.999918918677 -0.012734051697 0.000000000000 1.154923390716 0.000000000000 0.000000000000 1.000000000000 0.000000000000
275 -0.012479475706 -0.999922128311 0.000000000000 2.753460559896 0.999922128311 -0.012479475706 0.000000000000 1.149290449246 0.000000000000 0.000000000000 1.000000000000 0.000000000000
276 -0.012489995613 -0.999921996963 0.000000000000 2.753512944703 0.999921996963 -0.012489995613 0.000000000000 1.145174339333 0.000000000000 0.000000000000 1.000000000000 0.000000000000
277 -0.013575679915 -0.999907846211 0.000000000000 2.753596465978 0.999907846211 -0.013575679915 0.000000000000 1.141137477722 0.000000000000 0.000000000000 1.000000000000 0.000000000000
278 -0.014802280688 -0.999890440242 0.000000000000 2.753690829389 0.999890440242 -0.014802280688 0.000000000000 1.136576579522 0.000000000000 0.000000000000 1.000000000000 0.000000000000
279 -0.016036582243 -0.999871405747 0.000000000000 2.753785786958 0.999871405747 -0.016036582243 0.000000000000 1.131986963706 0.000000000000 0.000000000000 1.000000000000 0.000000000000
280 -0.015988083846 -0.999872182419 0.000000000000 2.753819439514 0.999872182419 -0.015988083846 0.000000000000 1.128928379333 0.000000000000 0.000000000000 1.000000000000 0.000000000000
281 -0.015651350339 -0.999877510114 0.000000000000 2.753847504151 0.999877510114 -0.015651350339 0.000000000000 1.125504493530 0.000000000000 0.000000000000 1.000000000000 0.000000000000
282 -0.015269610585 -0.999883412700 0.000000000000 2.753879319600 0.999883412700 -0.015269610585 0.000000000000 1.121623008761 0.000000000000 0.000000000000 1.000000000000 0.000000000000
283 -0.014482782180 -0.999895119010 0.000000000000 2.753921989825 0.999895119010 -0.014482782180 0.000000000000 1.117725635953 0.000000000000 0.000000000000 1.000000000000 0.000000000000
284 -0.012959159680 -0.999916026564 0.000000000000 2.753984184359 0.999916026564 -0.012959159680 0.000000000000 1.113838477560 0.000000000000 0.000000000000 1.000000000000 0.000000000000
285 -0.011625393363 -0.999932422831 0.000000000000 2.754038627918 0.999932422831 -0.011625393363 0.000000000000 1.110435755127 0.000000000000 0.000000000000 1.000000000000 0.000000000000
286 -0.010123075791 -0.999948760356 0.000000000000 2.754100403155 0.999948760356 -0.010123075791 0.000000000000 1.106548799342 0.000000000000 0.000000000000 1.000000000000 0.000000000000
287 -0.010196015538 -0.999948019283 0.000000000000 2.754124717659 0.999948019283 -0.010196015538 0.000000000000 1.103460857313 0.000000000000 0.000000000000 1.000000000000 0.000000000000
288 -0.010305311790 -0.999946898865 0.000000000000 2.754161151657 0.999946898865 -0.010305311790 0.000000000000 1.098833739544 0.000000000000 0.000000000000 1.000000000000 0.000000000000
289 -0.010378194949 -0.999946145085 0.000000000000 2.754185447343 0.999946145085 -0.010378194949 0.000000000000 1.095748187492 0.000000000000 0.000000000000 1.000000000000 0.000000000000
290 -0.010671775216 -0.999943054986 0.000000000000 2.754283312853 0.999943054986 -0.010671775216 0.000000000000 1.088859572412 0.000000000000 0.000000000000 1.000000000000 0.000000000000
291 -0.010887881199 -0.999940725265 0.000000000000 2.754355352366 0.999940725265 -0.010887881199 0.000000000000 1.084501181832 0.000000000000 0.000000000000 1.000000000000 0.000000000000
292 -0.010962446700 -0.999939910576 0.000000000000 2.754401696370 0.999939910576 -0.010962446700 0.000000000000 1.081589650121 0.000000000000 0.000000000000 1.000000000000 0.000000000000
293 -0.009859070077 -0.999951398188 0.000000000000 2.754433223127 0.999951398188 -0.009859070077 0.000000000000 1.077680332314 0.000000000000 0.000000000000 1.000000000000 0.000000000000
294 -0.009029622378 -0.999959232129 0.000000000000 2.754456922690 0.999959232129 -0.009029622378 0.000000000000 1.074741586461 0.000000000000 0.000000000000 1.000000000000 0.000000000000
295 -0.007786570984 -0.999969684197 0.000000000000 2.754492439702 0.999969684197 -0.007786570984 0.000000000000 1.070337476985 0.000000000000 0.000000000000 1.000000000000 0.000000000000
296 -0.007144397500 -0.999974478467 0.000000000000 2.754516416563 0.999974478467 -0.007144397500 0.000000000000 1.067462845554 0.000000000000 0.000000000000 1.000000000000 0.000000000000
297 -0.006406093904 -0.999979480770 0.000000000000 2.754548517457 0.999979480770 -0.006406093904 0.000000000000 1.063674940078 0.000000000000 0.000000000000 1.000000000000 0.000000000000
298 -0.005851369842 -0.999982880589 0.000000000000 2.754572636348 0.999982880589 -0.005851369842 0.000000000000 1.060828910966 0.000000000000 0.000000000000 1.000000000000 0.000000000000
299 -0.004780065022 -0.999988575424 0.000000000000 2.754600000000 0.999988575424 -0.004780065022 0.000000000000 1.056525440301 0.000000000000 0.000000000000 1.000000000000 0.000000000000
300 -0.003572405706 -0.999993618938 0.000000000000 2.754600000000 0.999993618938 -0.003572405706 0.000000000000 1.053589144806 0.000000000000 0.000000000000 1.000000000000 0.000000000000
301 -0.001963461331 -0.999998072408 0.000000000000 2.754600000000 0.999998072408 -0.001963461331 0.000000000000 1.049677186213 0.000000000000 0.000000000000 1.000000000000 0.000000000000
302 -0.000753272897 -0.999999716290 0.000000000000 2.754600000000 0.999999716290 -0.000753272897 0.000000000000 1.046734764381 0.000000000000 0.000000000000 1.000000000000 0.000000000000
303 -0.000741282791 -0.999999725250 0.000000000000 2.754600000000 0.999999725250 -0.000741282791 0.000000000000 1.039483904968 0.000000000000 0.000000000000 1.000000000000 0.000000000000
304 -0.001158605384 -0.999999328817 0.000000000000 2.754600000000 0.999999328817 -0.001158605384 0.000000000000 1.035631694656 0.000000000000 0.000000000000 1.000000000000 0.000000000000
305 -0.001418117660 -0.999998994471 0.000000000000 2.754600000000 0.999998994471 -0.001418117660 0.000000000000 1.032733389631 0.000000000000 0.000000000000 1.000000000000 0.000000000000
306 -0.001390595527 -0.999999033122 0.000000000000 2.754600000000 0.999999033122 -0.001390595527 0.000000000000 1.029458252595 0.000000000000 0.000000000000 1.000000000000 0.000000000000
307 -0.001359308311 -0.999999076140 0.000000000000 2.754600000000 0.999999076140 -0.001359308311 0.000000000000 1.025735070368 0.000000000000 0.000000000000 1.000000000000 0.000000000000
308 -0.001327897410 -0.999999118344 0.000000000000 2.754600000000 0.999999118344 -0.001327897410 0.000000000000 1.021997169802 0.000000000000 0.000000000000 1.000000000000 0.000000000000
309 -0.001995626260 -0.999998008736 0.000000000000 2.754600000000 0.999998008736 -0.001995626260 0.000000000000 1.019115389123 0.000000000000 0.000000000000 1.000000000000 0.000000000000
310 -0.003337688960 -0.999994429901 0.000000000000 2.754600000000 0.999994429901 -0.003337688960 0.000000000000 1.014762737536 0.000000000000 0.000000000000 1.000000000000 0.000000000000
311 -0.004232198758 -0.999991044207 0.000000000000 2.754600000000 0.999991044207 -0.004232198758 0.000000000000 1.011861603800 0.000000000000 0.000000000000 1.000000000000 0.000000000000
312 -0.005300806672 -0.999985950626 0.000000000000 2.754610722779 0.999985950626 -0.005300806672 0.000000000000 1.008023989243 0.000000000000 0.000000000000 1.000000000000 0.000000000000
313 -0.005926967051 -0.999982435377 0.000000000000 2.754634806251 0.999982435377 -0.005926967051 0.000000000000 1.005158056148 0.000000000000 0.000000000000 1.000000000000 0.000000000000
314 -0.006854509206 -0.999976507576 0.000000000000 2.754670481679 0.999976507576 -0.006854509206 0.000000000000 1.000912680208 0.000000000000 0.000000000000 1.000000000000 0.000000000000
315 -0.007476164753 -0.999972053090 0.000000000000 2.754694392122 0.999972053090 -0.007476164753 0.000000000000 0.998067337498 0.000000000000 0.000000000000 1.000000000000 0.000000000000
316 -0.007308357551 -0.999973293598 0.000000000000 2.754726134718 0.999973293598 -0.007308357551 0.000000000000 0.994420642124 0.000000000000 0.000000000000 1.000000000000 0.000000000000
317 -0.007020434218 -0.999975356448 0.000000000000 2.754750128945 0.999975356448 -0.007020434218 0.000000000000 0.991685300241 0.000000000000 0.000000000000 1.000000000000 0.000000000000
318 -0.006688535519 -0.999977631496 0.000000000000 2.754777787820 0.999977631496 -0.006688535519 0.000000000000 0.988532188520 0.000000000000 0.000000000000 1.000000000000 0.000000000000
319 -0.006344884355 -0.999979871019 0.000000000000 2.754800000000 0.999979871019 -0.006344884355 0.000000000000 0.985604799446 0.000000000000 0.000000000000 1.000000000000 0.000000000000
320 -0.006088604075 -0.999981464278 0.000000000000 2.754800000000 0.999981464278 -0.006088604075 0.000000000000 0.984291337627 0.000000000000 0.000000000000 1.000000000000 0.000000000000
321 -0.005895048710 -0.999982624049 0.000000000000 2.754800000000 0.999982624049 -0.005895048710 0.000000000000 0.983299348572 0.000000000000 0.000000000000 1.000000000000 0.000000000000
322 -0.005645436564 -0.999984064396 0.000000000000 2.754800000000 0.999984064396 -0.005645436564 0.000000000000 0.981964875659 0.000000000000 0.000000000000 1.000000000000 0.000000000000
323 -0.005952358659 -0.999982284556 0.000000000000 2.754800000000 0.999982284556 -0.005952358659 0.000000000000 0.982814828064 0.000000000000 0.000000000000 1.000000000000 0.000000000000
324 -0.006356007117 -0.999979800383 0.000000000000 2.754800000000 0.999979800383 -0.006356007117 0.000000000000 0.983932644968 0.000000000000 0.000000000000 1.000000000000 0.000000000000
325 -0.006356007117 -0.999979800383 0.000000000000 2.754800000000 0.999979800383 -0.006356007117 0.000000000000 0.983932644968 0.000000000000 0.000000000000 1.000000000000 0.000000000000
326 -0.006356007117 -0.999979800383 0.000000000000 2.754800000000 0.999979800383 -0.006356007117 0.000000000000 0.983932644968 0.000000000000 0.000000000000 1.000000000000 0.000000000000
327 -0.006356007117 -0.999979800383 0.000000000000 2.754800000000 0.999979800383 -0.006356007117 0.000000000000 0.983932644968 0.000000000000 0.000000000000 1.000000000000 0.000000000000
328 -0.006356007117 -0.999979800383 0.000000000000 2.754800000000 0.999979800383 -0.006356007117 0.000000000000 0.983932644968 0.000000000000 0.000000000000 1.000000000000 0.000000000000
329 -0.006356007117 -0.999979800383 0.000000000000 2.754800000000 0.999979800383 -0.006356007117 0.000000000000 0.983932644968 0.000000000000 0.000000000000 1.000000000000 0.000000000000
330 -0.006356007117 -0.999979800383 0.000000000000 2.754800000000 0.999979800383 -0.006356007117 0.000000000000 0.983932644968 0.000000000000 0.000000000000 1.000000000000 0.000000000000
331 -0.006356007117 -0.999979800383 0.000000000000 2.754800000000 0.999979800383 -0.006356007117 0.000000000000 0.983932644968 0.000000000000 0.000000000000 1.000000000000 0.000000000000
332 -0.006356007117 -0.999979800383 0.000000000000 2.754800000000 0.999979800383 -0.006356007117 0.000000000000 0.983932644968 0.000000000000 0.000000000000 1.000000000000 0.000000000000
333 -0.006356007117 -0.999979800383 0.000000000000 2.754800000000 0.999979800383 -0.006356007117 0.000000000000 0.983932644968 0.000000000000 0.000000000000 1.000000000000 0.000000000000
334 -0.006356007117 -0.999979800383 0.000000000000 2.754800000000 0.999979800383 -0.006356007117 0.000000000000 0.983932644968 0.000000000000 0.000000000000 1.000000000000 0.000000000000
335 -0.006356007117 -0.999979800383 0.000000000000 2.754800000000 0.999979800383 -0.006356007117 0.000000000000 0.983932644968 0.000000000000 0.000000000000 1.000000000000 0.000000000000
336 -0.006356007117 -0.999979800383 0.000000000000 2.754800000000 0.999979800383 -0.006356007117 0.000000000000 0.983932644968 0.000000000000 0.000000000000 1.000000000000 0.000000000000
337 -0.006356007117 -0.999979800383 0.000000000000 2.754800000000 0.999979800383 -0.006356007117 0.000000000000 0.983932644968 0.000000000000 0.000000000000 1.000000000000 0.000000000000
338 -0.006356007117 -0.999979800383 0.000000000000 2.754800000000 0.999979800383 -0.006356007117 0.000000000000 0.983932644968 0.000000000000 0.000000000000 1.000000000000 0.000000000000
339 -0.006356007117 -0.999979800383 0.000000000000 2.754800000000 0.999979800383 -0.006356007117 0.000000000000 0.983932644968 0.000000000000 0.000000000000 1.000000000000 0.000000000000
340 -0.006356007117 -0.999979800383 0.000000000000 2.754800000000 0.999979800383 -0.006356007117 0.000000000000 0.983932644968 0.000000000000 0.000000000000 1.000000000000 0.000000000000
341 -0.006356007117 -0.999979800383 0.000000000000 2.754800000000 0.999979800383 -0.006356007117 0.000000000000 0.983932644968 0.000000000000 0.000000000000 1.000000000000 0.000000000000
342 -0.006356007117 -0.999979800383 0.000000000000 2.754800000000 0.999979800383 -0.006356007117 0.000000000000 0.983932644968 0.000000000000 0.000000000000 1.000000000000 0.000000000000
343 -0.006356007117 -0.999979800383 0.000000000000 2.754800000000 0.999979800383 -0.006356007117 0.000000000000 0.983932644968 0.000000000000 0.000000000000 1.000000000000 0.000000000000
344 -0.006356007117 -0.999979800383 0.000000000000 2.754800000000 0.999979800383 -0.006356007117 0.000000000000 0.983932644968 0.000000000000 0.000000000000 1.000000000000 0.000000000000
345 -0.006356007117 -0.999979800383 0.000000000000 2.754800000000 0.999979800383 -0.006356007117 0.000000000000 0.983932644968 0.000000000000 0.000000000000 1.000000000000 0.000000000000
346 -0.006356007117 -0.999979800383 0.000000000000 2.754800000000 0.999979800383 -0.006356007117 0.000000000000 0.983932644968 0.000000000000 0.000000000000 1.000000000000 0.000000000000
347 -0.006356007117 -0.999979800383 0.000000000000 2.754800000000 0.999979800383 -0.006356007117 0.000000000000 0.983932644968 0.000000000000 0.000000000000 1.000000000000 0.000000000000
348 -0.006356007117 -0.999979800383 0.000000000000 2.754800000000 0.999979800383 -0.006356007117 0.000000000000 0.983932644968 0.000000000000 0.000000000000 1.000000000000 0.000000000000
349 -0.006356007117 -0.999979800383 0.000000000000 2.754800000000 0.999979800383 -0.006356007117 0.000000000000 0.983932644968 0.000000000000 0.000000000000 1.000000000000 0.000000000000
350 -0.006356007117 -0.999979800383 0.000000000000 2.754800000000 0.999979800383 -0.006356007117 0.000000000000 0.983932644968 0.000000000000 0.000000000000 1.000000000000 0.000000000000
351 -0.006356007117 -0.999979800383 0.000000000000 2.754800000000 0.999979800383 -0.006356007117 0.000000000000 0.983932644968 0.000000000000 0.000000000000 1.000000000000 0.000000000000
352 -0.006356007117 -0.999979800383 0.000000000000 2.754800000000 0.999979800383 -0.006356007117 0.000000000000 0.983932644968 0.000000000000 0.000000000000 1.000000000000 0.000000000000
353 -0.006356007117 -0.999979800383 0.000000000000 2.754800000000 0.999979800383 -0.006356007117 0.000000000000 0.983932644968 0.000000000000 0.000000000000 1.000000000000 0.000000000000
354 -0.006356007117 -0.999979800383 0.000000000000 2.754800000000 0.999979800383 -0.006356007117 0.000000000000 0.983932644968 0.000000000000 0.000000000000 1.000000000000 0.000000000000
355 -0.006356007117 -0.999979800383 0.000000000000 2.754800000000 0.999979800383 -0.006356007117 0.000000000000 0.983932644968 0.000000000000 0.000000000000 1.000000000000 0.000000000000
356 -0.006356007117 -0.999979800383 0.000000000000 2.754800000000 0.999979800383 -0.006356007117 0.000000000000 0.983932644968 0.000000000000 0.000000000000 1.000000000000 0.000000000000
357 -0.006356007117 -0.999979800383 0.000000000000 2.754800000000 0.999979800383 -0.006356007117 0.000000000000 0.983932644968 0.000000000000 0.000000000000 1.000000000000 0.000000000000
358 -0.006356007117 -0.999979800383 0.000000000000 2.754800000000 0.999979800383 -0.006356007117 0.000000000000 0.983932644968 0.000000000000 0.000000000000 1.000000000000 0.000000000000
359 -0.006356007117 -0.999979800383 0.000000000000 2.754800000000 0.999979800383 -0.006356007117 0.000000000000 0.983932644968 0.000000000000 0.000000000000 1.000000000000 0.000000000000
360 -0.006356007117 -0.999979800383 0.000000000000 2.754800000000 0.999979800383 -0.006356007117 0.000000000000 0.983932644968 0.000000000000 0.000000000000 1.000000000000 0.000000000000
361 -0.006356007117 -0.999979800383 0.000000000000 2.754800000000 0.999979800383 -0.006356007117 0.000000000000 0.983932644968 0.000000000000 0.000000000000 1.000000000000 0.000000000000
362 -0.006356007117 -0.999979800383 0.000000000000 2.754800000000 0.999979800383 -0.006356007117 0.000000000000 0.983932644968 0.000000000000 0.000000000000 1.000000000000 0.000000000000
363 -0.006356007117 -0.999979800383 0.000000000000 2.754800000000 0.999979800383 -0.006356007117 0.000000000000 0.983932644968 0.000000000000 0.000000000000 1.000000000000 0.000000000000
364 -0.006356007117 -0.999979800383 0.000000000000 2.754800000000 0.999979800383 -0.006356007117 0.000000000000 0.983932644968 0.000000000000 0.000000000000 1.000000000000 0.000000000000
365 -0.006356007117 -0.999979800383 0.000000000000 2.754800000000 0.999979800383 -0.006356007117 0.000000000000 0.983932644968 0.000000000000 0.000000000000 1.000000000000 0.000000000000
366 -0.006356007117 -0.999979800383 0.000000000000 2.754800000000 0.999979800383 -0.006356007117 0.000000000000 0.983932644968 0.000000000000 0.000000000000 1.000000000000 0.000000000000
367 -0.006356007117 -0.999979800383 0.000000000000 2.754800000000 0.999979800383 -0.006356007117 0.000000000000 0.983932644968 0.000000000000 0.000000000000 1.000000000000 0.000000000000
368 -0.006356007117 -0.999979800383 0.000000000000 2.754800000000 0.999979800383 -0.006356007117 0.000000000000 0.983932644968 0.000000000000 0.000000000000 1.000000000000 0.000000000000
369 -0.006356007117 -0.999979800383 0.000000000000 2.754800000000 0.999979800383 -0.006356007117 0.000000000000 0.983932644968 0.000000000000 0.000000000000 1.000000000000 0.000000000000
370 -0.006356007117 -0.999979800383 0.000000000000 2.754800000000 0.999979800383 -0.006356007117 0.000000000000 0.983932644968 0.000000000000 0.000000000000 1.000000000000 0.000000000000
371 -0.006356007117 -0.999979800383 0.000000000000 2.754800000000 0.999979800383 -0.006356007117 0.000000000000 0.983932644968 0.000000000000 0.000000000000 1.000000000000 0.000000000000
372 -0.006356007117 -0.999979800383 0.000000000000 2.754800000000 0.999979800383 -0.006356007117 0.000000000000 0.983932644968 0.000000000000 0.000000000000 1.000000000000 0.000000000000
373 -0.006356007117 -0.999979800383 0.000000000000 2.754800000000 0.999979800383 -0.006356007117 0.000000000000 0.983932644968 0.000000000000 0.000000000000 1.000000000000 0.000000000000
374 -0.006356007117 -0.999979800383 0.000000000000 2.754800000000 0.999979800383 -0.006356007117 0.000000000000 0.983932644968 0.000000000000 0.000000000000 1.000000000000 0.000000000000
375 -0.006356007117 -0.999979800383 0.000000000000 2.754800000000 0.999979800383 -0.006356007117 0.000000000000 0.983932644968 0.000000000000 0.000000000000 1.000000000000 0.000000000000
376 -0.006356007117 -0.999979800383 0.000000000000 2.754800000000 0.999979800383 -0.006356007117 0.000000000000 0.983932644968 0.000000000000 0.000000000000 1.000000000000 0.000000000000
377 -0.006356007117 -0.999979800383 0.000000000000 2.754800000000 0.999979800383 -0.006356007117 0.000000000000 0.983932644968 0.000000000000 0.000000000000 1.000000000000 0.000000000000
378 -0.006356007117 -0.999979800383 0.000000000000 2.754800000000 0.999979800383 -0.006356007117 0.000000000000 0.983932644968 0.000000000000 0.000000000000 1.000000000000 0.000000000000
379 -0.006356007117 -0.999979800383 0.000000000000 2.754800000000 0.999979800383 -0.006356007117 0.000000000000 0.983932644968 0.000000000000 0.000000000000 1.000000000000 0.000000000000
380 -0.006356007117 -0.999979800383 0.000000000000 2.754800000000 0.999979800383 -0.006356007117 0.000000000000 0.983932644968 0.000000000000 0.000000000000 1.000000000000 0.000000000000
381 -0.006356007117 -0.999979800383 0.000000000000 2.754800000000 0.999979800383 -0.006356007117 0.000000000000 0.983932644968 0.000000000000 0.000000000000 1.000000000000 0.000000000000
382 -0.006356007117 -0.999979800383 0.000000000000 2.754800000000 0.999979800383 -0.006356007117 0.000000000000 0.983932644968 0.000000000000 0.000000000000 1.000000000000 0.000000000000
383 -0.006356007117 -0.999979800383 0.000000000000 2.754800000000 0.999979800383 -0.006356007117 0.000000000000 0.983932644968 0.000000000000 0.000000000000 1.000000000000 0.000000000000
384 -0.006356007117 -0.999979800383 0.000000000000 2.754800000000 0.999979800383 -0.006356007117 0.000000000000 0.983932644968 0.000000000000 0.000000000000 1.000000000000 0.000000000000
385 -0.006356007117 -0.999979800383 0.000000000000 2.754800000000 0.999979800383 -0.006356007117 0.000000000000 0.983932644968 0.000000000000 0.000000000000 1.000000000000 0.000000000000
386 -0.006356007117 -0.999979800383 0.000000000000 2.754800000000 0.999979800383 -0.006356007117 0.000000000000 0.983932644968 0.000000000000 0.000000000000 1.000000000000 0.000000000000
387 -0.006356007117 -0.999979800383 0.000000000000 2.754800000000 0.999979800383 -0.006356007117 0.000000000000 0.983932644968 0.000000000000 0.000000000000 1.000000000000 0.000000000000
388 -0.006356007117 -0.999979800383 0.000000000000 2.754800000000 0.999979800383 -0.006356007117 0.000000000000 0.983932644968 0.000000000000 0.000000000000 1.000000000000 0.000000000000
389 -0.006356007117 -0.999979800383 0.000000000000 2.754800000000 0.999979800383 -0.006356007117 0.000000000000 0.983932644968 0.000000000000 0.000000000000 1.000000000000 0.000000000000
390 -0.006356007117 -0.999979800383 0.000000000000 2.754800000000 0.999979800383 -0.006356007117 0.000000000000 0.983932644968 0.000000000000 0.000000000000 1.000000000000 0.000000000000
391 -0.006356007117 -0.999979800383 0.000000000000 2.754800000000 0.999979800383 -0.006356007117 0.000000000000 0.983932644968 0.000000000000 0.000000000000 1.000000000000 0.000000000000
392 -0.006356007117 -0.999979800383 0.000000000000 2.754800000000 0.999979800383 -0.006356007117 0.000000000000 0.983932644968 0.000000000000 0.000000000000 1.000000000000 0.000000000000
393 -0.006356007117 -0.999979800383 0.000000000000 2.754800000000 0.999979800383 -0.006356007117 0.000000000000 0.983932644968 0.000000000000 0.000000000000 1.000000000000 0.000000000000
394 -0.006356007117 -0.999979800383 0.000000000000 2.754800000000 0.999979800383 -0.006356007117 0.000000000000 0.983932644968 0.000000000000 0.000000000000 1.000000000000 0.000000000000
395 -0.006356007117 -0.999979800383 0.000000000000 2.754800000000 0.999979800383 -0.006356007117 0.000000000000 0.983932644968 0.000000000000 0.000000000000 1.000000000000 0.000000000000
396 -0.006356007117 -0.999979800383 0.000000000000 2.754800000000 0.999979800383 -0.006356007117 0.000000000000 0.983932644968 0.000000000000 0.000000000000 1.000000000000 0.000000000000
397 -0.006356007117 -0.999979800383 0.000000000000 2.754800000000 0.999979800383 -0.006356007117 0.000000000000 0.983932644968 0.000000000000 0.000000000000 1.000000000000 0.000000000000
398 -0.006356007117 -0.999979800383 0.000000000000 2.754800000000 0.999979800383 -0.006356007117 0.000000000000 0.983932644968 0.000000000000 0.000000000000 1.000000000000 0.000000000000
399 -0.006356007117 -0.999979800383 0.000000000000 2.754800000000 0.999979800383 -0.006356007117 0.000000000000 0.983932644968 0.000000000000 0.000000000000 1.000000000000 0.000000000000
