0 0.999999327078 0.001160105060 0.000000000000 0.409739525529 -0.001160105060 0.999999327078 0.000000000000 0.249331542440 0.000000000000 0.000000000000 1.000000000000 0.000000000000
1 0.999998765103 -0.001571557171 0.000000000000 0.483909456461 0.001571557171 0.999998765103 0.000000000000 0.249315994983 0.000000000000 0.000000000000 1.000000000000 0.000000000000
2 0.999997335449 -0.002308483237 0.000000000000 0.500153901117 0.002308483237 0.999997335449 0.000000000000 0.249348035308 0.000000000000 0.000000000000 1.000000000000 0.000000000000
3 0.999995103358 -0.003129418604 0.000000000000 0.518250239440 0.003129418604 0.999995103358 0.000000000000 0.249383728283 0.000000000000 0.000000000000 1.000000000000 0.000000000000
4 0.999993675439 -0.003556554801 0.000000000000 0.530360903816 0.003556554801 0.999993675439 0.000000000000 0.249437777924 0.000000000000 0.000000000000 1.000000000000 0.000000000000
5 0.999992867579 -0.003776875795 0.000000000000 0.546444444575 0.003776875795 0.999992867579 0.000000000000 0.249595151121 0.000000000000 0.000000000000 1.000000000000 0.000000000000
6 0.999992229494 -0.003942201453 0.000000000000 0.558513307481 0.003942201453 0.999992229494 0.000000000000 0.249713241756 0.000000000000 0.000000000000 1.000000000000 0.000000000000
7 0.999991219770 -0.004190510965 0.000000000000 0.576640051782 0.004190510965 0.999991219770 0.000000000000 0.249890607160 0.000000000000 0.000000000000 1.000000000000 0.000000000000
8 0.999991620013 -0.004093886250 0.000000000000 0.588731237695 0.004093886250 0.999991620013 0.000000000000 0.249878044896 0.000000000000 0.000000000000 1.000000000000 0.000000000000
9 0.999992256968 -0.003935226128 0.000000000000 0.604819503711 0.003935226128 0.999992256968 0.000000000000 0.249846312616 0.000000000000 0.000000000000 1.000000000000 0.000000000000
10 0.999992869125 -0.003776466517 0.000000000000 0.620917847914 0.003776466517 0.999992869125 0.000000000000 0.249814560458 0.000000000000 0.000000000000 1.000000000000 0.000000000000
11 0.999994331030 -0.003367180991 0.000000000000 0.635056635885 0.003367180991 0.999994331030 0.000000000000 0.249813459434 0.000000000000 0.000000000000 1.000000000000 0.000000000000
12 0.999996198585 -0.002757320504 0.000000000000 0.647302692079 0.002757320504 0.999996198585 0.000000000000 0.249837853968 0.000000000000 0.000000000000 1.000000000000 0.000000000000
13 0.999998082677 -0.001958224346 0.000000000000 0.663348587967 0.001958224346 0.999998082677 0.000000000000 0.249869817904 0.000000000000 0.000000000000 1.000000000000 0.000000000000
14 0.999999270881 -0.001207575081 0.000000000000 0.679483346779 0.001207575081 0.999999270881 0.000000000000 0.249901951085 0.000000000000 0.000000000000 1.000000000000 0.000000000000
15 0.999999202268 -0.001263116441 0.000000000000 0.693479780052 0.001263116441 0.999999202268 0.000000000000 0.249929721786 0.000000000000 0.000000000000 1.000000000000 0.000000000000
16 0.999999120289 -0.001326431463 0.000000000000 0.709435178973 0.001326431463 0.999999120289 0.000000000000 0.249961379323 0.000000000000 0.000000000000 1.000000000000 0.000000000000
17 0.999999055560 -0.001374364746 0.000000000000 0.721514377309 0.001374364746 0.999999055560 0.000000000000 0.249985345987 0.000000000000 0.000000000000 1.000000000000 0.000000000000
18 0.999998451366 -0.001759904775 0.000000000000 0.724404685386 0.001759904775 0.999998451366 0.000000000000 0.250016963451 0.000000000000 0.000000000000 1.000000000000 0.000000000000
19 0.999997248131 -0.002346002880 0.000000000000 0.717008669807 0.002346002880 0.999997248131 0.000000000000 0.250044872944 0.000000000000 0.000000000000 1.000000000000 0.000000000000
20 0.999995453812 -0.003015353211 0.000000000000 0.708562075599 0.003015353211 0.999995453812 0.000000000000 0.250076746885 0.000000000000 0.000000000000 1.000000000000 0.000000000000
21 0.999993618651 -0.003572486205 0.000000000000 0.713325270108 0.003572486205 0.999993618651 0.000000000000 0.250117205150 0.000000000000 0.000000000000 1.000000000000 0.000000000000
22 0.999992919662 -0.003763060681 0.000000000000 0.743579171669 0.003763060681 0.999992919662 0.000000000000 0.250164849089 0.000000000000 0.000000000000 1.000000000000 0.000000000000
23 0.999992050329 -0.003987389988 0.000000000000 0.779191716687 0.003987389988 0.999992050329 0.000000000000 0.250220931837 0.000000000000 0.000000000000 1.000000000000 0.000000000000
24 0.999991016557 -0.004238726822 0.000000000000 0.819091776711 0.004238726822 0.999991016557 0.000000000000 0.250283766577 0.000000000000 0.000000000000 1.000000000000 0.000000000000
25 0.999992490667 -0.003875385156 0.000000000000 0.841249034307 0.003875385156 0.999992490667 0.000000000000 0.250347586483 0.000000000000 0.000000000000 1.000000000000 0.000000000000
26 0.999994320548 -0.003370292479 0.000000000000 0.855223356891 0.003370292479 0.999994320548 0.000000000000 0.250403708261 0.000000000000 0.000000000000 1.000000000000 0.000000000000
27 0.999996096163 -0.002794218655 0.000000000000 0.871161475293 0.002794218655 0.999996096163 0.000000000000 0.250467716768 0.000000000000 0.000000000000 1.000000000000 0.000000000000
28 0.999997188603 -0.002371241498 0.000000000000 0.883079404925 0.002371241498 0.999997188603 0.000000000000 0.250507789970 0.000000000000 0.000000000000 1.000000000000 0.000000000000
29 0.999998323801 -0.001830954736 0.000000000000 0.898906664012 0.001830954736 0.999998323801 0.000000000000 0.250539571614 0.000000000000 0.000000000000 1.000000000000 0.000000000000
30 0.999999079995 -0.001356469076 0.000000000000 0.912806320535 0.001356469076 0.999999079995 0.000000000000 0.250567482571 0.000000000000 0.000000000000 1.000000000000 0.000000000000
31 0.999999667161 -0.000815891299 0.000000000000 0.928642079064 0.000815891299 0.999999667161 0.000000000000 0.250599281283 0.000000000000 0.000000000000 1.000000000000 0.000000000000
32 0.999999746929 -0.000711436865 0.000000000000 0.940552594119 0.000711436865 0.999999746929 0.000000000000 0.250600000000 0.000000000000 0.000000000000 1.000000000000 0.000000000000
33 0.999999828061 -0.000586410928 0.000000000000 0.956212096043 0.000586410928 0.999999828061 0.000000000000 0.250600000000 0.000000000000 0.000000000000 1.000000000000 0.000000000000
34 0.999999886716 -0.000475992035 0.000000000000 0.970042064324 0.000475992035 0.999999886716 0.000000000000 0.250600000000 0.000000000000 0.000000000000 1.000000000000 0.000000000000
35 0.999999907101 -0.000431042264 0.000000000000 0.985914899058 0.000431042264 0.999999907101 0.000000000000 0.250600000000 0.000000000000 0.000000000000 1.000000000000 0.000000000000
36 0.999999877306 -0.000495366558 0.000000000000 1.001931650003 0.000495366558 0.999999877306 0.000000000000 0.250600000000 0.000000000000 0.000000000000 1.000000000000 0.000000000000
37 0.999999819764 -0.000600393025 0.000000000000 1.028083244257 0.000600393025 0.999999819764 0.000000000000 0.250600000000 0.000000000000 0.000000000000 1.000000000000 0.000000000000
38 0.999999817789 -0.000603673168 0.000000000000 1.043998410620 0.000603673168 0.999999817789 0.000000000000 0.250600000000 0.000000000000 0.000000000000 1.000000000000 0.000000000000
39 0.999999817789 -0.000603673168 0.000000000000 1.059969724901 0.000603673168 0.999999817789 0.000000000000 0.250600000000 0.000000000000 0.000000000000 1.000000000000 0.000000000000
40 0.999999817789 -0.000603673168 0.000000000000 1.072074846554 0.000603673168 0.999999817789 0.000000000000 0.250600000000 0.000000000000 0.000000000000 1.000000000000 0.000000000000
41 0.999999698328 -0.000776752021 0.000000000000 1.090003970318 0.000776752021 0.999999698328 0.000000000000 0.250621634862 0.000000000000 0.000000000000 1.000000000000 0.000000000000
42 0.999999531560 -0.000967925014 0.000000000000 1.102047873451 0.000967925014 0.999999531560 0.000000000000 0.250645531495 0.000000000000 0.000000000000 1.000000000000 0.000000000000
43 0.999999252923 -0.001222355408 0.000000000000 1.118076997969 0.001222355408 0.999999252923 0.000000000000 0.250677335313 0.000000000000 0.000000000000 1.000000000000 0.000000000000
44 0.999998989115 -0.001421889204 0.000000000000 1.134117877264 0.001421889204 0.999998989115 0.000000000000 0.250709108239 0.000000000000 0.000000000000 1.000000000000 0.000000000000
45 0.999998908519 -0.001477484413 0.000000000000 1.148211277464 0.001477484413 0.999998908519 0.000000000000 0.250736905873 0.000000000000 0.000000000000 1.000000000000 0.000000000000
46 0.999998836682 -0.001525331079 0.000000000000 1.160340421089 0.001525331079 0.999998836682 0.000000000000 0.250760829233 0.000000000000 0.000000000000 1.000000000000 0.000000000000
47 0.999998738443 -0.001588430563 0.000000000000 1.176336159648 0.001588430563 0.999998738443 0.000000000000 0.250792379013 0.000000000000 0.000000000000 1.000000000000 0.000000000000
48 0.999998790534 -0.001555290824 0.000000000000 1.192416392925 0.001555290824 0.999998790534 0.000000000000 0.250824190877 0.000000000000 0.000000000000 1.000000000000 0.000000000000
49 0.999998875796 -0.001499469000 0.000000000000 1.206511419785 0.001499469000 0.999998875796 0.000000000000 0.250852101821 0.000000000000 0.000000000000 1.000000000000 0.000000000000
50 0.999998969327 -0.001435738657 0.000000000000 1.222603348962 0.001435738657 0.999998969327 0.000000000000 0.250883967028 0.000000000000 0.000000000000 1.000000000000 0.000000000000
51 0.999998901849 -0.001481991862 0.000000000000 1.234631623830 0.001481991862 0.999998901849 0.000000000000 0.250907831920 0.000000000000 0.000000000000 1.000000000000 0.000000000000
52 0.999998378132 -0.001801036615 0.000000000000 1.250647692052 0.001801036615 0.999998378132 0.000000000000 0.250939736438 0.000000000000 0.000000000000 1.000000000000 0.000000000000
53 0.999997834878 -0.002080922860 0.000000000000 1.264698008064 0.002080922860 0.999997834878 0.000000000000 0.250967725116 0.000000000000 0.000000000000 1.000000000000 0.000000000000
54 0.999997119395 -0.002400250308 0.000000000000 1.280728286255 0.002400250308 0.999997119395 0.000000000000 0.250999657941 0.000000000000 0.000000000000 1.000000000000 0.000000000000
55 0.999997743267 -0.002124490532 0.000000000000 1.292555809875 0.002124490532 0.999997743267 0.000000000000 0.251023265090 0.000000000000 0.000000000000 1.000000000000 0.000000000000
56 0.999998474708 -0.001746591234 0.000000000000 1.308333135199 0.001746591234 0.999998474708 0.000000000000 0.251054756757 0.000000000000 0.000000000000 1.000000000000 0.000000000000
57 0.999998998741 -0.001415103035 0.000000000000 1.322172784895 0.001415103035 0.999998998741 0.000000000000 0.251082380808 0.000000000000 0.000000000000 1.000000000000 0.000000000000
58 0.999999508810 -0.000991150441 0.000000000000 1.338069918561 0.000991150441 0.999999508810 0.000000000000 0.251100000000 0.000000000000 0.000000000000 1.000000000000 0.000000000000
59 0.999999804194 -0.000625789098 0.000000000000 1.350224276615 0.000625789098 0.999999804194 0.000000000000 0.251100000000 0.000000000000 0.000000000000 1.000000000000 0.000000000000
60 0.999999996385 -0.000085023955 0.000000000000 1.368213731721 0.000085023955 0.999999996385 0.000000000000 0.251100000000 0.000000000000 0.000000000000 1.000000000000 0.000000000000
61 0.999999961065 0.000279053327 0.000000000000 1.380325369426 -0.000279053327 0.999999961065 0.000000000000 0.251100000000 0.000000000000 0.000000000000 1.000000000000 0.000000000000
62 0.999999998610 0.000052728736 0.000000000000 1.396246677713 -0.000052728736 0.999999998610 0.000000000000 0.251100000000 0.000000000000 0.000000000000 1.000000000000 0.000000000000
63 0.999999979752 -0.000201235519 0.000000000000 1.412246425849 0.000201235519 0.999999979752 0.000000000000 0.251100000000 0.000000000000 0.000000000000 1.000000000000 0.000000000000
64 0.999999909950 -0.000424381442 0.000000000000 1.426304619718 0.000424381442 0.999999909950 0.000000000000 0.251100000000 0.000000000000 0.000000000000 1.000000000000 0.000000000000
65 0.999999446873 -0.001051785750 0.000000000000 1.442262254777 0.001051785750 0.999999446873 0.000000000000 0.251121924510 0.000000000000 0.000000000000 1.000000000000 0.000000000000
66 0.999998639307 -0.001649661537 0.000000000000 1.454219781596 0.001649661537 0.999998639307 0.000000000000 0.251145839563 0.000000000000 0.000000000000 1.000000000000 0.000000000000
67 0.999997007209 -0.002446543053 0.000000000000 1.470157445762 0.002446543053 0.999997007209 0.000000000000 0.251177714892 0.000000000000 0.000000000000 1.000000000000 0.000000000000
68 0.999995705066 -0.002930844642 0.000000000000 1.484100937196 0.002930844642 0.999995705066 0.000000000000 0.251211203749 0.000000000000 0.000000000000 1.000000000000 0.000000000000
69 0.999996818830 -0.002522365759 0.000000000000 1.499811721968 0.002522365759 0.999996818830 0.000000000000 0.251274046888 0.000000000000 0.000000000000 1.000000000000 0.000000000000
70 0.999997548030 -0.002214482617 0.000000000000 1.511653414538 0.002214482617 0.999997548030 0.000000000000 0.251321413658 0.000000000000 0.000000000000 1.000000000000 0.000000000000
71 0.999998365024 -0.001808300384 0.000000000000 1.527275839825 0.001808300384 0.999998365024 0.000000000000 0.251383903359 0.000000000000 0.000000000000 1.000000000000 0.000000000000
72 0.999998928374 -0.001463984617 0.000000000000 1.541306976722 0.001463984617 0.999998928374 0.000000000000 0.251400000000 0.000000000000 0.000000000000 1.000000000000 0.000000000000
73 0.999999416789 -0.001080009816 0.000000000000 1.557337937732 0.001080009816 0.999999416789 0.000000000000 0.251400000000 0.000000000000 0.000000000000 1.000000000000 0.000000000000
74 0.999999758115 -0.000695535989 0.000000000000 1.573389726412 0.000695535989 0.999999758115 0.000000000000 0.251400000000 0.000000000000 0.000000000000 1.000000000000 0.000000000000
75 0.999999971321 -0.000239496567 0.000000000000 1.585402676294 0.000239496567 0.999999971321 0.000000000000 0.251391994647 0.000000000000 0.000000000000 1.000000000000 0.000000000000
76 0.999999551941 0.000946635283 0.000000000000 1.603374373174 -0.000946635283 0.999999551941 0.000000000000 0.251356051254 0.000000000000 0.000000000000 1.000000000000 0.000000000000
77 0.999998489343 0.001738191862 0.000000000000 1.615367665801 -0.001738191862 0.999998489343 0.000000000000 0.251332064668 0.000000000000 0.000000000000 1.000000000000 0.000000000000
78 0.999996113801 0.002787899274 0.000000000000 1.631272365003 -0.002787899274 0.999996113801 0.000000000000 0.251300255270 0.000000000000 0.000000000000 1.000000000000 0.000000000000
79 0.999997474688 0.002247357875 0.000000000000 1.646618585938 -0.002247357875 0.999997474688 0.000000000000 0.251269501832 0.000000000000 0.000000000000 1.000000000000 0.000000000000
80 0.999998447208 0.001762265868 0.000000000000 1.660066441521 -0.001762265868 0.999998447208 0.000000000000 0.251242552221 0.000000000000 0.000000000000 1.000000000000 0.000000000000
81 0.999999099606 0.001341934112 0.000000000000 1.671718985976 -0.001341934112 0.999999099606 0.000000000000 0.251219200429 0.000000000000 0.000000000000 1.000000000000 0.000000000000
82 0.999999668277 0.000814522336 0.000000000000 1.687408626785 -0.000814522336 0.999999668277 0.000000000000 0.251212120291 0.000000000000 0.000000000000 1.000000000000 0.000000000000
83 0.999999949690 0.000317205552 0.000000000000 1.704118473580 -0.000317205552 0.999999949690 0.000000000000 0.251245274749 0.000000000000 0.000000000000 1.000000000000 0.000000000000
84 0.999999992952 -0.000118725422 0.000000000000 1.718765754501 0.000118725422 0.999999992952 0.000000000000 0.251274336814 0.000000000000 0.000000000000 1.000000000000 0.000000000000
85 0.999999877303 -0.000495371785 0.000000000000 1.731421072956 0.000495371785 0.999999877303 0.000000000000 0.251299446573 0.000000000000 0.000000000000 1.000000000000 0.000000000000
86 0.999999974935 -0.000223895885 0.000000000000 1.747118838859 0.000223895885 0.999999974935 0.000000000000 0.251300000000 0.000000000000 0.000000000000 1.000000000000 0.000000000000
87 0.999999998072 0.000062101169 0.000000000000 1.762880454417 -0.000062101169 0.999999998072 0.000000000000 0.251300000000 0.000000000000 0.000000000000 1.000000000000 0.000000000000
88 0.999999926194 0.000384202988 0.000000000000 1.780631844047 -0.000384202988 0.999999926194 0.000000000000 0.251300000000 0.000000000000 0.000000000000 1.000000000000 0.000000000000
89 0.999999881564 0.000486695021 0.000000000000 1.792505662385 -0.000486695021 0.999999881564 0.000000000000 0.251277407939 0.000000000000 0.000000000000 1.000000000000 0.000000000000
90 0.999999811505 0.000613995108 0.000000000000 1.808290875580 -0.000613995108 0.999999811505 0.000000000000 0.251245582912 0.000000000000 0.000000000000 1.000000000000 0.000000000000
91 0.999999713037 0.000757578338 0.000000000000 1.826095200274 -0.000757578338 0.999999713037 0.000000000000 0.251209687096 0.000000000000 0.000000000000 1.000000000000 0.000000000000
92 0.999999635949 0.000853288783 0.000000000000 1.838091464046 -0.000853288783 0.999999635949 0.000000000000 0.251200000000 0.000000000000 0.000000000000 1.000000000000 0.000000000000
93 0.999999519165 0.000980647386 0.000000000000 1.854170494412 -0.000980647386 0.999999519165 0.000000000000 0.251200000000 0.000000000000 0.000000000000 1.000000000000 0.000000000000
94 0.999999386134 0.001108030672 0.000000000000 1.870252643054 -0.001108030672 0.999999386134 0.000000000000 0.251200000000 0.000000000000 0.000000000000 1.000000000000 0.000000000000
95 0.999999366263 0.001125821600 0.000000000000 1.884355332788 -0.001125821600 0.999999366263 0.000000000000 0.251200000000 0.000000000000 0.000000000000 1.000000000000 0.000000000000
96 0.999999723053 0.000744240446 0.000000000000 1.900349949895 -0.000744240446 0.999999723053 0.000000000000 0.251200000000 0.000000000000 0.000000000000 1.000000000000 0.000000000000
97 0.999999934105 0.000363028752 0.000000000000 1.916329075963 -0.000363028752 0.999999934105 0.000000000000 0.251200000000 0.000000000000 0.000000000000 1.000000000000 0.000000000000
98 0.999999997231 0.000074416415 0.000000000000 1.928426743423 -0.000074416415 0.999999997231 0.000000000000 0.251200000000 0.000000000000 0.000000000000 1.000000000000 0.000000000000
99 0.999999993607 0.000113073615 0.000000000000 1.946293352596 -0.000113073615 0.999999993607 0.000000000000 0.251170813295 0.000000000000 0.000000000000 1.000000000000 0.000000000000
100 0.999999977917 0.000210155751 0.000000000000 1.958428619765 -0.000210155751 0.999999977917 0.000000000000 0.251146542760 0.000000000000 0.000000000000 1.000000000000 0.000000000000
101 0.999999943469 0.000336247331 0.000000000000 1.974190067862 -0.000336247331 0.999999943469 0.000000000000 0.251115019864 0.000000000000 0.000000000000 1.000000000000 0.000000000000
102 0.999999876438 0.000497115573 0.000000000000 1.990115864666 -0.000497115573 0.999999876438 0.000000000000 0.251100000000 0.000000000000 0.000000000000 1.000000000000 0.000000000000
103 0.999999779079 0.000664712674 0.000000000000 2.004110224971 -0.000664712674 0.999999779079 0.000000000000 0.251100000000 0.000000000000 0.000000000000 1.000000000000 0.000000000000
104 0.999999633945 0.000855633610 0.000000000000 2.020052127811 -0.000855633610 0.999999633945 0.000000000000 0.251100000000 0.000000000000 0.000000000000 1.000000000000 0.000000000000
105 0.999999478407 0.001021364825 0.000000000000 2.036006418960 -0.001021364825 0.999999478407 0.000000000000 0.251100000000 0.000000000000 0.000000000000 1.000000000000 0.000000000000
106 0.999999402093 0.001093532943 0.000000000000 2.048130669548 -0.001093532943 0.999999402093 0.000000000000 0.251100000000 0.000000000000 0.000000000000 1.000000000000 0.000000000000
107 0.999999279581 0.001200348486 0.000000000000 2.066075692544 -0.001200348486 0.999999279581 0.000000000000 0.251100000000 0.000000000000 0.000000000000 1.000000000000 0.000000000000
108 0.999999190401 0.001272476782 0.000000000000 2.078193255472 -0.001272476782 0.999999190401 0.000000000000 0.251100000000 0.000000000000 0.000000000000 1.000000000000 0.000000000000
109 0.999999599024 0.000895517779 0.000000000000 2.094082804930 -0.000895517779 0.999999599024 0.000000000000 0.251076423006 0.000000000000 0.000000000000 1.000000000000 0.000000000000
110 0.999999958180 0.000289207038 0.000000000000 2.112058138547 -0.000289207038 0.999999958180 0.000000000000 0.251040757662 0.000000000000 0.000000000000 1.000000000000 0.000000000000
111 0.999999993344 -0.000115374815 0.000000000000 2.124052800680 0.000115374815 0.999999993344 0.000000000000 0.251016958729 0.000000000000 0.000000000000 1.000000000000 0.000000000000
112 0.999999918524 -0.000403673194 0.000000000000 2.139995813916 0.000403673194 0.999999918524 0.000000000000 0.251014762104 0.000000000000 0.000000000000 1.000000000000 0.000000000000
113 0.999999918524 -0.000403673194 0.000000000000 2.155931870664 0.000403673194 0.999999918524 0.000000000000 0.251046570600 0.000000000000 0.000000000000 1.000000000000 0.000000000000
114 0.999999918524 -0.000403673194 0.000000000000 2.169939148024 0.000403673194 0.999999918524 0.000000000000 0.251074529238 0.000000000000 0.000000000000 1.000000000000 0.000000000000
115 0.999999946518 -0.000327052200 0.000000000000 2.185886156556 0.000327052200 0.999999946518 0.000000000000 0.251100000000 0.000000000000 0.000000000000 1.000000000000 0.000000000000
116 0.999999998407 0.000056450354 0.000000000000 2.201833471336 -0.000056450354 0.999999998407 0.000000000000 0.251100000000 0.000000000000 0.000000000000 1.000000000000 0.000000000000
117 0.999999939724 0.000347206289 0.000000000000 2.213924072591 -0.000347206289 0.999999939724 0.000000000000 0.251100000000 0.000000000000 0.000000000000 1.000000000000 0.000000000000
118 0.999999698357 0.000776714555 0.000000000000 2.231784460954 -0.000776714555 0.999999698357 0.000000000000 0.251100000000 0.000000000000 0.000000000000 1.000000000000 0.000000000000
119 0.999999304050 0.001179788233 0.000000000000 2.243788059361 -0.001179788233 0.999999304050 0.000000000000 0.251077443429 0.000000000000 0.000000000000 1.000000000000 0.000000000000
120 0.999998526450 0.001716711563 0.000000000000 2.259453603704 -0.001716711563 0.999998526450 0.000000000000 0.251045859670 0.000000000000 0.000000000000 1.000000000000 0.000000000000
121 0.999997449890 0.002258365241 0.000000000000 2.275257177728 -0.002258365241 0.999997449890 0.000000000000 0.251013997626 0.000000000000 0.000000000000 1.000000000000 0.000000000000
122 0.999996563063 0.002621805105 0.000000000000 2.289157241741 -0.002621805105 0.999996563063 0.000000000000 0.250972115264 0.000000000000 0.000000000000 1.000000000000 0.000000000000
123 0.999995770122 0.002908562856 0.000000000000 2.305056426744 -0.002908562856 0.999995770122 0.000000000000 0.250908391075 0.000000000000 0.000000000000 1.000000000000 0.000000000000
124 0.999994895094 0.003195275472 0.000000000000 2.320953122573 -0.003195275472 0.999994895094 0.000000000000 0.250844676863 0.000000000000 0.000000000000 1.000000000000 0.000000000000
125 0.999994417985 0.003341256990 0.000000000000 2.332995227363 -0.003341256990 0.999994417985 0.000000000000 0.250798223755 0.000000000000 0.000000000000 1.000000000000 0.000000000000
126 0.999997494326 0.002238602534 0.000000000000 2.350922325335 -0.002238602534 0.999997494326 0.000000000000 0.250762654116 0.000000000000 0.000000000000 1.000000000000 0.000000000000
127 0.999998874673 0.001500217494 0.000000000000 2.362927058200 -0.001500217494 0.999998874673 0.000000000000 0.250738835202 0.000000000000 0.000000000000 1.000000000000 0.000000000000
128 0.999999870463 0.000508992726 0.000000000000 2.379042463211 -0.000508992726 0.999999870463 0.000000000000 0.250706860192 0.000000000000 0.000000000000 1.000000000000 0.000000000000
129 0.999999956095 0.000296326791 0.000000000000 2.396903121585 -0.000296326791 0.999999956095 0.000000000000 0.250700000000 0.000000000000 0.000000000000 1.000000000000 0.000000000000
130 0.999999956095 0.000296326791 0.000000000000 2.408866584311 -0.000296326791 0.999999956095 0.000000000000 0.250700000000 0.000000000000 0.000000000000 1.000000000000 0.000000000000
131 0.999999956095 0.000296326791 0.000000000000 2.424849622274 -0.000296326791 0.999999956095 0.000000000000 0.250700000000 0.000000000000 0.000000000000 1.000000000000 0.000000000000
132 0.999999908482 0.000427826321 0.000000000000 2.440735158661 -0.000427826321 0.999999908482 0.000000000000 0.250700000000 0.000000000000 0.000000000000 1.000000000000 0.000000000000
133 0.999999786271 0.000653802607 0.000000000000 2.454886925673 -0.000653802607 0.999999786271 0.000000000000 0.250700000000 0.000000000000 0.000000000000 1.000000000000 0.000000000000
134 0.999999589325 0.000906283089 0.000000000000 2.470698520685 -0.000906283089 0.999999589325 0.000000000000 0.250700000000 0.000000000000 0.000000000000 1.000000000000 0.000000000000
135 0.999999325970 0.001161059961 0.000000000000 2.486678205885 -0.001161059961 0.999999325970 0.000000000000 0.250691908322 0.000000000000 0.000000000000 1.000000000000 0.000000000000
136 0.999998998721 0.001415116969 0.000000000000 2.502683810716 -0.001415116969 0.999998998721 0.000000000000 0.250660151169 0.000000000000 0.000000000000 1.000000000000 0.000000000000
137 0.999998657633 0.001638515218 0.000000000000 2.516757916824 -0.001638515218 0.999998657633 0.000000000000 0.250632226356 0.000000000000 0.000000000000 1.000000000000 0.000000000000
138 0.999998208348 0.001892960869 0.000000000000 2.532788017896 -0.001892960869 0.999998208348 0.000000000000 0.250600420599 0.000000000000 0.000000000000 1.000000000000 0.000000000000
139 0.999998642898 0.001647483829 0.000000000000 2.548614849370 -0.001647483829 0.999998642898 0.000000000000 0.250568894722 0.000000000000 0.000000000000 1.000000000000 0.000000000000
140 0.999998938734 0.001456890587 0.000000000000 2.560574589731 -0.001456890587 0.999998938734 0.000000000000 0.250545070538 0.000000000000 0.000000000000 1.000000000000 0.000000000000
141 0.999999310778 0.001174071741 0.000000000000 2.578321487710 -0.001174071741 0.999999310778 0.000000000000 0.250509718152 0.000000000000 0.000000000000 1.000000000000 0.000000000000
142 0.999999663518 0.000820343579 0.000000000000 2.590361035801 -0.000820343579 0.999999663518 0.000000000000 0.250500000000 0.000000000000 0.000000000000 1.000000000000 0.000000000000
143 0.999999976842 0.000215212126 0.000000000000 2.606062606882 -0.000215212126 0.999999976842 0.000000000000 0.250500000000 0.000000000000 0.000000000000 1.000000000000 0.000000000000
144 0.999999888162 -0.000472944339 0.000000000000 2.623918456726 0.000472944339 0.999999888162 0.000000000000 0.250500000000 0.000000000000 0.000000000000 1.000000000000 0.000000000000
145 0.999999733088 -0.000730632764 0.000000000000 2.635760256776 0.000730632764 0.999999733088 0.000000000000 0.250500000000 0.000000000000 0.000000000000 1.000000000000 0.000000000000
146 0.999999926781 -0.000382670961 0.000000000000 2.651292008835 0.000382670961 0.999999926781 0.000000000000 0.250500000000 0.000000000000 0.000000000000 1.000000000000 0.000000000000
147 0.999999999402 -0.000034589714 0.000000000000 2.666829090381 0.000034589714 0.999999999402 0.000000000000 0.250500000000 0.000000000000 0.000000000000 1.000000000000 0.000000000000
148 0.999999963273 0.000271024816 0.000000000000 2.680470611832 -0.000271024816 0.999999963273 0.000000000000 0.250500000000 0.000000000000 0.000000000000 1.000000000000 0.000000000000
149 0.999999971719 0.000237828057 0.000000000000 2.695756693965 -0.000237828057 0.999999971719 0.000000000000 0.250500000000 0.000000000000 0.000000000000 1.000000000000 0.000000000000
150 0.999999984727 0.000174775321 0.000000000000 2.711015456434 -0.000174775321 0.999999984727 0.000000000000 0.250500000000 0.000000000000 0.000000000000 1.000000000000 0.000000000000
151 0.999999991926 0.000127075123 0.000000000000 2.722558904444 -0.000127075123 0.999999991926 0.000000000000 0.250500000000 0.000000000000 0.000000000000 1.000000000000 0.000000000000
152 0.999999797009 -0.000637167152 0.000000000000 2.738455555715 0.000637167152 0.999999797009 0.000000000000 0.250520374833 0.000000000000 0.000000000000 1.000000000000 0.000000000000
153 0.999998854411 -0.001513663060 0.000000000000 2.748559611931 0.001513663060 0.999998854411 0.000000000000 0.250544721956 0.000000000000 0.000000000000 1.000000000000 0.000000000000
154 0.999996440248 -0.002668237382 0.000000000000 2.761869317977 0.002668237382 0.999996440248 0.000000000000 0.250576793537 0.000000000000 0.000000000000 1.000000000000 0.000000000000
155 0.999994663461 -0.003266963326 0.000000000000 2.773858273857 0.003266963326 0.999994663461 0.000000000000 0.250608766817 0.000000000000 0.000000000000 1.000000000000 0.000000000000
156 0.999996855477 -0.002507795175 0.000000000000 2.781421869739 0.002507795175 0.999996855477 0.000000000000 0.250636884274 0.000000000000 0.000000000000 1.000000000000 0.000000000000
157 0.999998630314 -0.001655104144 0.000000000000 2.789917217562 0.001655104144 0.999998630314 0.000000000000 0.250668465493 0.000000000000 0.000000000000 1.000000000000 0.000000000000
158 0.999999693142 -0.000783399773 0.000000000000 2.798445285929 0.000783399773 0.999999693142 0.000000000000 0.250699736710 0.000000000000 0.000000000000 1.000000000000 0.000000000000
159 0.999998095484 0.001951673170 0.000000000000 2.804554802462 -0.001951673170 0.999998095484 0.000000000000 0.250664216265 0.000000000000 0.000000000000 1.000000000000 0.000000000000
160 0.999992875755 0.003774710397 0.000000000000 2.808627058718 -0.003774710397 0.999992875755 0.000000000000 0.250640540356 0.000000000000 0.000000000000 1.000000000000 0.000000000000
161 0.999980771248 0.006201381713 0.000000000000 2.814047743931 -0.006201381713 0.999980771248 0.000000000000 0.250609024745 0.000000000000 0.000000000000 1.000000000000 0.000000000000
162 0.999971953082 0.007489529321 0.000000000000 2.817273332822 -0.007489529321 0.999971953082 0.000000000000 0.250584787883 0.000000000000 0.000000000000 1.000000000000 0.000000000000
163 0.999960468131 0.008891691328 0.000000000000 2.821228281729 -0.008891691328 0.999960468131 0.000000000000 0.250548833802 0.000000000000 0.000000000000 1.000000000000 0.000000000000
164 0.999948518814 0.010146906955 0.000000000000 2.824768794146 -0.010146906955 0.999948518814 0.000000000000 0.250516647326 0.000000000000 0.000000000000 1.000000000000 0.000000000000
165 0.999939630840 0.010987933203 0.000000000000 2.827492735788 -0.010987933203 0.999939630840 0.000000000000 0.250492622018 0.000000000000 0.000000000000 1.000000000000 0.000000000000
166 0.999930231165 0.011812400337 0.000000000000 2.831329928451 -0.011812400337 0.999930231165 0.000000000000 0.250460909682 0.000000000000 0.000000000000 1.000000000000 0.000000000000
167 0.999921399445 0.012537740314 0.000000000000 2.834705799402 -0.012537740314 0.999921399445 0.000000000000 0.250433009922 0.000000000000 0.000000000000 1.000000000000 0.000000000000
168 0.999910728831 0.013361675360 0.000000000000 2.838540588006 -0.013361675360 0.999910728831 0.000000000000 0.250401317454 0.000000000000 0.000000000000 1.000000000000 0.000000000000
169 0.999909863855 0.013426249100 0.000000000000 2.842096480234 -0.013426249100 0.999909863855 0.000000000000 0.250339348567 0.000000000000 0.000000000000 1.000000000000 0.000000000000
170 0.999909438194 0.013457912571 0.000000000000 2.845643109465 -0.013457912571 0.999909438194 0.000000000000 0.250276015902 0.000000000000 0.000000000000 1.000000000000 0.000000000000
171 0.999909064397 0.013485656700 0.000000000000 2.848750733894 -0.013485656700 0.999909064397 0.000000000000 0.250220522609 0.000000000000 0.000000000000 1.000000000000 0.000000000000
172 0.999909218529 0.013474223584 0.000000000000 2.852091241394 -0.013474223584 0.999909218529 0.000000000000 0.250178304541 0.000000000000 0.000000000000 1.000000000000 0.000000000000
173 0.999909543720 0.013450069819 0.000000000000 2.854530992762 -0.013450069819 0.999909543720 0.000000000000 0.250154148587 0.000000000000 0.000000000000 1.000000000000 0.000000000000
174 0.999909976471 0.013417859524 0.000000000000 2.857784526105 -0.013417859524 0.999909976471 0.000000000000 0.250121935385 0.000000000000 0.000000000000 1.000000000000 0.000000000000
175 0.999930119198 0.011821874696 0.000000000000 2.860359022760 -0.011821874696 0.999930119198 0.000000000000 0.250100000000 0.000000000000 0.000000000000 1.000000000000 0.000000000000
176 0.999958623007 0.009096827714 0.000000000000 2.860980558894 -0.009096827714 0.999958623007 0.000000000000 0.250100000000 0.000000000000 0.000000000000 1.000000000000 0.000000000000
177 0.999984802837 0.005513084071 0.000000000000 2.861797926181 -0.005513084071 0.999984802837 0.000000000000 0.250100000000 0.000000000000 0.000000000000 1.000000000000 0.000000000000
178 0.999998007340 0.001996325469 0.000000000000 2.862600000000 -0.001996325469 0.999998007340 0.000000000000 0.250100000000 0.000000000000 0.000000000000 1.000000000000 0.000000000000
179 0.999998007340 0.001996325469 0.000000000000 2.862600000000 -0.001996325469 0.999998007340 0.000000000000 0.250100000000 0.000000000000 0.000000000000 1.000000000000 0.000000000000
180 0.999998007340 0.001996325469 0.000000000000 2.862600000000 -0.001996325469 0.999998007340 0.000000000000 0.250100000000 0.000000000000 0.000000000000 1.000000000000 0.000000000000
181 0.999998007340 0.001996325469 0.000000000000 2.862600000000 -0.001996325469 0.999998007340 0.000000000000 0.250100000000 0.000000000000 0.000000000000 1.000000000000 0.000000000000
182 0.999998007340 0.001996325469 0.000000000000 2.862600000000 -0.001996325469 0.999998007340 0.000000000000 0.250100000000 0.000000000000 0.000000000000 1.000000000000 0.000000000000
183 0.999998007340 0.001996325469 0.000000000000 2.862600000000 -0.001996325469 0.999998007340 0.000000000000 0.250100000000 0.000000000000 0.000000000000 1.000000000000 0.000000000000
184 0.999998007340 0.001996325469 0.000000000000 2.862600000000 -0.001996325469 0.999998007340 0.000000000000 0.250100000000 0.000000000000 0.000000000000 1.000000000000 0.000000000000
185 0.999998007340 0.001996325469 0.000000000000 2.862600000000 -0.001996325469 0.999998007340 0.000000000000 0.250100000000 0.000000000000 0.000000000000 1.000000000000 0.000000000000
186 0.999998007340 0.001996325469 0.000000000000 2.862600000000 -0.001996325469 0.999998007340 0.000000000000 0.250100000000 0.000000000000 0.000000000000 1.000000000000 0.000000000000
187 0.999998007340 0.001996325469 0.000000000000 2.862600000000 -0.001996325469 0.999998007340 0.000000000000 0.250100000000 0.000000000000 0.000000000000 1.000000000000 0.000000000000
188 0.999998009918 0.001995033635 0.000000000000 2.862600000000 -0.001995033635 0.999998009918 0.000000000000 0.250100000000 0.000000000000 0.000000000000 1.000000000000 0.000000000000
189 0.999998195120 0.001899935806 0.000000000000 2.862600000000 -0.001899935806 0.999998195120 0.000000000000 0.250100000000 0.000000000000 0.000000000000 1.000000000000 0.000000000000
190 0.999998351229 0.001815912749 0.000000000000 2.862600000000 -0.001815912749 0.999998351229 0.000000000000 0.250100000000 0.000000000000 0.000000000000 1.000000000000 0.000000000000
191 0.999998518091 0.001721573417 0.000000000000 2.862600000000 -0.001721573417 0.999998518091 0.000000000000 0.250100000000 0.000000000000 0.000000000000 1.000000000000 0.000000000000
192 0.999998561238 0.001696325981 0.000000000000 2.862576408789 -0.001696325981 0.999998561238 0.000000000000 0.250100000000 0.000000000000 0.000000000000 1.000000000000 0.000000000000
193 0.999998561238 0.001696325981 0.000000000000 2.862540207194 -0.001696325981 0.999998561238 0.000000000000 0.250100000000 0.000000000000 0.000000000000 1.000000000000 0.000000000000
194 0.999998561238 0.001696325981 0.000000000000 2.862516066007 -0.001696325981 0.999998561238 0.000000000000 0.250100000000 0.000000000000 0.000000000000 1.000000000000 0.000000000000
195 0.999998506870 0.001728079052 0.000000000000 2.862500000000 -0.001728079052 0.999998506870 0.000000000000 0.250100000000 0.000000000000 0.000000000000 1.000000000000 0.000000000000
196 0.999998423210 0.001775831395 0.000000000000 2.862500000000 -0.001775831395 0.999998423210 0.000000000000 0.250100000000 0.000000000000 0.000000000000 1.000000000000 0.000000000000
197 0.999998293509 0.001847425071 0.000000000000 2.862500000000 -0.001847425071 0.999998293509 0.000000000000 0.250100000000 0.000000000000 0.000000000000 1.000000000000 0.000000000000
198 0.999998793402 0.001553446283 0.000000000000 2.862346798348 -0.001553446283 0.999998793402 0.000000000000 0.250100000000 0.000000000000 0.000000000000 1.000000000000 0.000000000000
199 0.999999904269 0.000437564687 0.000000000000 2.861848212681 -0.000437564687 0.999999904269 0.000000000000 0.250100000000 0.000000000000 0.000000000000 1.000000000000 0.000000000000
200 0.999999458488 -0.001040683915 0.000000000000 2.861187718535 0.001040683915 0.999999458488 0.000000000000 0.250100000000 0.000000000000 0.000000000000 1.000000000000 0.000000000000
201 0.999997229166 -0.002354072942 0.000000000000 2.860600884252 0.002354072942 0.999997229166 0.000000000000 0.250100000000 0.000000000000 0.000000000000 1.000000000000 0.000000000000
202 0.999985806642 -0.005327899588 0.000000000000 2.857742893064 0.005327899588 0.999985806642 0.000000000000 0.250055714884 0.000000000000 0.000000000000 1.000000000000 0.000000000000
203 0.999959598512 -0.008988956796 0.000000000000 2.853889047739 0.008988956796 0.999959598512 0.000000000000 0.249991484129 0.000000000000 0.000000000000 1.000000000000 0.000000000000
204 0.999919962720 -0.012651804351 0.000000000000 2.850033190847 0.012651804351 0.999919962720 0.000000000000 0.249927219847 0.000000000000 0.000000000000 1.000000000000 0.000000000000
205 0.999912574549 -0.013222830991 0.000000000000 2.845819091491 0.013222830991 0.999912574549 0.000000000000 0.249885581517 0.000000000000 0.000000000000 1.000000000000 0.000000000000
206 0.999938867743 -0.011057159485 0.000000000000 2.840117858481 0.011057159485 0.999938867743 0.000000000000 0.249853731053 0.000000000000 0.000000000000 1.000000000000 0.000000000000
207 0.999960442285 -0.008894597503 0.000000000000 2.834424947696 0.008894597503 0.999960442285 0.000000000000 0.249821927082 0.000000000000 0.000000000000 1.000000000000 0.000000000000
208 0.999973801958 -0.007238466512 0.000000000000 2.827898990176 0.007238466512 0.999973801958 0.000000000000 0.249813761957 0.000000000000 0.000000000000 1.000000000000 0.000000000000
209 0.999975815425 -0.006954751254 0.000000000000 2.823430362311 0.006954751254 0.999975815425 0.000000000000 0.249837405490 0.000000000000 0.000000000000 1.000000000000 0.000000000000
210 0.999978370681 -0.006577094325 0.000000000000 2.817482129502 0.006577094325 0.999978370681 0.000000000000 0.249868877622 0.000000000000 0.000000000000 1.000000000000 0.000000000000
211 0.999980197707 -0.006293186258 0.000000000000 2.813010484842 0.006293186258 0.999980197707 0.000000000000 0.249892537117 0.000000000000 0.000000000000 1.000000000000 0.000000000000
212 0.999989046281 -0.004680525467 0.000000000000 2.806551103961 0.004680525467 0.999989046281 0.000000000000 0.249900000000 0.000000000000 0.000000000000 1.000000000000 0.000000000000
213 0.999994244456 -0.003392794600 0.000000000000 2.802282479534 0.003392794600 0.999994244456 0.000000000000 0.249900000000 0.000000000000 0.000000000000 1.000000000000 0.000000000000
214 0.999998589818 -0.001679393326 0.000000000000 2.796602852648 0.001679393326 0.999998589818 0.000000000000 0.249900000000 0.000000000000 0.000000000000 1.000000000000 0.000000000000
215 0.999999879586 -0.000490742489 0.000000000000 2.791196554427 0.000490742489 0.999999879586 0.000000000000 0.249900000000 0.000000000000 0.000000000000 1.000000000000 0.000000000000
216 0.999999997414 0.000071913402 0.000000000000 2.786695307139 -0.000071913402 0.999999997414 0.000000000000 0.249900000000 0.000000000000 0.000000000000 1.000000000000 0.000000000000
217 0.999999745543 0.000713382561 0.000000000000 2.781563553385 -0.000713382561 0.999999745543 0.000000000000 0.249900000000 0.000000000000 0.000000000000 1.000000000000 0.000000000000
218 0.999999426449 0.001071028152 0.000000000000 2.776752430558 -0.001071028152 0.999999426449 0.000000000000 0.249900000000 0.000000000000 0.000000000000 1.000000000000 0.000000000000
219 0.999999842280 0.000561641238 0.000000000000 2.772900190697 -0.000561641238 0.999999842280 0.000000000000 0.249900000000 0.000000000000 0.000000000000 1.000000000000 0.000000000000
220 0.999999993341 0.000115402435 0.000000000000 2.769525509534 -0.000115402435 0.999999993341 0.000000000000 0.249900000000 0.000000000000 0.000000000000 1.000000000000 0.000000000000
221 0.999999922415 -0.000393916334 0.000000000000 2.765673786263 0.000393916334 0.999999922415 0.000000000000 0.249900000000 0.000000000000 0.000000000000 1.000000000000 0.000000000000
222 0.999999971295 -0.000239605464 0.000000000000 2.763349928154 0.000239605464 0.999999971295 0.000000000000 0.249900000000 0.000000000000 0.000000000000 1.000000000000 0.000000000000
223 0.999999999837 -0.000018078831 0.000000000000 2.760311848588 0.000018078831 0.999999999837 0.000000000000 0.249900000000 0.000000000000 0.000000000000 1.000000000000 0.000000000000
224 0.999999984323 0.000177071949 0.000000000000 2.757635495023 -0.000177071949 0.999999984323 0.000000000000 0.249900000000 0.000000000000 0.000000000000 1.000000000000 0.000000000000
225 0.999999879882 0.000490139703 0.000000000000 2.754673126882 -0.000490139703 0.999999879882 0.000000000000 0.249900000000 0.000000000000 0.000000000000 1.000000000000 0.000000000000
226 0.999999588697 0.000906976142 0.000000000000 2.751819399771 -0.000906976142 0.999999588697 0.000000000000 0.249900000000 0.000000000000 0.000000000000 1.000000000000 0.000000000000
227 0.999999052790 0.001376379188 0.000000000000 2.748605792179 -0.001376379188 0.999999052790 0.000000000000 0.249900000000 0.000000000000 0.000000000000 1.000000000000 0.000000000000
228 0.999998772114 0.001567090014 0.000000000000 2.746953819304 -0.001567090014 0.999998772114 0.000000000000 0.249900000000 0.000000000000 0.000000000000 1.000000000000 0.000000000000
229 0.999998962409 0.001440549020 0.000000000000 2.746321113617 -0.001440549020 0.999998962409 0.000000000000 0.249900000000 0.000000000000 0.000000000000 1.000000000000 0.000000000000
230 0.999999137784 0.001313175996 0.000000000000 2.745684247893 -0.001313175996 0.999999137784 0.000000000000 0.249900000000 0.000000000000 0.000000000000 1.000000000000 0.000000000000
231 0.999999278379 0.001201349894 0.000000000000 2.745125116942 -0.001201349894 0.999999278379 0.000000000000 0.249900000000 0.000000000000 0.000000000000 1.000000000000 0.000000000000
232 0.999999734413 0.000728816825 0.000000000000 2.745304535584 -0.000728816825 0.999999734413 0.000000000000 0.249900000000 0.000000000000 0.000000000000 1.000000000000 0.000000000000
233 0.999999970611 0.000242440186 0.000000000000 2.745517325391 -0.000242440186 0.999999970611 0.000000000000 0.249900000000 0.000000000000 0.000000000000 1.000000000000 0.000000000000
234 0.999999970267 -0.000243856721 0.000000000000 2.745730080289 0.000243856721 0.999999970267 0.000000000000 0.249900000000 0.000000000000 0.000000000000 1.000000000000 0.000000000000
235 0.999999918524 -0.000403673194 0.000000000000 2.745781752629 0.000403673194 0.999999918524 0.000000000000 0.249900000000 0.000000000000 0.000000000000 1.000000000000 0.000000000000
236 0.999999918524 -0.000403673194 0.000000000000 2.745748505829 0.000403673194 0.999999918524 0.000000000000 0.249900000000 0.000000000000 0.000000000000 1.000000000000 0.000000000000
237 0.999999918524 -0.000403673194 0.000000000000 2.745723349649 0.000403673194 0.999999918524 0.000000000000 0.249900000000 0.000000000000 0.000000000000 1.000000000000 0.000000000000
238 0.999985535690 -0.005378513842 0.000000000000 2.745783377652 0.005378513842 0.999985535690 0.000000000000 0.249900000000 0.000000000000 0.000000000000 1.000000000000 0.000000000000
239 0.999789908652 -0.020497281716 0.000000000000 2.746036788448 0.020497281716 0.999789908652 0.000000000000 0.249900000000 0.000000000000 0.000000000000 1.000000000000 0.000000000000
240 0.999297494130 -0.037476902554 0.000000000000 2.746321486163 0.037476902554 0.999297494130 0.000000000000 0.249900000000 0.000000000000 0.000000000000 1.000000000000 0.000000000000
241 0.998467124273 -0.055348005798 0.000000000000 2.746606169261 0.055348005798 0.998467124273 0.000000000000 0.249900000000 0.000000000000 0.000000000000 1.000000000000 0.000000000000
242 0.994280302359 -0.106802061505 0.000000000000 2.746856452468 0.106802061505 0.994280302359 0.000000000000 0.249900000000 0.000000000000 0.000000000000 1.000000000000 0.000000000000
243 0.990016828140 -0.140949210707 0.000000000000 2.747023279232 0.140949210707 0.990016828140 0.000000000000 0.249900000000 0.000000000000 0.000000000000 1.000000000000 0.000000000000
244 0.982527222215 -0.186118934034 0.000000000000 2.747245255051 0.186118934034 0.982527222215 0.000000000000 0.249900000000 0.000000000000 0.000000000000 1.000000000000 0.000000000000
245 0.972983901442 -0.230872968391 0.000000000000 2.747155264709 0.230872968391 0.972983901442 0.000000000000 0.249803509806 0.000000000000 0.000000000000 1.000000000000 0.000000000000
246 0.962932520270 -0.269742398237 0.000000000000 2.746986682308 0.269742398237 0.962932520270 0.000000000000 0.249691121539 0.000000000000 0.000000000000 1.000000000000 0.000000000000
247 0.949579733788 -0.313525643575 0.000000000000 2.746794471906 0.313525643575 0.949579733788 0.000000000000 0.249562981271 0.000000000000 0.000000000000 1.000000000000 0.000000000000
248 0.934380128585 -0.356277666022 0.000000000000 2.746683832203 0.356277666022 0.934380128585 0.000000000000 0.249483832203 0.000000000000 0.000000000000 1.000000000000 0.000000000000
249 0.921693555400 -0.387918792964 0.000000000000 2.746659739351 0.387918792964 0.921693555400 0.000000000000 0.249459739351 0.000000000000 0.000000000000 1.000000000000 0.000000000000
250 0.900963081331 -0.433895754852 0.000000000000 2.746624092852 0.433895754852 0.900963081331 0.000000000000 0.249424092852 0.000000000000 0.000000000000 1.000000000000 0.000000000000
251 0.885530578738 -0.464581095310 0.000000000000 2.746599102283 0.464581095310 0.885530578738 0.000000000000 0.249399461370 0.000000000000 0.000000000000 1.000000000000 0.000000000000
252 0.863840444095 -0.503765508094 0.000000000000 2.746443145468 0.503765508094 0.863840444095 0.000000000000 0.249305887281 0.000000000000 0.000000000000 1.000000000000 0.000000000000
253 0.840117276686 -0.542404794792 0.000000000000 2.746285260267 0.542404794792 0.840117276686 0.000000000000 0.249211156160 0.000000000000 0.000000000000 1.000000000000 0.000000000000
254 0.817903079932 -0.575356021814 0.000000000000 2.746146881287 0.575356021814 0.817903079932 0.000000000000 0.249128128772 0.000000000000 0.000000000000 1.000000000000 0.000000000000
255 0.790531301774 -0.612421636551 0.000000000000 2.745987373623 0.612421636551 0.790531301774 0.000000000000 0.249009898898 0.000000000000 0.000000000000 1.000000000000 0.000000000000
256 0.761297458465 -0.648402791276 0.000000000000 2.745827275983 0.648402791276 0.761297458465 0.000000000000 0.248881820786 0.000000000000 0.000000000000 1.000000000000 0.000000000000
257 0.737973304991 -0.674829905325 0.000000000000 2.745705557611 0.674829905325 0.737973304991 0.000000000000 0.248784446089 0.000000000000 0.000000000000 1.000000000000 0.000000000000
258 0.702141378325 -0.712037558591 0.000000000000 2.745556360958 0.712037558591 0.702141378325 0.000000000000 0.248656360958 0.000000000000 0.000000000000 1.000000000000 0.000000000000
259 0.676709597007 -0.736250039944 0.000000000000 2.745483706782 0.736250039944 0.676709597007 0.000000000000 0.248583706782 0.000000000000 0.000000000000 1.000000000000 0.000000000000
260 0.642394815366 -0.766373865154 0.000000000000 2.745389227036 0.766373865154 0.642394815366 0.000000000000 0.248489227036 0.000000000000 0.000000000000 1.000000000000 0.000000000000
261 0.601810699883 -0.798638767846 0.000000000000 2.745281895760 0.798638767846 0.601810699883 0.000000000000 0.248369826267 0.000000000000 0.000000000000 1.000000000000 0.000000000000
262 0.574063279420 -0.818810937409 0.000000000000 2.745210719988 0.818810937409 0.574063279420 0.000000000000 0.248251199979 0.000000000000 0.000000000000 1.000000000000 0.000000000000
263 0.574063279420 -0.818810937409 0.000000000000 2.745210719988 0.818810937409 0.574063279420 0.000000000000 0.248251199979 0.000000000000 0.000000000000 1.000000000000 0.000000000000
264 0.574063279420 -0.818810937409 0.000000000000 2.745210719988 0.818810937409 0.574063279420 0.000000000000 0.248251199979 0.000000000000 0.000000000000 1.000000000000 0.000000000000
265 0.574063279420 -0.818810937409 0.000000000000 2.745210719988 0.818810937409 0.574063279420 0.000000000000 0.248251199979 0.000000000000 0.000000000000 1.000000000000 0.000000000000
266 0.574063279420 -0.818810937409 0.000000000000 2.745210719988 0.818810937409 0.574063279420 0.000000000000 0.248251199979 0.000000000000 0.000000000000 1.000000000000 0.000000000000
267 0.574063279420 -0.818810937409 0.000000000000 2.745210719988 0.818810937409 0.574063279420 0.000000000000 0.248251199979 0.000000000000 0.000000000000 1.000000000000 0.000000000000
268 0.574063279420 -0.818810937409 0.000000000000 2.745210719988 0.818810937409 0.574063279420 0.000000000000 0.248251199979 0.000000000000 0.000000000000 1.000000000000 0.000000000000
269 0.574063279420 -0.818810937409 0.000000000000 2.745210719988 0.818810937409 0.574063279420 0.000000000000 0.248251199979 0.000000000000 0.000000000000 1.000000000000 0.000000000000
270 0.574063279420 -0.818810937409 0.000000000000 2.745210719988 0.818810937409 0.574063279420 0.000000000000 0.248251199979 0.000000000000 0.000000000000 1.000000000000 0.000000000000
271 0.574063279420 -0.818810937409 0.000000000000 2.745210719988 0.818810937409 0.574063279420 0.000000000000 0.248251199979 0.000000000000 0.000000000000 1.000000000000 0.000000000000
272 0.574063279420 -0.818810937409 0.000000000000 2.745210719988 0.818810937409 0.574063279420 0.000000000000 0.248251199979 0.000000000000 0.000000000000 1.000000000000 0.000000000000
273 0.574063279420 -0.818810937409 0.000000000000 2.745210719988 0.818810937409 0.574063279420 0.000000000000 0.248251199979 0.000000000000 0.000000000000 1.000000000000 0.000000000000
274 0.574063279420 -0.818810937409 0.000000000000 2.745210719988 0.818810937409 0.574063279420 0.000000000000 0.248251199979 0.000000000000 0.000000000000 1.000000000000 0.000000000000
275 0.574063279420 -0.818810937409 0.000000000000 2.745210719988 0.818810937409 0.574063279420 0.000000000000 0.248251199979 0.000000000000 0.000000000000 1.000000000000 0.000000000000
276 0.574063279420 -0.818810937409 0.000000000000 2.745210719988 0.818810937409 0.574063279420 0.000000000000 0.248251199979 0.000000000000 0.000000000000 1.000000000000 0.000000000000
277 0.574063279420 -0.818810937409 0.000000000000 2.745210719988 0.818810937409 0.574063279420 0.000000000000 0.248251199979 0.000000000000 0.000000000000 1.000000000000 0.000000000000
278 0.574063279420 -0.818810937409 0.000000000000 2.745210719988 0.818810937409 0.574063279420 0.000000000000 0.248251199979 0.000000000000 0.000000000000 1.000000000000 0.000000000000
279 0.574063279420 -0.818810937409 0.000000000000 2.745210719988 0.818810937409 0.574063279420 0.000000000000 0.248251199979 0.000000000000 0.000000000000 1.000000000000 0.000000000000
280 0.574063279420 -0.818810937409 0.000000000000 2.745210719988 0.818810937409 0.574063279420 0.000000000000 0.248251199979 0.000000000000 0.000000000000 1.000000000000 0.000000000000
281 0.574063279420 -0.818810937409 0.000000000000 2.745210719988 0.818810937409 0.574063279420 0.000000000000 0.248251199979 0.000000000000 0.000000000000 1.000000000000 0.000000000000
282 0.574063279420 -0.818810937409 0.000000000000 2.745210719988 0.818810937409 0.574063279420 0.000000000000 0.248251199979 0.000000000000 0.000000000000 1.000000000000 0.000000000000
283 0.574063279420 -0.818810937409 0.000000000000 2.745210719988 0.818810937409 0.574063279420 0.000000000000 0.248251199979 0.000000000000 0.000000000000 1.000000000000 0.000000000000
284 0.574063279420 -0.818810937409 0.000000000000 2.745210719988 0.818810937409 0.574063279420 0.000000000000 0.248251199979 0.000000000000 0.000000000000 1.000000000000 0.000000000000
285 0.574063279420 -0.818810937409 0.000000000000 2.745210719988 0.818810937409 0.574063279420 0.000000000000 0.248251199979 0.000000000000 0.000000000000 1.000000000000 0.000000000000
286 0.574063279420 -0.818810937409 0.000000000000 2.745210719988 0.818810937409 0.574063279420 0.000000000000 0.248251199979 0.000000000000 0.000000000000 1.000000000000 0.000000000000
287 0.574063279420 -0.818810937409 0.000000000000 2.745210719988 0.818810937409 0.574063279420 0.000000000000 0.248251199979 0.000000000000 0.000000000000 1.000000000000 0.000000000000
288 0.574063279420 -0.818810937409 0.000000000000 2.745210719988 0.818810937409 0.574063279420 0.000000000000 0.248251199979 0.000000000000 0.000000000000 1.000000000000 0.000000000000
289 0.574063279420 -0.818810937409 0.000000000000 2.745210719988 0.818810937409 0.574063279420 0.000000000000 0.248251199979 0.000000000000 0.000000000000 1.000000000000 0.000000000000
290 0.574063279420 -0.818810937409 0.000000000000 2.745210719988 0.818810937409 0.574063279420 0.000000000000 0.248251199979 0.000000000000 0.000000000000 1.000000000000 0.000000000000
291 0.574063279420 -0.818810937409 0.000000000000 2.745210719988 0.818810937409 0.574063279420 0.000000000000 0.248251199979 0.000000000000 0.000000000000 1.000000000000 0.000000000000
292 0.574063279420 -0.818810937409 0.000000000000 2.745210719988 0.818810937409 0.574063279420 0.000000000000 0.248251199979 0.000000000000 0.000000000000 1.000000000000 0.000000000000
293 0.574063279420 -0.818810937409 0.000000000000 2.745210719988 0.818810937409 0.574063279420 0.000000000000 0.248251199979 0.000000000000 0.000000000000 1.000000000000 0.000000000000
294 0.574063279420 -0.818810937409 0.000000000000 2.745210719988 0.818810937409 0.574063279420 0.000000000000 0.248251199979 0.000000000000 0.000000000000 1.000000000000 0.000000000000
295 0.574063279420 -0.818810937409 0.000000000000 2.745210719988 0.818810937409 0.574063279420 0.000000000000 0.248251199979 0.000000000000 0.000000000000 1.000000000000 0.000000000000
296 0.574063279420 -0.818810937409 0.000000000000 2.745210719988 0.818810937409 0.574063279420 0.000000000000 0.248251199979 0.000000000000 0.000000000000 1.000000000000 0.000000000000
297 0.574063279420 -0.818810937409 0.000000000000 2.745210719988 0.818810937409 0.574063279420 0.000000000000 0.248251199979 0.000000000000 0.000000000000 1.000000000000 0.000000000000
298 0.574063279420 -0.818810937409 0.000000000000 2.745210719988 0.818810937409 0.574063279420 0.000000000000 0.248251199979 0.000000000000 0.000000000000 1.000000000000 0.000000000000
299 0.574063279420 -0.818810937409 0.000000000000 2.745210719988 0.818810937409 0.574063279420 0.000000000000 0.248251199979 0.000000000000 0.000000000000 1.000000000000 0.000000000000
300 0.574063279420 -0.818810937409 0.000000000000 2.745210719988 0.818810937409 0.574063279420 0.000000000000 0.248251199979 0.000000000000 0.000000000000 1.000000000000 0.000000000000
301 0.574063279420 -0.818810937409 0.000000000000 2.745210719988 0.818810937409 0.574063279420 0.000000000000 0.248251199979 0.000000000000 0.000000000000 1.000000000000 0.000000000000
302 0.574063279420 -0.818810937409 0.000000000000 2.745210719988 0.818810937409 0.574063279420 0.000000000000 0.248251199979 0.000000000000 0.000000000000 1.000000000000 0.000000000000
303 0.574063279420 -0.818810937409 0.000000000000 2.745210719988 0.818810937409 0.574063279420 0.000000000000 0.248251199979 0.000000000000 0.000000000000 1.000000000000 0.000000000000
304 0.574063279420 -0.818810937409 0.000000000000 2.745210719988 0.818810937409 0.574063279420 0.000000000000 0.248251199979 0.000000000000 0.000000000000 1.000000000000 0.000000000000
305 0.574063279420 -0.818810937409 0.000000000000 2.745210719988 0.818810937409 0.574063279420 0.000000000000 0.248251199979 0.000000000000 0.000000000000 1.000000000000 0.000000000000
306 0.574063279420 -0.818810937409 0.000000000000 2.745210719988 0.818810937409 0.574063279420 0.000000000000 0.248251199979 0.000000000000 0.000000000000 1.000000000000 0.000000000000
307 0.574063279420 -0.818810937409 0.000000000000 2.745210719988 0.818810937409 0.574063279420 0.000000000000 0.248251199979 0.000000000000 0.000000000000 1.000000000000 0.000000000000
308 0.574063279420 -0.818810937409 0.000000000000 2.745210719988 0.818810937409 0.574063279420 0.000000000000 0.248251199979 0.000000000000 0.000000000000 1.000000000000 0.000000000000
309 0.574063279420 -0.818810937409 0.000000000000 2.745210719988 0.818810937409 0.574063279420 0.000000000000 0.248251199979 0.000000000000 0.000000000000 1.000000000000 0.000000000000
310 0.574063279420 -0.818810937409 0.000000000000 2.745210719988 0.818810937409 0.574063279420 0.000000000000 0.248251199979 0.000000000000 0.000000000000 1.000000000000 0.000000000000
311 0.574063279420 -0.818810937409 0.000000000000 2.745210719988 0.818810937409 0.574063279420 0.000000000000 0.248251199979 0.000000000000 0.000000000000 1.000000000000 0.000000000000
312 0.574063279420 -0.818810937409 0.000000000000 2.745210719988 0.818810937409 0.574063279420 0.000000000000 0.248251199979 0.000000000000 0.000000000000 1.000000000000 0.000000000000
313 0.574063279420 -0.818810937409 0.000000000000 2.745210719988 0.818810937409 0.574063279420 0.000000000000 0.248251199979 0.000000000000 0.000000000000 1.000000000000 0.000000000000
314 0.574063279420 -0.818810937409 0.000000000000 2.745210719988 0.818810937409 0.574063279420 0.000000000000 0.248251199979 0.000000000000 0.000000000000 1.000000000000 0.000000000000
315 0.574063279420 -0.818810937409 0.000000000000 2.745210719988 0.818810937409 0.574063279420 0.000000000000 0.248251199979 0.000000000000 0.000000000000 1.000000000000 0.000000000000
316 0.574063279420 -0.818810937409 0.000000000000 2.745210719988 0.818810937409 0.574063279420 0.000000000000 0.248251199979 0.000000000000 0.000000000000 1.000000000000 0.000000000000
317 0.574063279420 -0.818810937409 0.000000000000 2.745210719988 0.818810937409 0.574063279420 0.000000000000 0.248251199979 0.000000000000 0.000000000000 1.000000000000 0.000000000000
318 0.574063279420 -0.818810937409 0.000000000000 2.745210719988 0.818810937409 0.574063279420 0.000000000000 0.248251199979 0.000000000000 0.000000000000 1.000000000000 0.000000000000
319 0.574063279420 -0.818810937409 0.000000000000 2.745210719988 0.818810937409 0.574063279420 0.000000000000 0.248251199979 0.000000000000 0.000000000000 1.000000000000 0.000000000000
320 0.574063279420 -0.818810937409 0.000000000000 2.745210719988 0.818810937409 0.574063279420 0.000000000000 0.248251199979 0.000000000000 0.000000000000 1.000000000000 0.000000000000
321 0.574063279420 -0.818810937409 0.000000000000 2.745210719988 0.818810937409 0.574063279420 0.000000000000 0.248251199979 0.000000000000 0.000000000000 1.000000000000 0.000000000000
322 0.574063279420 -0.818810937409 0.000000000000 2.745210719988 0.818810937409 0.574063279420 0.000000000000 0.248251199979 0.000000000000 0.000000000000 1.000000000000 0.000000000000
323 0.574063279420 -0.818810937409 0.000000000000 2.745210719988 0.818810937409 0.574063279420 0.000000000000 0.248251199979 0.000000000000 0.000000000000 1.000000000000 0.000000000000
324 0.574063279420 -0.818810937409 0.000000000000 2.745210719988 0.818810937409 0.574063279420 0.000000000000 0.248251199979 0.000000000000 0.000000000000 1.000000000000 0.000000000000
325 0.574063279420 -0.818810937409 0.000000000000 2.745210719988 0.818810937409 0.574063279420 0.000000000000 0.248251199979 0.000000000000 0.000000000000 1.000000000000 0.000000000000
326 0.574063279420 -0.818810937409 0.000000000000 2.745210719988 0.818810937409 0.574063279420 0.000000000000 0.248251199979 0.000000000000 0.000000000000 1.000000000000 0.000000000000
327 0.574063279420 -0.818810937409 0.000000000000 2.745210719988 0.818810937409 0.574063279420 0.000000000000 0.248251199979 0.000000000000 0.000000000000 1.000000000000 0.000000000000
328 0.574063279420 -0.818810937409 0.000000000000 2.745210719988 0.818810937409 0.574063279420 0.000000000000 0.248251199979 0.000000000000 0.000000000000 1.000000000000 0.000000000000
329 0.574063279420 -0.818810937409 0.000000000000 2.745210719988 0.818810937409 0.574063279420 0.000000000000 0.248251199979 0.000000000000 0.000000000000 1.000000000000 0.000000000000
330 0.574063279420 -0.818810937409 0.000000000000 2.745210719988 0.818810937409 0.574063279420 0.000000000000 0.248251199979 0.000000000000 0.000000000000 1.000000000000 0.000000000000
331 0.574063279420 -0.818810937409 0.000000000000 2.745210719988 0.818810937409 0.574063279420 0.000000000000 0.248251199979 0.000000000000 0.000000000000 1.000000000000 0.000000000000
332 0.574063279420 -0.818810937409 0.000000000000 2.745210719988 0.818810937409 0.574063279420 0.000000000000 0.248251199979 0.000000000000 0.000000000000 1.000000000000 0.000000000000
333 0.574063279420 -0.818810937409 0.000000000000 2.745210719988 0.818810937409 0.574063279420 0.000000000000 0.248251199979 0.000000000000 0.000000000000 1.000000000000 0.000000000000
334 0.574063279420 -0.818810937409 0.000000000000 2.745210719988 0.818810937409 0.574063279420 0.000000000000 0.248251199979 0.000000000000 0.000000000000 1.000000000000 0.000000000000
335 0.574063279420 -0.818810937409 0.000000000000 2.745210719988 0.818810937409 0.574063279420 0.000000000000 0.248251199979 0.000000000000 0.000000000000 1.000000000000 0.000000000000
336 0.574063279420 -0.818810937409 0.000000000000 2.745210719988 0.818810937409 0.574063279420 0.000000000000 0.248251199979 0.000000000000 0.000000000000 1.000000000000 0.000000000000
337 0.574063279420 -0.818810937409 0.000000000000 2.745210719988 0.818810937409 0.574063279420 0.000000000000 0.248251199979 0.000000000000 0.000000000000 1.000000000000 0.000000000000
338 0.574063279420 -0.818810937409 0.000000000000 2.745210719988 0.818810937409 0.574063279420 0.000000000000 0.248251199979 0.000000000000 0.000000000000 1.000000000000 0.000000000000
339 0.574063279420 -0.818810937409 0.000000000000 2.745210719988 0.818810937409 0.574063279420 0.000000000000 0.248251199979 0.000000000000 0.000000000000 1.000000000000 0.000000000000
340 0.574063279420 -0.818810937409 0.000000000000 2.745210719988 0.818810937409 0.574063279420 0.000000000000 0.248251199979 0.000000000000 0.000000000000 1.000000000000 0.000000000000
341 0.574063279420 -0.818810937409 0.000000000000 2.745210719988 0.818810937409 0.574063279420 0.000000000000 0.248251199979 0.000000000000 0.000000000000 1.000000000000 0.000000000000
342 0.574063279420 -0.818810937409 0.000000000000 2.745210719988 0.818810937409 0.574063279420 0.000000000000 0.248251199979 0.000000000000 0.000000000000 1.000000000000 0.000000000000
343 0.574063279420 -0.818810937409 0.000000000000 2.745210719988 0.818810937409 0.574063279420 0.000000000000 0.248251199979 0.000000000000 0.000000000000 1.000000000000 0.000000000000
344 0.574063279420 -0.818810937409 0.000000000000 2.745210719988 0.818810937409 0.574063279420 0.000000000000 0.248251199979 0.000000000000 0.000000000000 1.000000000000 0.000000000000
345 0.574063279420 -0.818810937409 0.000000000000 2.745210719988 0.818810937409 0.574063279420 0.000000000000 0.248251199979 0.000000000000 0.000000000000 1.000000000000 0.000000000000
346 0.574063279420 -0.818810937409 0.000000000000 2.745210719988 0.818810937409 0.574063279420 0.000000000000 0.248251199979 0.000000000000 0.000000000000 1.000000000000 0.000000000000
347 0.574063279420 -0.818810937409 0.000000000000 2.745210719988 0.818810937409 0.574063279420 0.000000000000 0.248251199979 0.000000000000 0.000000000000 1.000000000000 0.000000000000
