0 0.999998271649 0.001859220113 0.000000000000 0.247870251812 -0.001859220113 0.999998271649 0.000000000000 0.249146271356 0.000000000000 0.000000000000 1.000000000000 0.000000000000
1 0.999999327078 0.001160105060 0.000000000000 0.409739525529 -0.001160105060 0.999999327078 0.000000000000 0.249331542440 0.000000000000 0.000000000000 1.000000000000 0.000000000000
2 0.999995103358 -0.003129418604 0.000000000000 0.518250239440 0.003129418604 0.999995103358 0.000000000000 0.249383728283 0.000000000000 0.000000000000 1.000000000000 0.000000000000
3 0.999992229494 -0.003942201453 0.000000000000 0.558513307481 0.003942201453 0.999992229494 0.000000000000 0.249713241756 0.000000000000 0.000000000000 1.000000000000 0.000000000000
4 0.999991620013 -0.004093886250 0.000000000000 0.588731237695 0.004093886250 0.999991620013 0.000000000000 0.249878044896 0.000000000000 0.000000000000 1.000000000000 0.000000000000
5 0.999992869125 -0.003776466517 0.000000000000 0.620917847914 0.003776466517 0.999992869125 0.000000000000 0.249814560458 0.000000000000 0.000000000000 1.000000000000 0.000000000000
6 0.999999120289 -0.001326431463 0.000000000000 0.709435178973 0.001326431463 0.999999120289 0.000000000000 0.249961379323 0.000000000000 0.000000000000 1.000000000000 0.000000000000
7 0.999992050329 -0.003987389988 0.000000000000 0.779191716687 0.003987389988 0.999992050329 0.000000000000 0.250220931837 0.000000000000 0.000000000000 1.000000000000 0.000000000000
8 0.999996096163 -0.002794218655 0.000000000000 0.871161475293 0.002794218655 0.999996096163 0.000000000000 0.250467716768 0.000000000000 0.000000000000 1.000000000000 0.000000000000
9 0.999999667161 -0.000815891299 0.000000000000 0.928642079064 0.000815891299 0.999999667161 0.000000000000 0.250599281283 0.000000000000 0.000000000000 1.000000000000 0.000000000000
10 0.999999907101 -0.000431042264 0.000000000000 0.985914899058 0.000431042264 0.999999907101 0.000000000000 0.250600000000 0.000000000000 0.000000000000 1.000000000000 0.000000000000
11 0.999999817789 -0.000603673168 0.000000000000 1.072074846554 0.000603673168 0.999999817789 0.000000000000 0.250600000000 0.000000000000 0.000000000000 1.000000000000 0.000000000000
12 0.999998908519 -0.001477484413 0.000000000000 1.148211277464 0.001477484413 0.999998908519 0.000000000000 0.250736905873 0.000000000000 0.000000000000 1.000000000000 0.000000000000
13 0.999998969327 -0.001435738657 0.000000000000 1.222603348962 0.001435738657 0.999998969327 0.000000000000 0.250883967028 0.000000000000 0.000000000000 1.000000000000 0.000000000000
14 0.999997743267 -0.002124490532 0.000000000000 1.292555809875 0.002124490532 0.999997743267 0.000000000000 0.251023265090 0.000000000000 0.000000000000 1.000000000000 0.000000000000
15 0.999999998610 0.000052728736 0.000000000000 1.396246677713 -0.000052728736 0.999999998610 0.000000000000 0.251100000000 0.000000000000 0.000000000000 1.000000000000 0.000000000000
16 0.999995705066 -0.002930844642 0.000000000000 1.484100937196 0.002930844642 0.999995705066 0.000000000000 0.251211203749 0.000000000000 0.000000000000 1.000000000000 0.000000000000
17 0.999999971321 -0.000239496567 0.000000000000 1.585402676294 0.000239496567 0.999999971321 0.000000000000 0.251391994647 0.000000000000 0.000000000000 1.000000000000 0.000000000000
18 0.999999949690 0.000317205552 0.000000000000 1.704118473580 -0.000317205552 0.999999949690 0.000000000000 0.251245274749 0.000000000000 0.000000000000 1.000000000000 0.000000000000
19 0.999999811505 0.000613995108 0.000000000000 1.808290875580 -0.000613995108 0.999999811505 0.000000000000 0.251245582912 0.000000000000 0.000000000000 1.000000000000 0.000000000000
20 0.999999997231 0.000074416415 0.000000000000 1.928426743423 -0.000074416415 0.999999997231 0.000000000000 0.251200000000 0.000000000000 0.000000000000 1.000000000000 0.000000000000
21 0.999999402093 0.001093532943 0.000000000000 2.048130669548 -0.001093532943 0.999999402093 0.000000000000 0.251100000000 0.000000000000 0.000000000000 1.000000000000 0.000000000000
22 0.999999918524 -0.000403673194 0.000000000000 2.169939148024 0.000403673194 0.999999918524 0.000000000000 0.251074529238 0.000000000000 0.000000000000 1.000000000000 0.000000000000
23 0.999995770122 0.002908562856 0.000000000000 2.305056426744 -0.002908562856 0.999995770122 0.000000000000 0.250908391075 0.000000000000 0.000000000000 1.000000000000 0.000000000000
24 0.999999956095 0.000296326791 0.000000000000 2.424849622274 -0.000296326791 0.999999956095 0.000000000000 0.250700000000 0.000000000000 0.000000000000 1.000000000000 0.000000000000
25 0.999999310778 0.001174071741 0.000000000000 2.578321487710 -0.001174071741 0.999999310778 0.000000000000 0.250509718152 0.000000000000 0.000000000000 1.000000000000 0.000000000000
26 0.999999991926 0.000127075123 0.000000000000 2.722558904444 -0.000127075123 0.999999991926 0.000000000000 0.250500000000 0.000000000000 0.000000000000 1.000000000000 0.000000000000
27 0.999971953082 0.007489529321 0.000000000000 2.817273332822 -0.007489529321 0.999971953082 0.000000000000 0.250584787883 0.000000000000 0.000000000000 1.000000000000 0.000000000000
28 0.999998007340 0.001996325469 0.000000000000 2.862600000000 -0.001996325469 0.999998007340 0.000000000000 0.250100000000 0.000000000000 0.000000000000 1.000000000000 0.000000000000
29 0.999999970611 0.000242440186 0.000000000000 2.745517325391 -0.000242440186 0.999999970611 0.000000000000 0.249900000000 0.000000000000 0.000000000000 1.000000000000 0.000000000000
30 0.990016828140 -0.140949210707 0.000000000000 2.747023279232 0.140949210707 0.990016828140 0.000000000000 0.249900000000 0.000000000000 0.000000000000 1.000000000000 0.000000000000
31 0.817903079932 -0.575356021814 0.000000000000 2.746146881287 0.575356021814 0.817903079932 0.000000000000 0.249128128772 0.000000000000 0.000000000000 1.000000000000 0.000000000000
