0 1.0 0.0 0.0 0.0 0.0 1.0 0.0 0.0 0.0 0.0 1.0 0.0
1 0.999983104844 -0.005249010599 0.002497581554 0.14939511462656058 0.005250716542 0.999985985744 -0.000676971752 0.0010743364380943463 -0.00249399312 0.000690074407 0.999996651892 -0.005136835061526517
2 0.998424601675 -0.054375530764 0.013842558438 0.6142105726759143 0.054369393418 0.99852055429 0.000819584883 0.015649029403217805 -0.013866644488 -6.5682205e-05 0.999903851306 -0.02568480578676292
3 0.996479097974 -0.082055174556 0.017214982721 0.7635380144653509 0.082083404645 0.996625021676 -0.000938537013 0.026222329443709076 -0.017079870709 0.002348296909 0.999851370714 -0.03208116889456051
4 0.994176979213 -0.106514309855 0.016335109377 0.8698945121847278 0.106561958686 0.994303904416 -0.002072347339 0.03645415944836766 -0.016021328386 0.003800981268 0.999864425599 -0.0368178570470974
5 0.989893251993 -0.141319760993 0.01183532047 0.9857125932874586 0.141365446939 0.989952585648 -0.00311264847 0.051186781088535215 -0.011276527364 0.004754295084 0.999925115501 -0.041862244403660126
6 0.984487415371 -0.174772514959 0.015462761422 1.0896187952221321 0.174870763369 0.984577465101 -0.005237493071 0.06809844861964018 -0.014308916609 0.00786023091 0.999866726957 -0.04604996718402649
7 0.974966856138 -0.221874749858 0.014533575203 1.2030006414941872 0.22200802832 0.975009611627 -0.008288099693 0.09046816975066949 -0.012331455468 0.011307192876 0.999860031502 -0.050659319709253095
8 0.955780549583 -0.293331551316 0.020979562462 1.3469143028591406 0.293583720122 0.955880037189 -0.010097216579 0.1289195178278026 -0.017092112743 0.015809981206 0.999728915345 -0.05680306379315637
9 0.923827574552 -0.382324433904 0.019252006074 1.485794206153272 0.382603346789 0.923810897756 -0.013715108943 0.17844981020795728 -0.012541591752 0.020036277786 0.999720588989 -0.06391529998652143
10 0.869400756028 -0.493772915632 0.018183322203 1.6248955514898729 0.494049624286 0.869273655548 -0.016681741904 0.24635201056192021 -0.007569290624 0.023486582526 0.999695496779 -0.07002609836231191
11 0.796913309541 -0.603738415706 0.020714788844 1.7456465055397645 0.604076168366 0.796682668317 -0.01971569975 0.3246412868857293 -0.004599987918 0.028225013811 0.999591010717 -0.07518114961616126
12 0.684473285894 -0.728743957223 0.020701828605 1.874432408337375 0.72902979948 0.684055422504 -0.024160513487 0.44170144149504914 0.003445630094 0.031629476012 0.999493723782 -0.07965728486313013
13 0.551043123119 -0.834117612596 0.024480294527 1.9903457002515936 0.834462280062 0.550623526071 -0.022055287117 0.5892047675241031 0.004917277344 0.032581296682 0.999456992316 -0.085342251710326
14 0.434009054374 -0.900567373884 0.02479003464 2.0762130564494194 0.900778878171 0.433315512558 -0.028897737231 0.7411861033119027 0.015282452763 0.034872219202 0.999274924616 -0.08819352375911661
15 0.330880829704 -0.943351467686 0.024614730331 2.145482639094977 0.943440690765 0.330108803442 -0.030787024853 0.9124188527661201 0.020917445905 0.033409374514 0.999222835083 -0.09070908894372232
16 0.272319461627 -0.96190325951 0.024170853602 2.187331304924615 0.961838782583 0.271434588767 -0.034487973837 1.0479235389285366 0.02661328874 0.032640210871 0.99911278117 -0.0915603965630126
17 0.236596538233 -0.971307243411 0.024172649687 2.2123198967267466 0.971172958012 0.235672992841 -0.035795615269 1.1455593889534088 0.029071699696 0.031944942356 0.999066742983 -0.09213589706690356
18 0.205205280813 -0.978382640286 0.025655446099 2.234729879662643 0.978337766231 0.204323336057 -0.033274457313 1.2482941352754948 0.027313145065 0.031927786185 0.999116914368 -0.09181274900848269
19 0.170075457023 -0.985100013184 0.025540222053 2.2571723978605065 0.985050859042 0.169232859737 -0.03217210415 1.36694177286395 0.027370495406 0.03063010299 0.999155970193 -0.09179419853527868
20 0.128117641956 -0.991376713602 0.027533280728 2.2812275547316654 0.991415954203 0.127293855065 -0.029844266026 1.5399536836471357 0.026082092927 0.031120510774 0.999175279037 -0.09166948637817515
21 0.110318016434 -0.993518905923 0.027388297202 2.2875121580086546 0.993544807634 0.109504273015 -0.029623122971 1.5983427451967782 0.02643199715 0.030479464642 0.999185844456 -0.09173208999383513
22 0.086921796137 -0.995825157905 0.027872140928 2.299000130936737 0.99580850107 0.086052994458 -0.030988890615 1.7212132854547917 0.028461035701 0.030448924912 0.999131038662 -0.0922016446154081
23 0.089131884257 -0.995637451201 0.027596611668 2.3014079899751443 0.995562755531 0.088217485168 -0.032748665766 1.7493422853423255 0.030171294433 0.030393109042 0.999082555105 -0.09216932092361854
24 0.07771490115 -0.996548486604 0.029180609756 2.3078101247173968 0.996523149801 0.076764631406 -0.032385232381 1.8383784254178215 0.030033415565 0.031595968281 0.999049392542 -0.0918476030796007
25 0.02463060413 -0.999162634569 0.032670522199 2.315319964746212 0.999223785125 0.02360078947 -0.031540925419 1.9709029805988558 0.030743464023 0.033422034902 0.998968371373 -0.09218999556140932
26 0.028007765558 -0.999067290378 0.032865093405 2.3149252551907957 0.999199472208 0.027041651545 -0.02948158445 1.9665596521839996 0.028565360288 0.03366449729 0.999024885483 -0.09192635373124301
27 0.054089093572 -0.998068682885 0.030549536839 2.3135771850250464 0.99812963937 0.053168902603 -0.03017102597 1.9155019923750765 0.028488470803 0.032124321635 0.999077792262 -0.09207106773297137
28 0.026423202299 -0.999235014176 0.02883055366 2.3045359154200455 0.99923357128 0.025567962731 -0.029640332467 1.6539021233185895 0.028880519511 0.029591649597 0.999144759215 -0.09218586571153543
29 0.017312463465 -0.999481400289 0.027151594507 2.3008654859562085 0.999259664289 0.016362732366 -0.0348193095 1.4387839092372499 0.034356977942 0.027734301236 0.999024727723 -0.09283132824187601
30 0.019514917927 -0.999512293677 0.02437914613 2.2993413724767775 0.998850804053 0.0184228069 -0.044245580903 1.2252397518915517 0.043774869752 0.025214578594 0.998723177765 -0.09396808634527729
31 0.020211687388 -0.999463077324 0.025788461754 2.29870277328301 0.998928902214 0.019113594028 -0.042139279118 1.1152418267483328 0.041623743394 0.026612545726 0.998778872622 -0.09468873245405965
32 0.015054647812 -0.999546706489 0.026071807103 2.2979284856713065 0.999262889218 0.014119247744 -0.035697690046 1.0634561581884343 0.035313394211 0.026590005444 0.999022490137 -0.09532868569696601
33 0.019969772382 -0.999464685645 0.025914288342 2.2974745026148318 0.999166130719 0.019027153832 -0.036124931014 1.0252166384048838 0.03561251767 0.026614085863 0.999011230677 -0.09554378909690348
34 0.023898951174 -0.999409803106 0.024675607168 2.2965809190425803 0.999055887036 0.0229802121 -0.036867932276 0.9848813679094609 0.036279122251 0.025533415521 0.999015450321 -0.09595048198719937
35 0.029391392895 -0.999270399076 0.024388840767 2.2959892291886717 0.998941601689 0.028500580059 -0.036102539403 0.9453733495040936 0.035381102848 0.025424131579 0.99905044472 -0.09585132327619052
36 0.023177054756 -0.999424432055 0.024771530909 2.295360971545203 0.999131847123 0.022298052895 -0.03519018188 0.8984909256036335 0.034617570633 0.025565630206 0.999073582053 -0.09608302647229115
37 0.01945927037 -0.999508765642 0.024567543644 2.2948711781204056 0.999192221469 0.018577234425 -0.035634125735 0.8881477377515046 0.035160224011 0.025241112597 0.999062883347 -0.09609337648539723
38 -0.160436915904 -0.986575511987 0.030475484623 2.2926078342077596 0.98627702608 -0.161454069611 -0.034499438161 0.8896256950809108 0.038956691883 0.024522286883 0.998939954954 -0.09590323836645967
