0 1.0 0.0 0.0 0.0 0.0 1.0 0.0 0.0 0.0 0.0 1.0 0.0
1 0.999985493208 0.005343283272 0.000680218212 0.11470556989430374 -0.005340317162 0.999976537684 -0.004290115894 5.885564748764821e-05 -0.000703125557 0.004286421077 0.99999056606 -0.0035721794986601912
2 0.999742950199 -0.022482841299 0.002924957337 0.21138420988496553 0.022494278777 0.999739215763 -0.003938005673 0.0022378170739213625 -0.002835656998 0.004002788216 0.999987968296 -0.006876753935719133
3 0.997997880672 -0.063128540332 0.003875251035 0.3205200014789544 0.06315611037 0.997975776667 -0.00746022183 0.007538847532978011 -0.003396453747 0.007690031358 0.999964663135 -0.01048843169195646
4 0.99496562018 -0.100186941129 0.002447751496 0.42812489250841695 0.10020306648 0.994937014066 -0.007725510296 0.01723367115134106 -0.001661363319 0.007931889349 0.999967161962 -0.013764990561354247
5 0.991305992184 -0.131519709279 0.003872457984 0.552351957786033 0.131557366749 0.99123552186 -0.012033264618 0.03205965028420191 -0.002255906447 0.012438097696 0.999920099114 -0.017840881383238808
6 0.983404991439 -0.181377123599 0.004118476427 0.7002495378664139 0.181418101645 0.983301396108 -0.01434701387 0.056107397150773314 -0.001447483513 0.014856091228 0.999888594467 -0.022180669470719592
7 0.963542610113 -0.267551345905 0.001384124596 0.8839625410204041 0.267536201469 0.963401082039 -0.016814756292 0.09973112422181214 0.003165343544 0.016572037602 0.999857663955 -0.027205686205633302
8 0.883799181548 -0.467866259284 0.000412454844 1.1543169757769685 0.467730197835 0.883520201592 -0.024910146787 0.20553409625708863 0.011290205008 0.022208484929 0.999689609063 -0.03409282995465321
9 0.730739894105 -0.682632265495 0.005691859825 1.3434423680277705 0.682422641705 0.730246722832 -0.032234482794 0.3441876468568163 0.017847836032 0.027439276562 0.999464126845 -0.0367939318976445
10 0.494075952828 -0.869349318495 0.010987050069 1.4830633439859522 0.86885500932 0.493261155264 -0.042242223977 0.5326753580784034 0.031303763616 0.030417020552 0.999046985504 -0.03659134550919202
11 0.291182061994 -0.95660854716 0.010634579145 1.564802061228433 0.955654628113 0.290344318564 -0.049238282298 0.7352002510124866 0.044014072059 0.024500289346 0.998730442754 -0.034395636621933436
12 0.170852032163 -0.985234791586 0.01104484289 1.6075413816413406 0.984270246624 0.170151779817 -0.04754422611 0.9274219024426976 0.044962926027 0.018994137883 0.998808068654 -0.03138309977573634
13 0.142717592398 -0.989705035475 0.010753212376 1.6158234501466164 0.988921318264 0.142139667899 -0.042789497451 0.9833409505428413 0.040820523057 0.016740895014 0.999026239561 -0.03053832112309101
14 0.105599333974 -0.99433385791 0.012204903829 1.625830102902215 0.993491009664 0.104966742662 -0.044244735868 1.0702996058014693 0.042712929908 0.016797676867 0.998946166553 -0.029470306203300312
15 0.072621143984 -0.997311792293 0.009765162578 1.6343138395799743 0.996300825181 0.07208954623 -0.046773529569 1.181622527949833 0.045943826467 0.01312578676 0.99885778694 -0.027926705314638336
16 0.05747762429 -0.998286158927 0.011003072313 1.6367679114854945 0.997247183098 0.056893690916 -0.047551695418 1.2254516160184479 0.046844193974 0.013705941353 0.998808174107 -0.027421746415369205
17 0.046887732805 -0.998815786874 0.012983235488 1.6391851000528277 0.997976792977 0.046281702141 -0.043592714143 1.281832970888042 0.042940204841 0.015000931247 0.998965019843 -0.026930041763999612
18 0.033987573018 -0.999314736384 0.014659554106 1.641409098974477 0.998607662075 0.033364118706 -0.040860406615 1.34323876860757 0.040343303362 0.016027889106 0.999057317998 -0.02638523029555663
19 0.005566508918 -0.999866476663 0.015363685213 1.6431229790223365 0.999015837323 0.004884372512 -0.044085141287 1.5133871518936028 0.04400421293 0.015593965179 0.998909634299 -0.024088652389927027
20 -0.003940361308 -0.999885947843 0.01457960419 1.642475591851493 0.999013179345 -0.004581090709 -0.044177834983 1.6129153254347572 0.044239586895 0.014391140104 0.998917290889 -0.0227040425924094
21 -0.01292516723 -0.999741686143 0.018694946902 1.6410010068696272 0.999216940726 -0.013613096511 -0.037150894607 1.72936754171416 0.037395794132 0.018200126124 0.999134780693 -0.021258496190561464
22 -0.014965339434 -0.999746402338 0.016827644752 1.6391656179053127 0.999126901674 -0.015608357203 -0.038753239043 1.8169399045807269 0.039006063203 0.016232997187 0.999107109791 -0.02038185943603711
23 -0.018652182664 -0.999667637202 0.017796382038 1.6372853162033862 0.999154304267 -0.019289053381 -0.036312651858 1.9047668777568127 0.036643858246 0.017104021499 0.999182005493 -0.01943434040095362
24 -0.017808253394 -0.999682042644 0.01785160291 1.6350015334376717 0.99909281211 -0.01848286618 -0.038365823961 1.988177980667904 0.038683574052 0.017152179837 0.999104290765 -0.018737329645353965
25 -0.016803054874 -0.999714205237 0.017004857981 1.632585238134787 0.998988498729 -0.01749545573 -0.041423283752 2.0858506892510316 0.041708952935 0.016291619835 0.99899697015 -0.017494160039182992
26 -0.019055814857 -0.999635125346 0.019143983271 1.6296649171195141 0.999020451946 -0.01980195806 -0.039572958566 2.205372990564424 0.039937607751 0.018371135848 0.999033277151 -0.016020114010168538
27 -0.01363645744 -0.999727012156 0.018972300695 1.6270707474144714 0.999088336584 -0.01439049169 -0.040192156579 2.3197789326152094 0.040454205345 0.01840692571 0.999011832941 -0.013946418060087581
28 -0.010628620314 -0.999782784095 0.017928108007 1.62477105056873 0.99886304478 -0.011448678992 -0.046276835688 2.4333274855146896 0.046472036777 0.017415865635 0.998767759503 -0.01325629891455919
29 -0.009697465409 -0.999729241542 0.021151897582 1.6243404971047704 0.99892233467 -0.010645448876 -0.045175698291 2.539895002092021 0.045388638033 0.020691013144 0.998755101871 -0.011420645464122827
30 0.005236698679 -0.999774481618 0.020580643649 1.6236394192512649 0.998679223521 0.004176809718 -0.05120901062 2.615747720429273 0.051111500615 0.020821627378 0.998475875692 -0.010467138064024478
31 0.015686287532 -0.999724269029 0.017473588568 1.6239838600263108 0.998444468241 0.014726300527 -0.053775272309 2.5132370616536877 0.053503123484 0.01828994223 0.998400167163 -0.01278558348256666
32 -0.027313198441 -0.99942298045 0.020191466996 1.6235971813166936 0.99850755855 -0.028232678895 -0.046750094763 2.518240390526639 0.047293178249 0.018884437799 0.998702524929 -0.011714130243196598
33 -0.377346813223 -0.925626137009 0.028733900462 1.6201065134464938 0.924547912826 -0.378323791438 -0.045631849853 2.517417654047552 0.05310875107 0.009346834575 0.998544990095 -0.01191828857746548
34 -0.67867904553 -0.733500501943 0.037037370429 1.6159318694952103 0.732166627099 -0.679682474071 -0.044314383696 2.5153069849338094 0.057678274251 -0.002957717047 0.998330841249 -0.012616746521277054
35 -0.893030243626 -0.447933942914 0.043036806982 1.6179701143244032 0.446619406494 -0.89396039582 -0.036958306875 2.511754891409469 0.055028081127 -0.013783812601 0.998389661804 -0.011324986323314728
36 -0.812309279527 0.581757261183 0.041377813555 1.0822901489931431 -0.582483342123 -0.812810714398 -0.007204075867 2.5164105058678334 0.02944130675 -0.029953824806 0.999117599603 0.019789250834167247
37 -0.760663107691 0.647916228222 0.039952444291 1.0153822065658393 -0.648566344721 -0.761144393515 -0.004572604849 2.462977432687827 0.027446914093 -0.029390022571 0.999191119596 0.019273627654867495
38 -0.708842319049 0.704252497646 0.039635669349 0.9593393440287094 -0.704868338444 -0.709334534663 -0.002267905292 2.4095104454006195 0.026517771108 -0.029545515643 0.999211624392 0.019706646329091526
39 -0.686055524462 0.726501425647 0.039031985455 0.9350868449816717 -0.727110341672 -0.686517381284 -0.00210623575 2.3841438659359144 0.025265953166 -0.029825554953 0.999235741896 0.019477281968414296
40 -0.664494327019 0.746136918961 0.041557039375 0.9153697888780626 -0.746750719459 -0.665103088902 0.001115401087 2.361910868135573 0.028471957184 -0.030291571357 0.999135510508 0.019304118413401457
41 -0.632951130751 0.773040504849 0.04220478579 0.8850749846183007 -0.77365482547 -0.633601546528 0.002700234274 2.325462220374381 0.028828408013 -0.030942819847 0.99910533218 0.019223085854142136
42 -0.607280390536 0.793433343278 0.040915242211 0.8632719464357219 -0.79400887244 -0.6078966178 0.003407719865 2.2976454314995904 0.027576035922 -0.030417623883 0.999156809715 0.018992828229016854
43 -0.586641428618 0.808907244358 0.038998772457 0.8448764426460241 -0.809464884871 -0.587163240417 0.002435007856 2.272773650674846 0.024868341103 -0.03013966037 0.999236291617 0.018859457359527716
44 -0.549108752705 0.834710034303 0.041698157462 0.8162226450221949 -0.835307073335 -0.54975943445 0.005163087199 2.229857349124228 0.027233636157 -0.031995669501 0.999116913176 0.01883855796562588
45 -0.514812165016 0.856269299233 0.04208707572 0.7914415829371213 -0.856844723675 -0.515521535532 0.007393640118 2.189679327282736 0.028027740944 -0.032255752889 0.999086588912 0.01854713418217805
46 -0.450549375841 0.891970947521 0.037324103581 0.7455518685250703 -0.89240444315 -0.451146105699 0.009027799165 2.1059689957524608 0.024891158554 -0.029240726594 0.999262433065 0.018178210974829665
47 -0.413976759645 0.909545480665 0.03674589875 0.723219079612061 -0.909951288016 -0.414583535095 0.010447289869 2.0588724012262287 0.02473652989 -0.02911204269 0.999270030102 0.017923600665310648
48 -0.370980441309 0.927946009617 0.035912607851 0.6999701606772544 -0.928332486057 -0.371576146929 0.011400103665 2.003129810281856 0.023922949157 -0.029109625038 0.999289909002 0.017554153476023463
49 -0.313573907151 0.949029377479 0.031853499581 0.6720700886160196 -0.94935863277 -0.31402700283 0.010258064131 1.9250215642811512 0.019738063219 -0.027023733561 0.99943990649 0.016960506890884356
50 -0.271471120553 0.961931939858 0.031470204746 0.6536586707462947 -0.96233403329 -0.271794279094 0.006409229568 1.8621328527620828 0.014718664243 -0.02854492833 0.999484140939 0.016169039657783754
51 -0.220337467209 0.974857844654 0.03322022368 0.6358906278428532 -0.975388298579 -0.220491823458 0.00101132751 1.785933313274691 0.008310688252 -0.032179784112 0.999447544374 0.015167640308479119
52 -0.162613616717 0.986140779104 0.032911630871 0.6208733553798971 -0.986643355632 -0.162839198807 0.004275993244 1.7048687561849738 0.009576034912 -0.031776707195 0.999449118482 0.013223582480361375
53 -0.10978179304 0.993462946121 0.03129429024 0.6082474716116683 -0.993909057601 -0.110027267532 0.006227810016 1.6096318300425507 0.009630323731 -0.030419978371 0.999490811254 0.011411313595308012
54 -0.05238233762 0.99813142913 0.031460147626 0.6021938633599783 -0.998557546471 -0.052724509917 0.010146548126 1.5171061112090811 0.011786309447 -0.030883267916 0.999453504007 0.009633637498823787
55 -1.8305195e-05 0.999573994951 0.029186097416 0.6001834344862792 -0.999980586457 -0.000200157987 0.006227892582 1.4258017044494782 0.006231081299 -0.029185416807 0.999554593342 0.0074091096049312185
56 0.07560560645 0.99674671006 0.02792468905 0.6056815619991914 -0.997125266194 0.075434588674 0.007129260113 1.3130143076755159 0.00499957913 -0.028383425037 0.99958460642 0.004879589290528002
57 0.137144650658 0.990192908571 0.026633599311 0.6180181777953778 -0.990545936869 0.137008132368 0.006893374887 1.2070796864256919 0.00317675123 -0.027327193073 0.999621494752 0.0023565114588199308
58 0.192103417205 0.981012172203 0.026671990711 0.6340531579216957 -0.981374280683 0.192057119625 0.00431091807 1.1181224193336607 -0.00089348261 -0.027003347791 0.999634943815 0.00020465237438260585
59 0.252126753405 0.967368440358 0.025107784006 0.6567317998658339 -0.967693170705 0.252079779875 0.005070695169 1.0253461023952322 -0.001423934189 -0.025575089024 0.999671889788 -0.0025735048554373133
60 0.307404759188 0.951266972014 0.024361075174 0.6829640972995195 -0.951577594997 0.307345233249 0.006244061167 0.9396200622494364 -0.001547491172 -0.025100907445 0.999683724843 -0.005397443135795785
61 0.376456134984 0.926209750318 0.020402863745 0.7201495185600099 -0.926413186616 0.376505383025 0.001517964695 0.8387621572858213 -0.006275834328 -0.019472929141 0.999790687561 -0.008746096929668224
62 0.444527784736 0.895573292769 0.018534451071 0.7656319542867923 -0.895751316693 0.444540427612 0.00365880584 0.7411953379670689 -0.004962584011 -0.018228699806 0.999821527705 -0.012357619986476002
63 0.51501618739 0.857017907829 0.01669228525 0.8195592372508665 -0.857154930535 0.515053464916 0.002313727828 0.6435535592892432 -0.006614513173 -0.015499481888 0.999857997056 -0.015970001375602574
64 0.574275849157 0.818504449559 0.016053508223 0.8688929951211724 -0.818637073367 0.574300645577 0.003480028729 0.5694162829650581 -0.006371121137 -0.015140493443 0.999865078035 -0.01897269235165441
65 0.625497180509 0.780106591338 0.013674184683 0.9149718819840424 -0.780207200919 0.625508733557 0.003943079731 0.508918620800033 -0.005477299456 -0.013135082611 0.99989872927 -0.021472126122162167
66 0.674872878077 0.737792156732 0.01446830677 0.9652235564050416 -0.73787088244 0.674941876935 0.000153648149 0.45076698546474764 -0.009651905728 -0.010779435253 0.999895316766 -0.024463778545369963
67 0.733265450269 0.679791822885 0.014312825716 1.0313467635195825 -0.679867198017 0.733335041842 0.000556298093 0.38637446574254114 -0.010117929751 -0.010138734887 0.999897411514 -0.027879916222655617
68 0.774819848208 0.63208180081 0.011260546511 1.089211181897843 -0.632139536089 0.774851452064 0.002198669277 0.3378447007688254 -0.007335511979 -0.008821809243 0.999934180807 -0.03049405213471871
69 0.807958676321 0.589173565971 0.008791275139 1.1366862760251428 -0.589199648154 0.807987344093 0.000475816483 0.3019216717662035 -0.006822900557 -0.005564256275 0.999961242789 -0.03308782261542712
70 0.838797052117 0.544315453762 0.011840276866 1.1901570559435264 -0.544350942719 0.838857544511 -0.000266793833 0.266663286406276 -0.010077525585 -0.006221479993 0.999929865873 -0.03539744517618075
71 0.867530762716 0.497301003641 0.009060216257 1.2415670548190445 -0.497339593288 0.867552314508 0.002512078981 0.23619514892115906 -0.006610952185 -0.006685310062 0.999955799993 -0.037468256730446216
72 0.903071853791 0.429415312295 0.007982258874 1.3130699345961996 -0.42941586512 0.903105207489 -0.001731758878 0.19974564282764803 -0.007952463336 -0.0018638059 0.999966641721 -0.040842036705860146
73 0.99999688596 0.002476455951 0.000308603716 1.7475195885241788 -0.00247336246 0.999950370549 -0.009650850593 0.0950826309275115 -0.000332488307 0.009650057251 0.999953381837 -0.05840254283910354
74 0.99998877406 -0.002303766181 0.004140581633 1.7188324756296505 0.002347268226 0.999941778865 -0.010532293799 0.09445051408745615 -0.004116076621 0.01054189462 0.999935961135 -0.057769298190303714
75 0.999968626029 -0.007531797003 0.002453363424 1.6403904980466673 0.007556904259 0.999917461276 -0.010390564638 0.09362094089164434 -0.002374901303 0.010408778477 0.999943006963 -0.05548482676261246
76 0.995919158577 -0.090249137669 0.000350327032 1.6402127733536347 0.090247275655 0.99585447066 -0.011371125831 0.09663506465457039 0.000677359559 0.01135633813 0.99993528529 -0.054393312500442645
77 0.557140199693 -0.830307158638 0.013594859322 1.5999803222644615 0.830227119575 0.556585781465 -0.030581003798 0.09140799050344717 0.017824920973 0.028324727459 0.99943983411 -0.04075731132150834
78 0.024044481996 -0.999408998058 0.024566592885 1.595609958583276 0.999058962311 0.023134232545 -0.036687833284 0.07554887867700714 0.036097821431 0.025425614742 0.999024767162 -0.045356355691698824
79 0.008938836 -0.999652248881 0.024808839529 1.5946210998683732 0.999386509659 0.008090790728 -0.034075554532 0.021119511228870902 0.033862981591 0.025098215339 0.999111294133 -0.04555498476893732
80 0.006160229724 -0.999704385933 0.023520040715 1.599106130758985 0.999068026262 0.005148052064 -0.042855296761 0.3035594446850282 0.042721545738 0.023762119128 0.998804400884 -0.0425640309883146
81 -0.002043114611 -0.999851846784 0.017091230647 1.5968738030196605 0.998573923852 -0.002951683622 -0.053304841861 0.7511899441283797 0.053347392482 0.016957949349 0.998432012542 -0.03427900323266081
82 -0.062091880155 -0.997951708501 0.015394346981 1.581884640940145 0.99705765813 -0.062716169415 -0.044076166549 1.2460056808710953 0.044951360185 0.012612279498 0.99890955828 -0.026392610955437438
83 -0.118555930117 -0.99277963699 0.018250583878 1.5618163023544607 0.991890558476 -0.119257528972 -0.043940434562 1.460347299711992 0.045799688209 0.012893182746 0.998867435849 -0.023241772819222316
84 -0.193236210683 -0.980906174067 0.021973724285 1.5326406386808034 0.980010021506 -0.194043193263 -0.043904406339 1.64008888905239 0.047329954875 0.013050548896 0.998794052117 -0.0198892315783944
85 -0.336766961258 -0.941218156486 0.026389310446 1.4749946958195017 0.940623174206 -0.337558164457 -0.035812424605 1.8474513978285514 0.042615231461 0.012761955548 0.999010047266 -0.016725343796751075
86 -0.485857603756 -0.873469940731 0.031506372564 1.4030084701504768 0.87258514104 -0.486812293686 -0.040111872972 2.0019239681509444 0.050374204801 0.008003334062 0.998698345916 -0.014231913362170705
87 -0.646747939105 -0.761786354957 0.037398565012 1.307287000443181 0.76087194574 -0.647814896893 -0.037546525127 2.137196143532298 0.052829778055 0.004172381182 0.998594815621 -0.010531158676337436
88 -0.817156008424 -0.575113087815 0.03874266537 1.1503599140781955 0.574177982523 -0.81805964243 -0.033137076103 2.275733824259292 0.050751377138 -0.004832975399 0.998699624546 -0.005510059330204277
89 -0.902343385331 -0.428757982859 0.044079554044 1.005757696333359 0.427535075772 -0.903333786081 -0.034667418543 2.356758818217478 0.054682482889 -0.012436360331 0.998426343306 -0.001338674047549523
90 -0.958992442315 -0.279155229377 0.049049500444 0.7962044240613805 0.277736535852 -0.960061677448 -0.033822952986 2.4324134364497345 0.056532399873 -0.018813117952 0.998223499201 0.004283232970219673
91 -0.985496355336 -0.161026528003 0.053548024227 0.5299637315838985 0.159413905928 -0.98665469725 -0.03316195097 2.4883602256508097 0.058173363458 -0.02414468212 0.998014475902 0.011920319631266352
92 -0.991117880119 -0.123011290864 0.050532860868 0.4053962427261006 0.121483929941 -0.992068661979 -0.032271112228 2.505182541038368 0.05410177884 -0.025845545811 0.998200884235 0.015162789732817086
93 -0.997908785429 -0.04661214798 0.044781286533 0.11776634801099964 0.045454640141 -0.998614106661 -0.026528129755 2.527760423750827 0.045955757556 -0.024437136479 0.998644528703 0.021156534295575232
94 -0.99871428451 -0.011835786209 0.049291906846 0.2567356401464396 0.01036170909 -0.999494569406 -0.030053963341 2.523987629033865 0.049622705493 -0.029504574096 0.99833214273 0.01845842653509136
95 -0.998626937928 -0.004170414659 0.052219215674 0.4284667682671149 0.002510784655 -0.999490865045 -0.031807336463 2.5239245665599546 0.052325278828 -0.03163255181 0.99812897306 0.014889765200877396
96 -0.998404060251 -0.012759366676 0.055013916748 0.670332709225781 0.010879694359 -0.999351249954 -0.034332367623 2.5224926686400364 0.055416285735 -0.033679040633 0.997895163581 0.009774319163935223
97 -0.998220639514 -0.009607288014 0.05884942536 0.7580005515822055 0.007689273608 -0.999434583061 -0.032732082937 2.5225268721848795 0.059130617446 -0.032221331429 0.997730101722 0.007970528805682059
98 -0.998390993853 -0.01645698647 0.054264085638 0.8036610064299671 0.014705905078 -0.999363133276 -0.032512523821 2.52198790436263 0.054764584812 -0.031662208477 0.997997166732 0.006737674158249169
99 -0.998433259787 -0.020568833332 0.052037955826 0.8270013926500714 0.018879052605 -0.999284996104 -0.032757868267 2.521946854120453 0.052674539617 -0.031724117892 0.998107696203 0.0060069089851824626
100 -0.998246172998 -0.027075524126 0.052644981611 0.8590957405192302 0.025297449318 -0.999096402303 -0.034152861703 2.5210747435718193 0.053522118357 -0.032761179738 0.998029101754 0.005569563717235201
101 -0.99836359498 -0.028599570245 0.049519660741 0.9000956005850569 0.026962909607 -0.999077987389 -0.033409229576 2.520422445941664 0.050429492598 -0.032019364408 0.998214218782 0.00456359324930256
102 -0.998318316147 -0.02523039184 0.052191636997 0.8988357733435361 0.02347160195 -0.999144762986 -0.034041540782 2.520583962126723 0.05300588219 -0.032759272344 0.998056715086 0.00460207847513135
103 -0.992242356032 0.112958270205 0.051918552441 0.8965815082270407 -0.114585140476 -0.992975411984 -0.029497063881 2.519452480518383 0.048221908687 -0.035217330786 0.998215601528 0.0045879708852171915
104 -0.901473202589 0.429902517192 0.050298019108 0.8976673335424464 -0.431287179692 -0.901982618136 -0.020462776293 2.5161535151832215 0.036570939925 -0.040139535283 0.998524603633 0.004590500969435967
105 -0.741129854609 0.669873843381 0.044671831854 0.8957053854738467 -0.670861121573 -0.741505036052 -0.010753467852 2.5150282764454093 0.02592092145 -0.037938311286 0.998943837444 0.005266866836646913
106 -0.513712440125 0.857064944081 0.039232773147 0.8292415252251318 -0.857853945088 -0.513837335555 -0.007602728892 2.704877207908827 0.013643231208 -0.037561605632 0.999201174952 0.029448288981262366
107 -0.065090202404 0.997392063626 0.031182318192 0.8341284053500655 -0.997877568389 -0.065117911021 -0.000127163379 2.6994720298015538 0.001903695677 -0.031124412944 0.99951370519 0.029327393872220844
108 0.008633343959 0.999571860794 0.027956403213 0.8347793655787008 -0.99995108247 0.00876481891 -0.004583733825 2.745855355161171 -0.00482680416 -0.027915462704 0.999598633904 0.031167518635201633
109 0.01033293694 0.999545463953 0.028321297728 0.8331011761863301 -0.99991043634 0.010569340789 -0.008210257874 2.8129185659127014 -0.008505863464 -0.028233925092 0.999565153335 0.03359686358351471
110 -0.023572318128 0.999241317934 0.031002166899 0.8326837122902322 -0.999719419588 -0.023488648377 -0.003060309831 2.7687595339026805 -0.002329789031 -0.031065606895 0.999514632285 0.0319481119954961
111 0.060397515526 0.99778960713 0.027713534997 0.8393319152848552 -0.998158266757 0.060215384056 0.007360844235 2.5322099087047714 0.005675792724 -0.028107070762 0.999588804434 0.025287348405254352
112 0.08324475614 0.996183402836 0.026247637781 0.858985614486607 -0.996473955168 0.082934100965 0.01271186726 2.2845501048269345 0.010486526942 -0.027213283724 0.999574644507 0.01892665180529855
113 0.108833813671 0.993725057967 0.025801359839 0.886761577682909 -0.993997690995 0.108499821429 0.014013530848 2.0200995093130385 0.011126153819 -0.02717163811 0.999568862452 0.01342824483535234
114 0.111493666698 0.993393668785 0.027169488459 0.9167088920917716 -0.993762890139 0.111393502978 0.005177419814 1.7754224900878832 0.00211671157 -0.027577278894 0.999617433432 0.008348998464924956
115 0.112488385717 0.993303686785 0.026346705645 0.9467182958652299 -0.993649759435 0.112380335776 0.005551189607 1.527609498842662 0.002553165476 -0.026803842083 0.999637451977 0.0006835369343162319
116 0.091444771062 0.995420183553 0.027865965261 0.9743149724032912 -0.995806432686 0.091332163915 0.005290033551 1.2718273561157123 0.002720747261 -0.028232853367 0.999597670828 -0.00578704117335795
117 0.024632747913 0.999291133885 0.028468534718 0.9925216730246792 -0.999688557332 0.024508560145 0.004703064925 1.0117733034187255 0.004002008286 -0.028575517814 0.999583625172 -0.012121942891012278
118 -0.123573120006 0.991789342796 0.03291782993 0.9812597292140584 -0.992317079447 -0.123704775208 0.001985554996 0.7579846375021786 0.006041345036 -0.032419563633 0.999456089102 -0.017835167484953802
119 -0.422311548179 0.905398481449 0.043664013373 0.912142509262433 -0.906211426731 -0.422816769253 0.002613369775 0.5019524156619045 0.020828018093 -0.03846517162 0.999042854053 -0.022385825865824282
120 -0.762078982035 0.645614987352 0.049162111897 0.762200107131951 -0.646584219694 -0.762824668841 -0.005231773185 0.3089025284374017 0.034124360549 -0.035774470142 0.998777109922 -0.022367137176673758
121 -0.923584896995 0.380018054763 0.050766288976 0.564850833322601 -0.381042457672 -0.924480536989 -0.01193240041 0.1928065599927326 0.042397918501 -0.030364696321 0.998639275076 -0.019318670140387552
122 -0.96843563004 0.243694951427 0.052394666887 0.3971662630158459 -0.244699620915 -0.969503510015 -0.013602925893 0.13782908248509107 0.047481849088 -0.025994513233 0.99853380478 -0.016813218063039863
123 -0.983578719365 0.172045056933 0.05452890241 0.270568334164591 -0.17313079042 -0.984771780056 -0.015819943557 0.11023191190691592 0.050976781201 -0.025000791799 0.998386862988 -0.014379845939254293
124 -0.99018032707 0.129861133779 0.051759113376 0.16092248358046204 -0.130812667458 -0.991287075751 -0.015426583619 0.09376948228583779 0.049304826503 -0.022045847299 0.998540442196 -0.012051160416536713
125 -0.99460749504 0.089265296333 0.052798084067 0.040194414990720496 -0.09019777039 -0.995802541406 -0.015545441333 0.08049123601349915 0.051188797868 -0.020223881927 0.998484201964 -0.010001832121762031
126 -0.997563730361 0.03440807841 0.060685154756 -0.02949751334168446 -0.035538627646 -0.999212439444 -0.017649555414 0.07365560218421535 0.060030074235 -0.019763223457 0.998000904401 -0.008179323132533271
127 -0.962599176326 0.265308234161 0.054903247827 0.09198906152205508 -0.266321641718 -0.963810584878 -0.011913841916 0.07490067808658271 0.049755491039 -0.026090177512 0.998420599622 -0.010955055074522173
128 -0.792848069582 0.607392150572 0.049666024436 0.09102482496797179 -0.608188898971 -0.793791450172 -0.001181863568 0.07134153825274236 0.038706610907 -0.031143362967 0.99876518222 -0.010804208159798025
129 -0.341410800551 0.93915683228 0.037724125555 0.09363203932813856 -0.939653342281 -0.341986524858 0.00983936763 0.06791315935930552 0.022141851937 -0.032088334283 0.999239749608 -0.010830222615483382
130 0.013526745946 0.9995187001 0.027917652019 0.09750460020624796 -0.999749013274 0.013020648111 0.018231104759 0.0345377405237359 0.017858824207 -0.028157252581 0.999443961173 -0.011855081384733705
131 0.013443183801 0.999487198676 0.029062355247 0.0994452047438738 -0.999723856913 0.012874755907 0.019658346298 -0.0488437399417487 0.019274094742 -0.029318600641 0.999384274905 -0.0116130416514417
