0 1.0 0.0 0.0 0.0 0.0 1.0 0.0 0.0 0.0 0.0 1.0 0.0
1 0.99999798734 0.000843785299 -0.001820259084 0.1644673835675642 -0.000844173789 0.999999621071 -0.000212667791 0.0007920597171203904 0.001820078948 0.000214203978 0.999998320713 -0.005533109607307793
2 0.999993242273 -0.002936441124 -0.00221194989 0.3833765131456977 0.002942275818 0.999992188824 0.002639186066 0.0024495392767978435 0.002204182798 -0.002645676397 0.99999407097 -0.012444829521422635
3 0.999993083921 -0.002229059603 -0.002977146861 0.41928823572806323 0.002238866643 0.9999920657 0.003294846523 0.0027062955856536125 0.002969778831 -0.00330148917 0.999990140243 -0.013396508018396144
4 0.999996302264 -0.000843330249 -0.002585392288 0.4825725532055859 0.000854632054 0.999990071331 0.00437342463 0.003459647325316932 0.002581678377 -0.004375618017 0.999987094369 -0.015267112743752188
5 0.999985500389 -0.000372132449 -0.005372199609 0.5549400205729064 0.00039871039 0.999987683601 0.004947087762 0.003942551234008586 0.005370292471 -0.004949157983 0.999973332541 -0.017092929877607542
6 0.999979214381 0.000457689169 -0.006431277208 0.6188196900378922 -0.000429272052 0.999990142856 0.004419266545 0.004081337423348101 0.006433236464 -0.004416413921 0.999969553915 -0.019376688157056968
7 0.999999833481 0.000312911233 0.000484896721 0.6826547990708695 -0.000315789926 0.999982260313 0.005948053062 0.004626924961346837 -0.000483026906 -0.005948205197 0.999982192611 -0.02176573279601724
8 0.999974764111 -0.000676068933 0.007072062817 0.747168313731801 0.000617875981 0.999965962498 0.008227519317 0.0055245477595412 -0.007077384472 -0.008222942031 0.999941145195 -0.024384030924596553
9 0.999981594466 -0.003614563327 0.004872951911 0.8198312247345715 0.003575534301 0.999961651995 0.007994378904 0.006326305121888778 -0.004901661232 -0.007976808356 0.999956171162 -0.026966082658578843
10 0.999977675295 -0.001255348127 0.006563003256 0.9107766296622424 0.001211076104 0.999976516677 0.006745323542 0.006956053186631295 -0.006571316864 -0.006737224658 0.999955712819 -0.02990788068497106
11 0.999972077062 -0.002289870865 0.007113479242 1.0108411871941256 0.002225287097 0.999956356584 0.009073754762 0.008071100660164175 -0.007133946512 -0.009057671862 0.999933530485 -0.033669712087394964
12 0.999948981922 -0.002365289929 0.009820333884 1.1103881556279571 0.00230289887 0.999977125132 0.006359706703 0.008620388832798156 -0.009835151795 -0.006336767007 0.999931555244 -0.03752854885329884
13 0.999959237782 -0.001668018649 0.008873583713 1.2098592404009028 0.001600608334 0.999969850533 0.007598426012 0.009252503486431295 -0.008885990495 -0.007583913152 0.999931759389 -0.041281777106230315
14 0.9999781388 -0.002457781273 0.006138504151 1.3079175087777013 0.002415683503 0.999973579453 0.006856009677 0.009712171044165472 -0.006155192541 -0.006841031113 0.999957656053 -0.04489294807313576
15 0.999981458901 0.000866825235 0.006027476162 1.4427715590482935 -0.000904341961 0.999980219638 0.006224347172 0.010356791860382904 -0.006021961515 -0.006229682666 0.999962462812 -0.04979959723307789
16 0.999941055615 0.00282738774 0.010482899136 1.568986254733582 -0.002853699909 0.999992813412 0.002495900988 0.010258923290832889 -0.01047576692 -0.002525668917 0.999941937966 -0.05472065243499293
17 0.999872788593 0.001218144944 0.015903545349 1.7037799879637578 -0.001299058869 0.999986260787 0.00507845293 0.010668950304280195 -0.015897140555 -0.005098466535 0.999860633569 -0.05990327559682409
18 0.999919212303 -0.001943346828 0.012561539322 1.829205812425161 0.001894876498 0.999990718626 0.003869380487 0.011351139170321522 -0.012568942282 -0.003845265323 0.999913614081 -0.06544051124654328
19 0.999959481179 -0.000835795612 0.00896311586 1.9635320555507285 0.000788322267 0.999985650805 0.005298748139 0.012378098322983252 -0.008967415917 -0.005291467616 0.999945791442 -0.07078922516866665
20 0.999909339276 -0.000120747632 0.013464718672 2.0865325352863304 9.3283405e-05 0.999997914179 0.002040327217 0.012778997655019962 -0.013464936951 -0.002038886205 0.999907264908 -0.07561970981598758
21 0.999850903159 0.010760024526 0.01350530729 2.1894785366326364 -0.010809554226 0.999935095383 0.003599799949 0.013458774500272242 -0.013465696798 -0.003745249582 0.999902319287 -0.07955085764349179
22 0.999959132403 -0.001864379767 0.008846333219 2.2849067689303717 0.001827646442 0.999989682627 0.004158647484 0.013948216472164338 -0.008853995247 -0.004142309561 0.999952222879 -0.08410236978362773
23 0.999934491123 0.010996212391 0.003177542337 2.449773052826442 -0.011008838724 0.999931464942 0.003983828342 0.013283064568031935 -0.003133517542 -0.004018548417 0.999987016084 -0.08998723379939544
24 0.999979526842 0.006366896782 0.000639157344 2.5364770059302018 -0.006368349653 0.999977082764 0.002297405046 0.012883044962755613 -0.000624515356 -0.002301428389 0.9999971567 -0.09331523187359797
25 0.999993832332 0.003448366475 -0.000666382704 2.58217566807102 -0.003446669257 0.999990855962 0.002531494237 0.013551773596345745 0.000675106131 -0.002529181823 0.99999657373 -0.0942614131108622
26 0.999877438096 -0.015619745952 -0.001064106247 2.5744892682060185 0.015620991356 0.99987729765 0.001172294264 0.012850350516580818 0.00104566474 -0.001188772979 0.999998746701 -0.09366295110344333
27 0.999993501191 -0.001107642647 0.003430845863 2.518849218702969 0.001103261221 0.999998573872 0.001278698328 0.011690519581719832 -0.003432257311 -0.001274904899 0.999993297091 -0.0920414081754191
28 0.998092921782 -0.061639784571 0.003325123569 2.460590581959258 0.061635045715 0.998097611897 0.001509392425 0.011959587935048449 -0.003411836517 -0.001301569752 0.999993332622 -0.0906055495464255
29 0.873117935674 -0.48749215927 0.00405771539 2.466651473930555 0.487508922834 0.873081541437 -0.007979483672 0.019719000990989905 0.000347219317 0.00894520277 0.99995993059 -0.09089585524718094
30 0.503348983615 -0.864005287592 0.011604469276 2.469596741301918 0.86403358526 0.503130747056 -0.017476123965 0.024114066323817213 0.009260898216 0.018823240429 0.999779936478 -0.08934912213517036
