0 1.0 -1.4399560103323106e-19 0.0 0.0 1.0672615135404184e-19 1.0 0.0 1.1231227433241027e-19 -8.673617379884035e-19 0.0 1.0 8.984981946592822e-19
1 0.9999998706718728 -0.0002677672587133404 -0.00043238510741220454 0.08162749919484423 0.00026801142901642283 0.9999998046151397 0.0005647469725799928 0.00016602210724907997 0.0004322338023834936 -0.0005648627831712008 0.9999997470515146 -0.0025740848100053973
2 0.999999405433294 -0.00017897958517611935 -0.0010756848675540663 0.09918358871666741 0.00017989915816259052 0.9999996184454785 0.0008548359618467962 0.0004228371040317497 0.00107553145863929 -0.0008550289684115674 0.9999990560777083 -0.003439264068159202
3 0.9999991817398727 0.00034977893159842034 -0.001230517461214115 0.11711140796625827 -0.0003490957779323738 0.9999997848615314 0.0005553463185695613 0.0005582968559588261 0.0012307114455289486 -0.0005549162953014217 0.9999990887077708 -0.0035204527629482817
4 0.9999978843816674 0.0010667324451462978 -0.0017587820625898825 0.1309040721945543 -0.001063965297377454 0.9999981960076718 0.0015735178435778026 0.0005490091866793553 0.0017604574127470856 -0.0015716432312479654 0.9999972153593247 -0.0037494914164279206
5 0.999996716357727 0.001285893259298097 -0.00221669834259189 0.15178445273819374 -0.0012837375070040551 0.9999987020066756 0.0009736544621402228 -0.0003152841290720685 0.002217947481291306 -0.0009708056053116497 0.999997069117965 -0.004033123830892723
6 0.9999952900671502 0.0021998444368045156 -0.002140216558383391 0.160471490906646 -0.0021953827135436942 0.999995416884401 0.0020848270647114264 0.0009676981329398782 0.0021447930445100813 -0.002080118650524776 0.9999955364746315 -0.0043619406741809835
7 0.9999962036033743 0.0017377389896804396 -0.0021384672843514 0.17835663719791137 -0.0017325707874988367 0.9999955799266244 0.0024162624579050977 0.0011886164416307111 0.002142656666044465 -0.002412548238086293 0.9999947943025869 -0.004767387973502593
8 0.9999966293145065 0.001468677563224404 -0.0021411085338849173 0.1914757211449217 -0.0014642665483283683 0.9999968056033887 0.002060268665031781 0.001087047351720733 0.0021441275654072826 -0.0020571265666722177 0.9999955854632334 -0.00532658960858395
9 0.9999947551537915 0.001424784366607049 -0.002908548578401898 0.20949531420065362 -0.001417160166539705 0.9999955591946202 0.0026216878588748143 0.0009704453131515765 0.0029122710022406566 -0.0026175522285897083 0.9999923335186285 -0.005762563222575811
10 0.9999907771035754 0.0020111754408240444 -0.0037948491802231987 0.22712864353584925 -0.001999927110388322 0.9999936028075543 0.00296557497090827 0.0013024824275749706 0.0038007891956783483 -0.0029579581978486447 0.9999884021745176 -0.006301156052944976
11 0.9999895304555076 0.001642127157673746 -0.004271111897906413 0.2405892445483325 -0.0016305883600588745 0.9999950156576213 0.002703671760656072 0.0011737316725171235 0.004275530382354133 -0.0026966790291545898 0.9999872237991516 -0.006764655002259915
12 0.9999907181908136 -3.520662467201159e-05 -0.004308397899764214 0.25797235303623467 4.563552649128612e-05 0.9999970694847888 0.002420524327937136 0.0005480810678415902 0.004308300055289586 -0.0024206984765912528 0.9999877893092363 -0.007629694537645304
13 0.9999911019046767 -0.0005693499758617373 -0.0041799463609391895 0.2735442071086943 0.0005811666581501495 0.9999958370606761 0.0028263237191575403 0.0013312165323061632 0.004178319792558718 -0.002828727814518473 0.9999872698897748 -0.007684399418291052
14 0.9999914450697329 -0.0007942069559719802 -0.004059436199152684 0.292182995242397 0.0008057675139505205 0.9999956227065654 0.0028469819840121627 0.0009309335347004305 0.004057157337256856 -0.0028502285892407554 0.9999877077597061 -0.008351690077927272
15 0.9999918546356584 -0.0013242487301982156 -0.0038127454525200034 0.3057075769975092 0.0013356883530415264 0.9999946098061557 0.0029993823091529273 0.0008156000302599201 0.003808752973049537 -0.003004450516564514 0.9999882332692703 -0.008795819969028083
16 0.9999899645199095 -0.000649993352933359 -0.004432647873598165 0.3197699652096709 0.0006634452668652981 0.9999951775094202 0.003033940858419418 0.0020299391965575187 0.00443065445632795 -0.003036851229723578 0.9999855733130487 -0.008773408349832732
17 0.9999824970048625 -0.0008219651160846123 -0.0058591856557368245 0.33295942403595363 0.0008421985108698647 0.9999936883964994 0.0034516471838063794 0.0021712552850478187 0.005856311540720367 -0.0034565213658714873 0.9999768777699539 -0.008957845118832571
18 0.9999751081786296 -0.0015505174131921766 -0.006883234512850939 0.3555142545085707 0.0015748889784984843 0.9999925056860522 0.003536707078119648 0.0011522762416242727 0.006877699202428658 -0.003547459372140995 0.9999700559439755 -0.010289239881445866
19 0.9999757931467014 -0.00011473871838533605 -0.006957007632652805 0.36437902660276855 0.00014258102743796926 0.9999919830478499 0.004001688534764488 0.002214101029394191 0.006956492709717339 -0.004002583603181792 0.9999677927476268 -0.009853144057892975
20 0.9999717830740865 0.0007001889058581321 -0.007479491298240987 0.38205732990347724 -0.0006680901727161432 0.9999905609867801 0.004293203082978999 0.001985052046762036 0.007482426752379852 -0.004288084966130505 0.9999628121164705 -0.010208088786878457
21 0.9999732519783425 0.0013475900058194095 -0.007188833615541704 0.3996451188931333 -0.0013176237348996916 0.9999904309500951 0.004171555598237283 0.0019951105208324904 0.007194386371975166 -0.004161971839379484 0.9999654588001835 -0.010717561797675194
22 0.9999734440947698 0.0014163994486348173 -0.007148770271445035 0.4129251765405234 -0.001385745914445238 0.9999898331252959 0.004291078309230395 0.0019913888628002975 0.007154775472272131 -0.0042810579758215195 0.999965240261074 -0.011141543068952665
23 0.9999693577651463 0.001757546653428537 -0.0076285358812479545 0.4240681511231166 -0.0017222786900062453 0.9999878109775672 0.0046272725692355805 0.0022779643620376893 0.007636575545003867 -0.00461399231383133 0.9999601961018187 -0.011184739543503014
24 0.9999595832576917 0.002177448629430351 -0.008722990758086507 0.44165088246349776 -0.0021325019170832515 0.9999844201906033 0.0051586637499023095 0.00245124862677752 0.008734087580374871 -0.005139853458114815 0.9999486474917466 -0.011642761997876394
25 0.9999548767477383 0.0012387104052090606 -0.00941860199021643 0.46465715898483984 -0.0011996059915209236 0.9999906428291132 0.004156344348940518 0.0017392503867972942 0.009423662365070215 -0.004144858188883332 0.9999470059643877 -0.012123891994902387
26 0.999943084702973 0.002323294432713714 -0.010412956232024395 0.4737385583226851 -0.002277726792977731 0.9999877883848536 0.004385777181065748 0.0021781474835099934 0.010423018524729776 -0.004361809693010634 0.999936165612912 -0.012739785263352944
27 0.9999339073178032 0.002667575392636236 -0.011183248053084245 0.4897225084535272 -0.002617316628769289 0.9999864211812584 0.004506340773468428 0.0024106161015066546 0.011195117201708855 -0.0044767728347310815 0.9999273112859758 -0.01253802228043589
28 0.9999251005078085 0.0028155135958532213 -0.011910762231802131 0.5029673530275061 -0.0027605986441830276 0.9999854966107798 0.004624463496585246 0.002488566243977842 0.011923609725329137 -0.004591236291630918 0.999918370707738 -0.012971739536531341
29 0.9999340228849347 0.0021505527401955043 -0.011283837949838555 0.5213542202230994 -0.0021011639775996853 0.9999881696967626 0.004386978057580896 0.002523605177030235 0.011293138886382132 -0.004362979422118302 0.9999267120262993 -0.013556912168503807
30 0.9999453829526156 0.0020852647068308775 -0.010241229573820832 0.5343415711355192 -0.002037763411464913 0.9999871287514126 0.004646488172266282 0.002534433672804853 0.010250786914289519 -0.004625365191220365 0.9999367616824467 -0.01385693225182649
31 0.9999607273470194 0.002930902094115182 -0.008363825422019631 0.5515863168808804 -0.0028898430415111457 0.9999837358587402 0.004916993540387309 0.0028125395353863084 0.00837810061857092 -0.004892630293914024 0.9999529336909314 -0.01434860854447146
32 0.9999716095464422 0.003236057128106541 -0.006805000789824025 0.5651185030393446 -0.0032000739147750993 0.9999808768577169 0.005292017128122586 0.0029831434921010107 0.006821995926021918 -0.005270090378374633 0.9999628425684948 -0.014916682287547035
33 0.9999861778817223 0.002548054359315128 -0.004599072003822814 0.5829141524519418 -0.002521914534308728 0.9999806852029919 0.005680595629386215 0.0029577455544439963 0.004613457640264732 -0.005668918643656835 0.9999732893276265 -0.015383539674324322
34 0.999991834998651 0.002011521845024889 -0.003504813188543291 0.596722705301523 -0.0019898187240089587 0.9999788936050842 0.006184898098442814 0.0029718312835000315 0.003517180272606118 -0.006177873655347549 0.9999747313404632 -0.01613601130546237
35 0.9999982998999912 0.0014974530632818643 -0.0010760253684552207 0.6144407446522441 -0.0014903907404826824 0.9999775396632888 0.0065344397655737775 0.0031093027093705063 0.0010857862181975547 -0.006532824957839346 0.9999780713921608 -0.016614890337039633
36 0.99999828713212 0.0014504703653959773 0.001149725544300306 0.6328256298220652 -0.001457931170741191 0.9999777133761258 0.006515150541546657 0.0030602983297807447 -0.0011402498882227626 -0.006516815602321811 0.9999781152323242 -0.017039624134396823
37 0.9999960884382909 0.0006035880121020706 0.002731078500954651 0.659567579770489 -0.0006218589805036609 0.9999774007460147 0.006694123474714136 0.0030563922440725176 -0.0027269762883149213 -0.006695795634891649 0.999973864618356 -0.017763417052614985
38 0.9999985513471954 0.00018995997548651116 0.0016915135020308595 0.676760279550634 -0.00020212042837397875 0.9999741180339671 0.007191829306628602 0.003194479031470544 -0.0016901035629918759 -0.007192160776866406 0.9999727078136406 -0.01826969318990058
39 0.9999989754650959 0.0005877933393234498 0.0013052079366315948 0.6946580371598302 -0.0005973431985223403 0.9999729682230152 0.007328438049522621 0.003393955834472627 -0.0013008650471770392 -0.007329210197870676 0.9999722948300783 -0.01915565267504113
40 0.999998825700854 0.0011239890309595062 0.0010417511718576688 0.7082921420997514 -0.001131816543669516 0.9999709037081659 0.00754391989248011 0.0038320731581050317 -0.0010332415766821012 -0.007545090104001558 0.9999710015927289 -0.019047451323929362
41 0.9999994371936778 0.0010333165194923311 0.00024055879323467422 0.7258499869292713 -0.0010350043151496433 0.9999740807910951 0.007125062165114998 0.0038617877158413634 -0.00023319011358412765 -0.007125307134258171 0.9999745874865638 -0.019801283665185354
42 0.9999996682202468 0.0007223649523253721 0.0003764936618934414 0.7398168936043852 -0.0007250277344592334 0.9999743818289943 0.00712109687197074 0.004087289429423309 -0.00037133998610334486 -0.007121367477473511 0.9999745737924758 -0.020414098248436627
43 0.9999996011865695 0.0003209519545911893 0.000833436319635299 0.7568910116220107 -0.00032653384292867846 0.9999774614737066 0.006705961577447305 0.0037809955665792125 -0.0008312652431387161 -0.006706231047350756 0.999977167470718 -0.020881302270779823
44 0.9999980215681491 6.850415836649763e-05 0.001988005613081371 0.7753467657714409 -8.235442721966724e-05 0.9999757220945186 0.006967670997119091 0.003750818328381826 -0.00198748003344674 -0.006967820932535775 0.9999737493518753 -0.021143412738267253
45 0.9999967324390467 0.00026737335528660244 0.002542365283550171 0.789199059230343 -0.0002862495931556248 0.9999723769007137 0.007427213215463758 0.0042241455623058715 -0.0025403092161990657 -0.007427916697752855 0.9999691859656166 -0.022087597158105512
46 0.9999940519810983 -0.00010246319692117629 0.003447535722462989 0.8020620781623496 7.752218538310282e-05 0.9999738327051957 0.007233802185685412 0.004320230723184911 -0.0034481867086695282 -0.007233491898086031 0.9999678927861778 -0.02239239651877689
47 0.9999946012265803 0.00021286639770752458 0.003279055409586131 0.8196080018659992 -0.00023789813996759703 0.9999708221465871 0.007635329670507552 0.004712162192976272 -0.003277334428496619 -0.007636068529802356 0.9999654741717671 -0.022840134609285037
48 0.9999945281291034 0.000507322800622083 0.003268996037607326 0.8374458965315841 -0.0005313679389277201 0.9999727821457317 0.007358846100748936 0.00496148638697718 -0.003265173751620939 -0.007360542873083667 0.9999675799988798 -0.023396433410363755
49 0.9999952647703643 0.0007361877269017264 0.002988053678459882 0.850377859055677 -0.0007582169908953219 0.9999724945773862 0.007378021081204748 0.004282849076500152 -0.0029825398820796352 -0.007380251736801685 0.9999683176679854 -0.023810567761753564
50 0.9999946047930096 0.0013595952814411095 0.0029902985706923937 0.8680383604076105 -0.001384074125985568 0.9999654272370839 0.008199309024437797 0.005023555034721706 -0.002979047445911314 -0.008203403581386258 0.9999619139967694 -0.02419055834794493
51 0.9999950141856341 0.0016697405168944585 0.0026802184267932143 0.8813752340147485 -0.0016926226121504967 0.9999619474757352 0.008557957005460803 0.0048322545568506205 -0.0026658268701894826 -0.00856245093441579 0.999959788092003 -0.02487541025887391
52 0.9999953283639844 0.001967552090642429 0.0023392280065153885 0.8988782606822884 -0.0019882646911081486 0.9999585477754039 0.008885355031595545 0.005383599293597957 -0.002321648641470993 -0.008889964526468761 0.9999577883473221 -0.02553497253099966
53 0.9999960204036291 0.0021063348325772277 0.0018768402237750743 0.9114898763568795 -0.002123521871336678 0.9999553968426887 0.009202987489140856 0.005640389112862809 -0.0018573719376572691 -0.009206936376247178 0.9999558902726143 -0.0257437539874368
54 0.9999976256974622 0.0017795285283408965 0.0012577271318229013 0.9293816059591419 -0.0017905267577865913 0.9999596922297536 0.008798177556672459 0.005259229179377784 -0.0012420198276716483 -0.008800408660216018 0.9999605043168299 -0.02606008333032694
55 0.9999987052702936 0.0013888066524216298 0.0008128180857246677 0.9429982098256793 -0.0013957125253725897 0.9999624036743443 0.008558225550739514 0.0053157775000114505 -0.000800901805681745 -0.008559348930102637 0.9999630473679976 -0.026353752264071065
56 0.9999989896115065 0.0008730721847132627 0.0011218382263522599 0.9616294458261212 -0.0008816512157046977 0.9999701987828085 0.007669696008904362 0.005026766174751986 -0.001115108595234567 -0.007670677329150598 0.9999699581688609 -0.02726331112165312
57 0.9999980635563109 0.0009273043111493568 0.0017357966914566302 0.9747560225197837 -0.0009402970452288812 0.9999714371577413 0.007499380619347482 0.005141029714207037 -0.0017287929044194393 -0.007500998261880883 0.9999703727103315 -0.027830740396413887
58 0.9999920539566053 0.0004115605132999383 0.003965178658813907 0.9921719403335446 -0.00044081256404578795 0.9999726762715913 0.007379186501168897 0.005138970055433839 -0.003962033333303818 -0.007380875765982394 0.9999649118659616 -0.028108533221222334
59 0.9999877507945104 0.00017290042655964348 0.00494655088470507 1.0055538643731057 -0.0002065811049851893 0.9999767956441314 0.006809221438756421 0.0053420811466001585 -0.004945258785632595 -0.006810159894020808 0.9999645824413579 -0.028540892405978846
60 0.9999884811887131 -0.0012577172265672975 0.0046320230601567414 1.0241811697807581 0.001227884306000304 0.9999785232647834 0.0064378031827632435 0.005293638418218386 -0.004640020515716769 -0.0064320414377249755 0.9999685490310326 -0.02956528576157978
61 0.999990599001506 -0.001849344881625614 0.003921967697083723 1.0367707158475779 0.0018223384766402307 0.9999746832805632 0.006878363192109281 0.005399997960722699 -0.003934588871340451 -0.006871151374934431 0.9999686526527094 -0.02960941002583374
62 0.9999908183170875 -0.0012525443114765808 0.004098098753930607 1.0539809331521988 0.0012246925820903595 0.999976186038982 0.006791721554985253 0.005695614021415002 -0.0041065080940811075 -0.006786640283523094 0.9999685385568163 -0.03032104046421683
63 0.9999899001883787 0.0002992690840601593 0.004484412850862913 1.072086097442491 -0.0003286179718756324 0.9999785250536194 0.006545337444865124 0.005848202582034372 -0.004482357731192536 -0.006546744995578595 0.9999685238032864 -0.03103141347153368
64 0.9999898329065927 0.0011021263063946368 0.004372573782930166 1.0852696607107424 -0.001131275837461537 0.9999771181689769 0.006669584126552468 0.005954624071456242 -0.004365123006263492 -0.006674462903290513 0.9999681981168397 -0.031402143106260855
65 0.9999917856838259 0.0011261819566650666 0.003893620268967287 1.1027775353450437 -0.0011531128286196657 0.9999753822925797 0.006921353915939255 0.005585991738930805 -0.003885729712578352 -0.006925786844273983 0.9999684667926828 -0.032070329667933044
66 0.9999924459505956 0.0012602499457218664 0.0036769296653206625 1.116183196815322 -0.0012860334762136284 0.9999745442762175 0.007018327286545188 0.00587565601640037 -0.0036679912200613136 -0.00702300292454759 0.999968611142106 -0.03260886840551865
67 0.9999913737162758 0.0019208374644027449 0.003682781127358327 1.1334735299054024 -0.001947833964682416 0.9999711578085827 0.007340946401868198 0.006090951870306273 -0.003668574142976431 -0.0073480565221938484 0.9999662732450594 -0.03311646761597498
68 0.999990210187137 0.0027863972004653717 0.003437370962715566 1.1455612525895642 -0.002811849446753049 0.9999685025301532 0.007422092027221215 0.006036475490605124 -0.0034165817973655396 -0.007431684735066729 0.9999665479552985 -0.03308821741924883
69 0.9999893512246513 0.0039016637371199823 0.0024646412261074804 1.1632323482442857 -0.003920568942466624 0.9999625695611476 0.007712886364752428 0.006004047548079731 -0.0024344558845476334 -0.007722467026793295 0.9999672179255154 -0.033744814240656326
70 0.9999877210697243 0.004517433025865382 0.002037279747937305 1.1768435544159428 -0.004532949856811718 0.9999602552743455 0.0076772545299812305 0.006240071114662095 -0.002002517293759293 -0.007686395148296452 0.9999684541287573 -0.034259514528675136
71 0.999990859741605 0.0039913835076091555 0.0015327395425315106 1.1943031548115126 -0.0040023750732601894 0.9999658074466631 0.007236361774732688 0.005972750776848645 -0.0015038040388767764 -0.007242430231180612 0.9999726425138108 -0.034996888293317936
72 0.9999923565524185 0.003367678295489525 0.0019863479916979953 1.2078601447772226 -0.0033818686329560007 0.9999684733941079 0.007184370697841172 0.0058446872734228645 -0.0019620907190396834 -0.007191033352632093 0.9999722192328416 -0.03543360494319735
73 0.9999924746807126 0.0029956175206764754 0.0024651280110919898 1.2247795837641733 -0.0030130860131054025 0.9999701606662851 0.007113303736084753 0.006266268651466126 -0.0024437457154705714 -0.00712067784828421 0.9999716616251456 -0.0356370871836011
74 0.9999929136548225 0.0015945177674646287 0.003410300998612589 1.2430150537548597 -0.0016151193990048222 0.9999804135899297 0.0060468028496299415 0.005424096212759568 -0.00340059246796063 -0.006052268043317049 0.9999759027203764 -0.03640705268019181
75 0.9999935904345834 0.0020074751352254457 0.0029646472095318684 1.2565673214215438 -0.0020243836435090336 0.9999816405222564 0.005711434838508394 0.005917414388577183 -0.002953127216800756 -0.005717399812862607 0.999979294974553 -0.03711123495485714
76 0.9999966651171154 0.001367203096162946 0.002191006414740027 1.2743149130598919 -0.0013803195393998393 0.9999810699472644 0.005996204164694776 0.006332386764157086 -0.0021827669107353747 -0.005999208456381131 0.9999796223046764 -0.037816471079906024
77 0.9999992843333787 0.0007531011989987171 0.0009296074806540567 1.2876427372799684 -0.0007591854844793287 0.9999781810245857 0.006562096629314139 0.006073423936015991 -0.0009246452749111338 -0.006562797677537549 0.9999780371175425 -0.038308335136488014
78 0.9999988949669036 0.0013954658469778531 0.0005125809536561743 1.3051281866514979 -0.0013989078670870892 0.9999760556977506 0.006777247735766876 0.006322439948064858 -0.0005031112627289017 -0.006777957298862172 0.9999769028196344 -0.03906907577832674
79 0.9999981325040447 0.0019282500397931092 0.00012976463838518595 1.322074763099787 -0.0019290638463553738 0.9999763960710418 0.006594392613827809 0.006348349478688732 -0.0001170459373665382 -0.006594630622637031 0.9999782483362093 -0.03945955127156079
80 0.9999968598344594 0.0024971881682339307 0.00021064646982890938 1.3351926162898082 -0.002498531186321815 0.999974856647043 0.006636521265724846 0.006332844070505316 -0.00019406853088064797 -0.006637026732326643 0.999977955862853 -0.040079635349883916
81 0.9999967199458242 0.002561046147290369 -3.3762525035068054e-05 1.3485580847775411 -0.00256078749275761 0.999977487822586 0.006202113719785135 0.006321744825965593 4.964566499530802e-05 -0.006202006917538138 0.9999807661372813 -0.04044312610758784
82 0.9999959645898495 0.002691285549896594 0.0009098271605535958 1.365351139196046 -0.00269706546029938 0.9999758033934557 0.006412368089405381 0.006232776059281412 -0.0008925476325707055 -0.0064147960756203905 0.9999790266544246 -0.040577967484305616
83 0.9999940025765359 0.0026955536730703237 0.002174580628518045 1.3839232594464759 -0.0027079400084837092 0.9999800125886955 0.005713272642320915 0.006468858291813449 -0.002159136730345002 -0.0057191270105656725 0.9999813146822992 -0.04105936227184646
84 0.9999903797657291 0.0032808258090578526 0.0029114527810574897 1.3973934618089632 -0.00329544290655321 0.9999819192297578 0.005030036733145463 0.006742739731675634 -0.0028948974648001884 -0.0050395828689368885 0.9999831109435442 -0.04172424331687583
85 0.9999871874680172 0.003413877392882244 0.0037376917883179795 1.4105020673256188 -0.0034319722137907357 0.9999823711334278 0.004845512289004168 0.006570702404218885 -0.0037210839116533245 -0.004858277859710748 0.9999812751597613 -0.04171842029965221
86 0.9999840605506972 0.00338262208765269 0.004520676111439001 1.4282015569515303 -0.003403536595243857 0.9999835044085824 0.0046267536985925214 0.006680948178661991 -0.004504950980760988 -0.004642066236600854 0.9999790780999738 -0.042247268759377746
87 0.9999782341603615 0.003073968160157205 0.005837972667563767 1.44677878091331 -0.003099006286105039 0.9999860188830604 0.004284646681569011 0.006872280511117605 -0.0058247201782658485 -0.004302645336006626 0.9999737795946183 -0.04302087645062425
88 0.9999650459959739 0.0024496024835919403 0.007994137500555045 1.4644204527920641 -0.0024768170695069376 0.9999911655779024 0.0033961953865874616 0.006619745585922409 -0.007985747548868175 -0.0034158766916880514 0.9999622790993947 -0.043349208575431245
89 0.9999609673073412 0.001832712265968105 0.008643206996974143 1.478280679930146 -0.001860153822689149 0.9999932519118446 0.0031679580430035302 0.006474105091042157 -0.008637342716363803 -0.0031839120828489396 0.9999576286090018 -0.04393921707433842
90 0.9999576749368807 0.0012925281311547392 0.009109209934137167 1.4955950130385338 -0.0013210937763278887 0.9999942270452927 0.003130588891618033 0.00652373147040953 -0.0091051109734483 -0.003142490509423697 0.9999536097775796 -0.044601766315908654
91 0.999957586368688 0.0012920736987554668 0.009118991642013182 1.513662006094477 -0.0013215465013509304 0.9999939208165027 0.003226739034384619 0.006457514723367296 -0.009114767021306851 -0.0032386533472063884 0.999953214978806 -0.045442328517216496
92 0.9999572971091188 0.0017080999861516025 0.009082199771974466 1.5272839438563552 -0.001735678117432627 0.9999939047907422 0.003029488894810639 0.006576100608436049 -0.00907696974372391 -0.0030451233021605716 0.9999541668709842 -0.045850905416210744
93 0.999959920376736 0.0022825771363349312 0.008657221347252898 1.5447791735082732 -0.002310148210884981 0.9999922878131154 0.0031760870286538802 0.0066159156428901795 -0.008649904917457632 -0.0031959591965793933 0.9999574815906038 -0.0467149377493697
94 0.9999573293500084 0.0023842832678258406 0.00892494662733509 1.5609433229094178 -0.002423477831811186 0.999987456471569 0.0043833382401821195 0.0069062764396060706 -0.008914383557534631 -0.004404780609921832 0.999950564614441 -0.04688122424997695
95 0.9999573326488297 0.002596794830185932 0.008865074070088512 1.5756879109991027 -0.002636353155747452 0.9999866078958027 0.004453501000600119 0.006955768297831745 -0.008853390520564908 -0.004476682446092638 0.9999507871839005 -0.04818786221866792
96 0.9999517380004823 0.0028742931864479035 0.009394685120519962 1.5939768546418815 -0.002919846256038237 0.9999840306176482 0.004838698869597821 0.007400284431720871 -0.00938062725314374 -0.004865896380117042 0.99994416188303 -0.048486770553378966
97 0.9999471372191099 0.002737139148481146 0.009911147094328075 1.6100995383285546 -0.0027911834644525724 0.9999812904667865 0.005443161786807725 0.007558776682368661 -0.009896062969752248 -0.0054705378747320465 0.999936068532061 -0.04880959115376114
98 0.9999481232888481 0.0023828034360488374 0.00990318021420335 1.623717940596313 -0.0024348332535055256 0.9999832800237552 0.005245117742083539 0.007523160908883146 -0.009890516548721612 -0.005268958234516875 0.9999372059091294 -0.04925265629860605
99 0.9999560601137689 0.002372821258507227 0.00906904410358447 1.6408968481944357 -0.002422600526855945 0.999982039822691 0.0054818827090193315 0.007168520572518323 -0.00905587369452093 -0.005503612505644798 0.9999438491231055 -0.04995337626536344
100 0.9999559979117212 0.0026987667076253915 0.00898436961029139 1.654284614063812 -0.002752373121113747 0.9999784534377141 0.005959622643953322 0.007391878933579705 -0.008968092397079613 -0.005984088744641404 0.9999418803112504 -0.0504688740323691
101 0.9999563605504561 0.0024556988524617337 0.0090136861244828 1.6710966294281075 -0.002506120363791907 0.9999812530140866 0.005586857857627053 0.007253098606479677 -0.008999797504144348 -0.005609203431621046 0.9999437686591042 -0.050861278188500565
102 0.9999576372272178 0.0014778783521804597 0.009085132173206351 1.6883695900129323 -0.0015222157539151685 0.9999869573660376 0.004875239133374757 0.006802942797151943 -0.0090778086687268 -0.004888862135373403 0.9999468447947463 -0.051350227667145004
103 0.9999595596340617 0.0009212250506448473 0.008945973413773893 1.70223499088316 -0.0009637048693986628 0.9999882764628905 0.004745335611216529 0.007322511951046386 -0.008941497013207072 -0.004753764985907292 0.9999487243593186 -0.05195267038700532
104 0.9999649601149604 0.0002856833156415651 0.008366416662672153 1.71962357543199 -0.0003256403679923308 0.9999885470148833 0.004774913241223327 0.007113395147872085 -0.0083649567288498 -0.004777470371185287 0.9999536005606009 -0.052630280461747635
105 0.9999691462257339 0.000328835924963635 0.007848468870146383 1.7373182768889228 -0.00036128168936383807 0.9999913940002593 0.0041329650657509235 0.007445294517704903 -0.007847042259007031 -0.004135673055676703 0.9999606592932989 -0.053668264729077805
106 0.9999716508494576 9.414424493896757e-05 0.007529185435324432 1.7505594100526547 -0.00012711366237311698 0.9999904061389991 0.004378523818723657 0.0075423745633865094 -0.0075287009884534295 -0.004379356752838619 0.9999620692277148 -0.05389979531795553
107 0.9999771999760763 0.0004745815489427896 0.0067360447925247004 1.768172615719473 -0.0005064210627834563 0.9999887050222526 0.004725818937994505 0.007812641675236487 -0.0067337259221239235 -0.004729122463911517 0.9999661455944054 -0.05479082109505762
108 0.999978971604797 0.00040647148709042886 0.006472335570208883 1.7810116333587025 -0.0004360840963147579 0.999989441812329 0.004574504849613418 0.007693577088906289 -0.006470407827445317 -0.004577231137482466 0.9999685908948657 -0.0550544395879408
109 0.999982506761193 0.0010481308878047507 0.005821305021507475 1.7993944497018322 -0.0010770706772494907 0.9999870671909414 0.00497044962015883 0.008049641593985558 -0.005816020053516224 -0.004976632627262636 0.9999707030892705 -0.05582338183251169
110 0.9999835880591537 0.0016468121223592149 0.005487405690595106 1.8163133203079296 -0.001675407287014903 0.9999850215407609 0.0052105377415953445 0.00850201190501339 -0.005478742720614245 -0.005219645865333132 0.9999713689267679 -0.05626851778893449
111 0.9999852125983748 0.001982893490678625 0.0050638638073392805 1.8289029799818335 -0.0020088942608142133 0.9999847997044595 0.005134657058669447 0.00795222819577164 -0.005053605357233857 -0.005144753896134217 0.9999739959511525 -0.05689886930281708
112 0.999981593312542 0.002746487970568215 0.0054101607145613535 1.8467749948354435 -0.0027750031697319167 0.9999822618135318 0.005270238684770515 0.008101440982926162 -0.0053955901000398 -0.005285154890381521 0.9999714769652701 -0.0573514918687847
113 0.9999847760835523 0.0030428560478420333 0.004603110731364669 1.8624542341463195 -0.003066074607366551 0.9999825709930276 0.005045482751153449 0.007768728601708849 -0.004587677825408054 -0.005059519418633885 0.9999766769652466 -0.05770842736633135
114 0.999984792282264 0.003594707289373384 0.004182497330511227 1.877219326077427 -0.0036154259765464767 0.9999811797631665 0.004956693793788661 0.007873962847407967 -0.004164600750823973 -0.004971739922589273 0.999978968729309 -0.05831267486132779
115 0.9999814666627398 0.004301198578939943 0.004308830671940339 1.894989622187868 -0.004321767392177614 0.9999792570120858 0.004775758754480041 0.0078706427854881 -0.0042881998065813715 -0.004794292006673953 0.9999793128390028 -0.059032537629513826
116 0.9999792488267969 0.004561086550936437 0.004549549925165004 1.912128233195361 -0.004581416588486319 0.9999795226294246 0.004468214866685841 0.007900380589884492 -0.004529076846770189 -0.004488965528835264 0.9999796681185663 -0.05965477400880654
117 0.9999776090673843 0.00409719694703259 0.005290967905572423 1.9260899304422108 -0.0041183413586674085 0.9999835529430565 0.003991629743907898 0.007891496744418186 -0.005274526391107172 -0.004013330378535067 0.9999780360338122 -0.060196423586045364
118 0.9999759588174355 0.0033346229970279227 0.006079644401092556 1.944002790359813 -0.00335728106004616 0.9999874432508522 0.003720484306216694 0.007909394346505814 -0.00606716164806189 -0.003740805935069024 0.99997459763757 -0.06056198819379202
119 0.9999776785995819 0.0023828593125129493 0.0062421377901507626 1.9559774859780314 -0.002402337663040832 0.9999922632912849 0.003114824304130741 0.007685525637355066 -0.006234667307715919 -0.0031297504990326352 0.9999756664965909 -0.06085606037410962
120 0.9999822816022019 0.000901592572208608 0.005884183244163601 1.9737115650774624 -0.0009198592524958322 0.9999947644665577 0.0031024021197036417 0.007656178134843392 -0.005881355334710388 -0.0031077597689676845 0.999977875499311 -0.06174406386206748
121 0.9999843392374521 0.0004753177139795686 0.005576320660389435 1.992312472579981 -0.0004936077783606088 0.9999945021271439 0.003279034498498021 0.007566382097301783 -0.005574731419015617 -0.0032817356608474684 0.9999790760711827 -0.06281016899791193
122 0.9999836223372807 0.0006969700593356177 0.005680606472310893 2.0062582162307403 -0.0007139950142404262 0.9999952584212729 0.002995554398453676 0.0080774402334201 -0.005678491725782995 -0.002999561262964039 0.9999793784691194 -0.06298230769447424
123 0.9999779716484709 0.001215658455933455 0.006525212086364321 2.0229478424807787 -0.001233782272566611 0.9999953907876842 0.002774199620132084 0.007927069331589374 -0.006521809530620105 -0.002782189199612146 0.9999748623956926 -0.06347075834496493
124 0.9999785260884462 0.0016422595861232904 0.006344315875606503 2.0403419031494483 -0.0016618141757650104 0.9999938815692446 0.0030781809084187233 0.00796982267585083 -0.0063392218858121276 -0.0030886578808923854 0.9999751369195938 -0.06429253052668965
125 0.9999772229806667 0.0020703155945734414 0.006423963972590761 2.0539047808548303 -0.002091605716821015 0.9999923370758445 0.003309225692021829 0.007677156574480204 -0.00641706360481427 -0.0033225867173129024 0.9999738905145973 -0.06467215031954933
126 0.9999735963776293 0.002376287262363404 0.006867299804316324 2.0716766330939556 -0.002396890976124615 0.9999926466295558 0.002993593013406194 0.007875304879143532 -0.006860135669602335 -0.003009974139609265 0.9999719389032327 -0.06511086234781459
127 0.9999680425157246 0.0027237662550294666 0.007516318532599228 2.084502174416104 -0.0027468242081893778 0.9999915483868246 0.0030591028595218423 0.007979431196882814 -0.007507922726680121 -0.003079651104046834 0.999967072880265 -0.06533084340898758
128 0.9999678633503 0.0024070837969372796 0.007647104982874439 2.102310515010945 -0.0024299153473135823 0.9999926142026444 0.0029777594446347123 0.0077525548868268256 -0.007639880786544919 -0.002996245566384031 0.999966326799112 -0.0657892950447735
129 0.9999673462253938 0.0029299172506935087 0.00753140539554936 2.1201570931518927 -0.0029560368551207602 0.9999896474820951 0.003459302609794944 0.0077503468188419074 -0.007521191956480284 -0.003481452761901956 0.9999656549885184 -0.066722539122762
130 0.9999678063961934 0.0029659648587252044 0.007455818110368445 2.133156710695316 -0.0029895580370919244 0.9999905534326263 0.003155247514320734 0.0077898022610649416 -0.007446389325235306 -0.0031774355358836475 0.999967227056774 -0.06659961358909405
131 0.9999721972725643 0.0026175329175662067 0.006982349316222077 2.1511898537021517 -0.002635236211621471 0.9999933337635187 0.0025274410546984303 0.007743179999508046 -0.006975687109857158 -0.002545770924302546 0.9999724290395726 -0.06722580935273784
132 0.9999806165233986 0.002192963282438546 0.005827305534016193 2.1697097343841185 -0.0022105996138723663 0.9999929910140569 0.0030217829757638714 0.00841292046121638 -0.005820638031554751 -0.0030346062415280406 0.9999784554366733 -0.06826975381424984
133 0.9999866063000638 0.0018243926534984556 0.004843429763092718 2.1822799018387737 -0.0018390257282928258 0.9999937533341346 0.003018489046223312 0.008474384326090966 -0.004837892597995836 -0.003027355807917118 0.9999837148230675 -0.06851017624425378
134 0.99999221235775 0.001692245458575864 0.003565323016837535 2.199934761684999 -0.0017040661427676794 0.9999930533272698 0.0033150346720248057 0.00877901894963592 -0.0035596883975116582 -0.0033210844008937984 0.9999881494382036 -0.06916156765374841
135 0.9999951799340998 0.0014454690986534752 0.0027478585073993592 2.216899823544124 -0.0014549625799570591 0.9999929695081947 0.0034560116812096574 0.009118001389932998 -0.002742843630711022 -0.0034599930531431706 0.9999902525799877 -0.07034413492817718
136 0.9999981518815819 0.0004931869397383657 0.001858224849517409 2.2332601240519785 -0.0004993227355089956 0.9999944205829202 0.003302950084816157 0.008529505894753132 -0.0018565855095973444 -0.003303871834186155 0.999992818733941 -0.0695716540082365
137 0.9999988461810947 0.0004246181152436167 0.0014585386858527146 2.245916642632854 -0.0004295147706099862 0.9999942677714706 0.0033585623815989537 0.00957807391833793 -0.0014571042186196782 -0.003359184969794132 0.9999932963393462 -0.0698635524329416
138 0.9999997872322178 0.0005973540671731567 -0.00026211334729694426 2.2631423728787206 -0.0005964079920061223 0.9999933609526888 0.0035947666293133194 0.009025912474043834 0.0002642589555035208 -0.0035946095374830523 0.9999935044533992 -0.07157148479904814
139 0.9999989753843205 0.0009303599085381524 -0.0010879616146880593 2.2796918420388015 -0.0009261013696777638 0.9999919340769555 0.003908211430265424 0.009128606084144578 0.001091588881933423 -0.003907199862182598 0.999991771076987 -0.07190538048623918
140 0.99999827884282 0.0014218939342378648 -0.0011918589523275992 2.2922534961381293 -0.0014166497502160467 0.999989363251887 0.00438936049488913 0.009321941206205499 0.0011980874798449186 -0.004387664492748754 0.999989656439097 -0.07113742335486446
141 0.9999965535347922 0.0012990830903167193 -0.002281512899884002 2.311694750375274 -0.0012881421356597841 0.9999876961940048 0.004790422739043156 0.008830577376587908 0.0022877079857910754 -0.004787467315545645 0.9999859231750549 -0.0731239480235749
142 0.9999948893751552 0.0011845352396945678 -0.002969528534293879 2.324448140172491 -0.0011713615713944208 0.9999894832631291 0.004434103617743325 0.009256618906822417 0.0029747496558361177 -0.004430602564472561 0.9999857602111885 -0.07419259089080923
143 0.9999945656420959 0.0016743305711356374 -0.0028399478548812116 2.3409406658656633 -0.0016625389409596954 0.9999900093801641 0.004149349763853204 0.00981617478919194 0.0028468668650323678 -0.00414460568966329 0.9999873587157458 -0.07426444672246568
144 0.9999970707926633 0.0017810405431263369 -0.0016389934489769954 2.3579131077892277 -0.0017757170722614971 0.9999931624148394 0.003243755869433909 0.008819152985151749 0.0016447595026128593 -0.0032408359784701327 0.999993395852357 -0.07471330512419294
145 0.9999988439780042 0.0014646143364607012 -0.0004085902446468179 2.3697532920000284 -0.001463629200178678 0.9999960464091995 0.002401032199496315 0.008723220512658855 0.00041210521652772485 -0.002400431398336998 0.9999970340438816 -0.07528235252600568
146 0.9999978290985705 -0.0009299469581942461 0.0018646706963420428 2.3860610692148727 0.0009283152913117316 0.9999991856737394 0.0008757178062083382 0.007540306268056073 -0.0018654835494570665 -0.0008739849021194338 0.9999978780583438 -0.0749423188841227
147 0.9999966044276877 -0.0019991790393229917 0.001671650300310246 2.3981563264300125 0.0019981285262513295 0.9999978053745199 0.0006298628379508317 0.008243582323402226 -0.0016729058398735966 -0.0006265205260437804 0.9999984044270936 -0.0755269205943358
148 0.999998490517001 -0.0017174976042162733 -0.0002629926969356733 2.4069001240687093 0.001717694134469444 0.999998244342722 0.0007488912043921011 0.0075891293939082905 0.0002617060163622271 -0.0007493418141058241 0.9999996849981804 -0.07569679630762126
149 0.9999988067963992 -0.001378190061918379 -0.0006978522307252788 2.416158092252578 0.0013788485991871038 0.9999986037600137 0.0009440623560253007 0.008664627253828303 0.0006965501586998499 -0.0009450234608617105 0.9999993108738128 -0.07617942067278424
150 0.9999987194308926 -0.0008856220852522395 -0.0013329702749780405 2.423586547638201 0.0008866137976270419 0.9999993305022622 0.000743579672429186 0.008029376555240494 0.001332310852826095 -0.00074476054991497 0.9999988351390672 -0.07624406761271012
151 0.999994440693201 0.0022082710755434347 -0.002498423556898768 2.4304434129399626 -0.0022062143863100666 0.9999972254551822 0.0008256514916843661 0.008363678527722681 0.002500239887767196 -0.0008201348430573715 0.9999965380834466 -0.07690696237525904
152 0.9999838937976784 0.005580086888279866 -0.0010367131373636256 2.4361894503367125 -0.005578727859868164 0.9999835817584491 0.0013092011236644431 0.00898592610562976 0.0010440015721773317 -0.0013033964957207852 0.99999860560743 -0.07708910571202249
153 0.9999699132899714 0.006852446612703461 -0.0036354489146469167 2.4404599974704806 -0.006847209999136162 0.9999755049616875 0.001450927519645592 0.00884025271512492 0.0036453022681394 -0.0014259911826885957 0.9999923391305725 -0.07704015994745944
154 0.9999500433852422 0.008623111838908038 -0.005054965449729999 2.4460229316485607 -0.008616718587510447 0.9999620495366716 0.0012851644746382559 0.00873027228675049 0.0050658557279626495 -0.0012415430570945239 0.9999863977453727 -0.0772346892970587
155 0.9999438472267638 0.010395879131340635 -0.0020562320033247735 2.4499734373517192 -0.010392544866090444 0.9999446746326031 0.0016256335994905137 0.008663013290720044 0.002073018132010572 -0.0016041728319011231 0.9999965646061519 -0.07774275836016815
156 0.9999252253464367 0.011510431453563933 -0.0041296104515151835 2.453498592614363 -0.011505150578957775 0.9999329681589413 0.0013002686240766144 0.008215697395180308 0.004144300288265716 -0.0012526596065480047 0.9999906277648389 -0.07748061315185154
157 0.9999111087793859 0.0123729818822077 -0.0049682851669311575 2.4555890666143996 -0.012365696802056469 0.9999224251931431 0.0014943687570931202 0.008987255295608652 0.004986389550934704 -0.0014327996123997045 0.9999865414116582 -0.07822632104079975
158 0.9999276401725588 0.010526319999606355 -0.005823315652563542 2.46076300877685 -0.010517529496475702 0.9999435063054114 0.001538106361766785 0.007802387434909558 0.005839177271924912 -0.0014767481697724768 0.9999818614469133 -0.07832448226450284
159 0.9999155388132289 0.01130522271722528 -0.006411487959475296 2.4642978985190536 -0.011292409530597385 0.9999341757585516 0.0020311663191569878 0.008320879640495658 0.0064340287158282895 -0.00195859361659986 0.9999773833363867 -0.07872454451818432
160 0.9998999858404163 0.01306209219254426 -0.005422182448757672 2.4675491426639784 -0.013053456236877573 0.999913479494508 0.001625055404938092 0.007966003485550275 0.005442939941847665 -0.0015541146552636438 0.9999839794375255 -0.07873343299777757
161 0.9998477586758859 0.01652984972544383 -0.005587802584451698 2.4722243624218674 -0.016520587631874233 0.9998620811385014 0.0016996721393683907 0.007929120711302706 0.005615127246267204 -0.001607099596053502 0.9999829436426452 -0.07858325045300568
162 0.9998411929339126 0.016853333187693262 -0.005792587631007618 2.4750679139147045 -0.016840858065704373 0.9998557717777521 0.0021957099729515784 0.008010540219042793 0.005828757208092567 -0.0020978091328133176 0.9999808122089686 -0.07847701748509193
163 0.999887304081032 0.013882513689224192 -0.005714451022800562 2.4796253393927477 -0.013874717047211466 0.999902758913596 0.001401764557136464 0.0067605654566374376 0.0057333553591611625 -0.0013223201928260543 0.9999826899025527 -0.07746513262266409
164 0.9998776276941916 0.014223162315421815 -0.006513930385764537 2.482901421406758 -0.014210918969103831 0.9998971725433485 0.0019220097806896706 0.007859593009854242 0.006540597632426121 -0.0018292056413805797 0.9999769370277781 -0.0786273816055989
165 0.9998945541830956 0.012883740904911714 -0.00669998019458151 2.485687470987798 -0.012873949559669333 0.9999159984574948 0.0015024813554486913 0.006868935896703565 0.006718774966895761 -0.0014160677167557333 0.9999764261288465 -0.07852095204738337
166 0.9998861316667299 0.013157316577726553 -0.0073897713793321905 2.4888490052018972 -0.013145026573919503 0.9999121395498025 0.0017092271781537108 0.007619644112371878 0.007411610953089716 -0.0016118938098328918 0.9999712344965764 -0.07784043068620888
167 0.9998663610932371 0.014511649838382242 -0.007528078893057407 2.490848054232363 -0.014497593084816558 0.9998930639198922 0.0019184678552507124 0.008568366649197065 0.00755511400346661 -0.0018090724482886515 0.9999698232987889 -0.07805462631495533
168 0.9999258143995299 0.01145565265402172 -0.004139289742416679 2.4937659637658456 -0.011444760231779075 0.9999310066306719 0.0026456458832824366 0.008797148339572965 0.004169311759789314 -0.0025980764356779125 0.9999879333455445 -0.07850924653509626
169 0.9999799035461918 0.002402125737209536 -0.005867051617687841 2.4943312233037633 -0.0023883036571475504 0.9999943590477529 0.0023617529784664545 0.008337336356665788 0.0058726917489764375 -0.002347693214545455 0.9999799997134257 -0.07932618480218677
170 0.9999669856673665 0.0025777715700276375 -0.00770601508673915 2.4939485224342675 -0.002566757856206474 0.9999956708170524 0.0014387843123130515 0.008152827765416891 0.007709690583295273 -0.0014189573366585645 0.999969273143084 -0.07712459854893201
171 0.9999600188791975 0.0034019540083433815 -0.008269664501517233 2.4944631401182265 -0.0033890267112656482 0.9999930141852574 0.0015767300740046957 0.008098801058003776 0.008274970694661137 -0.0015486409195922032 0.9999645626568804 -0.07725902545932432
172 0.9999698181731895 0.0030493485102689394 -0.0071459229675017956 2.494278620002523 -0.0030353278773962537 0.9999934488384372 0.001972070984406681 0.008523313004404716 0.00715188968559491 -0.001950321243721495 0.9999725229827368 -0.07812717357017179
173 0.9999734173108316 0.003777460147536125 -0.006236623001072551 2.4940708336892503 -0.0037650409342100052 0.9999909084355749 0.0020018774870996514 0.00853266849725474 0.00624412831335288 -0.001978343130063486 0.9999785482791815 -0.07840463968275409
174 0.9999704866367382 0.0034331796338639767 -0.0068730729920506725 2.4944489255921507 -0.003417123580702302 0.9999914086530748 0.0023464625172063083 0.008624220577780176 0.006881069770137303 -0.002322907125659556 0.9999736271428855 -0.07811936084815035
175 0.9999725973789815 0.0034044360084495157 -0.00657375895646507 2.4940244924587747 -0.0033913239060910753 0.9999922399590901 0.0020047304789457326 0.008907846548502582 0.006580532920219431 -0.0019823817976612717 0.9999763830950443 -0.07803705581823864
176 0.9999742323188081 0.0033445512700076806 -0.006352060641865355 2.4952226156772954 -0.003329254377301288 0.9999915365029617 0.0024172271358086825 0.00813196670560796 0.006360091420966704 -0.0023960172232380906 0.999976903901958 -0.0784060555575796
177 0.9999744222530098 0.003189947332905914 -0.006401490092558087 2.494649655323088 -0.003177832409026089 0.9999931422526696 0.0019017962690725788 0.0080596954698116 0.006407512822790609 -0.00188140476178959 0.9999777017991406 -0.07814280276263356
178 0.9999757260287897 0.003169665410781845 -0.00620488302337174 2.4939694012805194 -0.003157836234914537 0.9999931798253249 0.0019152997642895107 0.008544927681579943 0.00621091156490719 -0.0018956592675146008 0.9999789153041643 -0.07798836010698466
179 0.9999752911883067 0.003289573785918154 -0.006212545084186155 2.495096410921984 -0.0032773008277483815 0.9999926601845576 0.0019846601815704493 0.008403292335279445 0.006219028171208449 -0.0019642507630800595 0.9999787324768908 -0.07818875287295955
180 0.9999768424258015 0.003115679414657384 -0.006050384554686619 2.494755214946179 -0.00310626921129517 0.9999939523514219 0.0015640815871814664 0.008087000500246947 0.006055221140907896 -0.0015452512427596861 0.999980473056278 -0.07778362979247293
181 0.9999770011693094 0.0029473582908384525 -0.006108208551397509 2.49505071242802 -0.002938039547781936 0.9999945073353746 0.0015340218567183863 0.007783621404735086 0.006112696314057327 -0.00151604041689779 0.9999801680850319 -0.07749604486637732
182 0.9999745639340979 0.003245820086226497 -0.006351073553266813 2.49465862979584 -0.003236121830487427 0.9999935830026335 0.0015367073500034277 0.008458775653515594 0.006356020673478677 -0.0015161154131165862 0.9999786509692711 -0.0783058678552013
183 0.9999771999766321 0.0026516691415208746 -0.006210328334043835 2.494493693293042 -0.002643486196452003 0.9999956275409307 0.001325472969275736 0.007997687006575783 0.00621381589557014 -0.0013090258307360326 0.9999798372680533 -0.07740685099197979
184 0.9999731480472438 0.002844026816492793 -0.006753865261585055 2.4946625909216213 -0.0028320943878778837 0.9999944131162047 0.0017756627468736332 0.008449276104132002 0.006758877561116672 -0.0017564874828834027 0.9999756158646935 -0.07870604797256886
185 0.9999741077095465 0.0029668100179238064 -0.006556061946120525 2.4940749326183 -0.0029568291465695484 0.9999944557321303 0.0015315569001117671 0.008506274454414183 0.006560569435504275 -0.001512132089421375 0.9999773359348608 -0.07835575685433052
186 0.9999739042588429 0.0030129666648827463 -0.006566036326976742 2.4945383704625304 -0.0030007871918786596 0.999993760401876 0.0018639831547676232 0.00835235529333248 0.006571611477195273 -0.0018442312344199713 0.9999767060950167 -0.07832885546065757
187 0.9999737371973598 0.0029649226829590943 -0.006613179928847418 2.494500348085314 -0.002954059177746348 0.9999942724150955 0.0016518687343202803 0.008350748264800065 0.00661803971455331 -0.0016322896255057018 0.9999767683199189 -0.07832430972926209
188 0.9999746449603514 0.0028894042743139773 -0.006508515812130557 2.494309013953512 -0.0028773134483901642 0.9999941189942991 0.0018662915844808968 0.008272059303545638 0.006513870006708335 -0.001847517223595501 0.9999770778256073 -0.07809966063840856
189 0.9999767973654864 0.002838911786337113 -0.006192359003521342 2.4946849780642846 -0.0028266568775558477 0.9999940311167899 0.001986892131144576 0.008218329984455371 0.006197962653158676 -0.0019693423551482353 0.999978853250528 -0.07733354455482495
190 0.9999751278278456 0.002873955015282199 -0.006440815778057911 2.4946554321298042 -0.002863494365232588 0.9999945672450056 0.0016327525872578226 0.008260310894161677 0.006445473244147874 -0.0016142687367244543 0.9999779247610078 -0.07811118117968893
191 0.9999773133660972 0.002809555021579609 -0.006122021923178559 2.4943903417260875 -0.0027994904169390176 0.9999947169434074 0.0016519498110215813 0.008239945615375947 0.006126630823993197 -0.0016347737915798446 0.9999798957523564 -0.07724348517909234
192 0.9999746781289441 0.0027110150512675677 -0.006579779465800673 2.4943454157236764 -0.002697524056455789 0.9999942431985938 0.002058381141515308 0.008226662834420738 0.006585321889878741 -0.002040579904553888 0.9999762345017186 -0.07825216535747319
193 0.9999927258172161 0.0008869246800778617 -0.0037096734140528434 2.494499966207705 -0.0008790288803041272 0.9999973462129508 0.00212952435335331 0.008554229429344107 0.0037115522963945945 -0.0021262479512006607 0.9999908516825998 -0.07716624599826814
194 0.9999832336460804 -0.0035489661275963096 -0.004575725735649576 2.4917905724638563 0.0035596490576545203 0.999990953056049 0.002328669889132947 0.008324732503245417 0.004567419969355892 -0.0023449188225864244 0.999986819927835 -0.07721016147950058
195 0.9999407147491226 -0.010073543259159516 -0.004134091589760499 2.488450206577231 0.010080812053849926 0.9999476713540566 0.0017412012649193186 0.008341976065511052 0.004116335191854393 -0.0017827730362710943 0.9999899387017184 -0.07623716452635582
196 0.9998929539112043 -0.013537852375675612 -0.005550429867455587 2.4841031311572004 0.013549310022960176 0.9999061393855124 0.0020318999057982543 0.008443785805236515 0.0055224013394942805 -0.0021068868935313176 0.999982531902282 -0.07819214745645045
197 0.999895210050306 -0.013034341859580963 -0.006298797521765774 2.4784920476874412 0.013048763368188462 0.9999123209714615 0.0022539171695183753 0.0087463557084628 0.00626886692178948 -0.002335872499220894 0.9999776222524651 -0.08058693572659677
198 0.999947590946954 -0.00837501882679143 -0.005888498856261717 2.4736095601351504 0.00838609941716183 0.9999631069909326 0.0018595678591384448 0.008021940363030418 0.005872707695972575 -0.001908851937250882 0.9999809336119939 -0.07846953107089676
199 0.9999754545844648 -0.005221105603612142 -0.0046722889200614855 2.468619283469948 0.005228715248779455 0.9999850212816552 0.0016179456021059636 0.0080133499008312 0.004663771470093561 -0.0016423359562976205 0.9999877759087534 -0.07734073957162595
200 0.9999694167751589 -0.0062835127506865795 -0.004656498863823128 2.4627432584928988 0.006290356672962744 0.9999791546878432 0.001456571754810525 0.007597059043250214 0.00464724941056271 -0.0014858182468401948 0.9999880976373146 -0.07721773021294832
201 0.999968013788554 -0.006816205354412891 -0.0041845840480499675 2.4573384000649754 0.006823755945632011 0.9999751108652672 0.001792764547969897 0.008305814257032956 0.004172260045919181 -0.0018212617838285162 0.9999896375721167 -0.07790519059265538
202 0.99997332343481 -0.005918735970190522 -0.004280301820508106 2.4508588595027456 0.005924905378045611 0.9999814249715759 0.0014301077781622281 0.007550677965047161 0.004271757882885238 -0.0014554300107898531 0.9999898168515962 -0.07675271430223245
203 0.9999744493630862 -0.0056453533037418985 -0.004385271510442605 2.443943745054389 0.005653271834777029 0.9999824083400526 0.0017954186205726588 0.007991293606882891 0.004375058594153545 -0.0018201638786011546 0.9999887728693417 -0.07826645512541036
204 0.9999826614882757 -0.0044312251078556875 -0.0038782684203660534 2.4375645134085833 0.004437872660301851 0.9999886954367814 0.0017071277776522374 0.007796293167645743 0.003870659910761686 -0.0017243094394195023 0.999991022334033 -0.07770771069189313
205 0.9999862165070327 -0.0030306961939077846 -0.004287385586433331 2.4328942189954277 0.0030374089266096476 0.999994170178554 0.001560049902783106 0.008111128580029547 0.004282632554972821 -0.0015730509419591022 0.9999895922302157 -0.07677841382030737
206 0.9999947868650797 -0.0019213179039431715 -0.0025951454794583785 2.426928063844151 0.001924559695327756 0.9999973702073308 0.001247256212093888 0.007965870752455303 0.0025927422795340464 -0.0012522442212819498 0.9999958547772543 -0.07566627971357966
207 0.9999963617406409 0.0002247594853570934 -0.002688119761289285 2.4207665705146044 -0.00022087270221273568 0.9999989299733149 0.0014461211039321084 0.00791993053650063 0.0026884419140870697 -0.0014455221094370999 0.9999953413614691 -0.07456808740750084
208 0.9999899951336096 0.0008091275027561304 -0.004399425544833378 2.4147306987957347 -0.00079883158766812 0.9999969395246795 0.002341539946282494 0.007610556660905819 0.004401306685528859 -0.0023380021189305794 0.9999875810453226 -0.07652592944778111
209 0.9999831882587784 0.001305414366651024 -0.0056496985379460235 2.4099566663916785 -0.0012902096387701592 0.9999955387046933 0.0026940543153125057 0.0079496586979495 0.0056531901911412025 -0.0026867197276732014 0.9999804112968248 -0.07674107680012848
210 0.9999764407439933 0.002342696937237707 -0.006452110300932831 2.40421229492767 -0.0023241293414958536 0.9999931411764098 0.002883751414448429 0.00838621381530086 0.006458821802380081 -0.002868687935092126 0.9999750268126096 -0.07604162750979555
211 0.9999826112296202 0.0021899427287260698 -0.005475526268702871 2.4010283330704008 -0.0021763467421141622 0.9999945372349127 0.0024877731954327845 0.007970315006459495 0.005480944438397419 -0.0024758132918211687 0.9999819146338349 -0.07469764106047205
212 0.9999954067046244 0.00015657414828023237 -0.0030268883626234427 2.3969302980104876 -0.0001499198761864204 0.9999975720820165 0.0021984890133345853 0.006839554671851964 0.0030272252400221503 -0.002198025123947378 0.9999930022710039 -0.07612215597220752
213 0.9999985533320879 -0.0004944694228712222 -0.0016275234703201332 2.3941725012228448 0.0004967817517907889 0.9999988674545852 0.0014206678977774245 0.006580110991060757 0.0016268191506889473 -0.0014214743649099246 0.9999976664315107 -0.07466015212474487
214 0.9999944034671887 0.0002887621477610142 -0.003333114322124721 2.389719893921378 -0.00028139392817239886 0.9999975164359752 0.0022108684871632307 0.007954666026320582 0.0033337444591835536 -0.0022099181950689965 0.9999920011719263 -0.07584081304642384
215 0.9999946095207148 0.0003061942435810046 -0.003269124399279774 2.3862953610392736 -0.00029735738401697896 0.999996301943624 0.002703271465042973 0.007591643815615081 0.0032699400358190446 -0.0027022847939422597 0.9999910025339117 -0.07520249094115916
216 0.9999963596237067 0.00013474676626877729 -0.002694917877844809 2.3847654937251637 -0.00012821562476932974 0.9999970550294887 0.0024235287700382514 0.006955983845282917 0.002695236504583607 -0.002423174416142164 0.9999934319409962 -0.07589146601024073
217 0.999998249192509 0.000662913368057523 -0.0017499018505891502 2.38170510729706 -0.0006595516974680929 0.9999979374863472 0.0019209410393611144 0.007021312477627008 0.0017511716594846719 -0.0019197835246397492 0.9999966239085415 -0.07533178444187845
218 0.9999948389499977 0.0017507400719517173 -0.0026938786630853187 2.3775730753046025 -0.001743406388949629 0.999994774807848 0.0027222952738494796 0.00770097282880404 0.002698630618465099 -0.0027175846976121316 0.999992666035564 -0.07571615240826897
219 0.9999949355534206 0.001732695845062247 -0.0026695751539692397 2.375682608611347 -0.0017249049258284655 0.9999942551046219 0.002917954961104293 0.007665234160149262 0.002674615745799324 -0.002913335419015969 0.9999921794230334 -0.0755515631555562
220 0.999996584809925 0.0017835491904601042 -0.0019103194063659241 2.3730800732944197 -0.0017791290666922211 0.9999957423113474 0.0023130195545142057 0.007435837555245059 0.001914436656857429 -0.0023096129495932733 0.9999955002997656 -0.07545959628972157
221 0.9999586178249771 0.003629652266836361 -0.008341957841258756 2.370639395220674 -0.0036035453234608233 0.9999885695219088 0.0031424969622938373 0.007119567244372273 0.008353268660505262 -0.0031123062956034467 0.9999602674358692 -0.0750835543142812
222 0.999933398153647 0.0037432007420590352 -0.010917312126913856 2.3696692348573842 -0.0036955986446053773 0.9999835913803777 0.0043771589053637015 0.007560477898636764 0.01093351757426275 -0.004336521373782282 0.9999308239944299 -0.07524519088583798
223 0.9999895557486611 0.001695000143418576 -0.004244451391758713 2.37032352280648 -0.0016805448881445063 0.9999927842495061 0.0034069365296592706 0.006831761175743673 0.004250195523510495 -0.003399767955118039 0.9999851885979086 -0.0749789156906018
224 0.9999989660592455 0.0014026340964998748 -0.00031701477490556334 2.3700530801302024 -0.001402044815996087 0.9999973031353564 0.001851483862815455 0.007938467970660555 0.0003196108751696205 -0.0018510374786427442 0.9999982357521261 -0.07489083800784577
225 0.9999987091530602 0.0012534743792258732 -0.0010052334194566928 2.37026077042102 -0.0012512161129049574 0.9999966994527666 0.00224400105008366 0.007351475405942483 0.00100804289938291 -0.0022427403885495103 0.9999969769773894 -0.07570797055224827
226 0.9999958063322092 0.0003237181305730553 -0.002877937510655718 2.370537757837402 -0.0003152045154536345 0.9999955748508015 0.0029581962753300836 0.007057313417313059 0.0028788823964680244 -0.0029572767298762085 0.9999914832387325 -0.07460553838135016
227 0.9999963587791411 0.00041899671608190865 -0.002665871383678184 2.3700846783508536 -0.0004115144940730808 0.9999959768186013 0.0028065998836054123 0.0072338721429513544 0.002667036613875285 -0.0028054926186629656 0.9999925080347706 -0.07511212029756283
228 0.999997466029842 0.00023454310787711282 -0.002238955547824247 2.370735156702188 -0.000228903493919901 0.9999968016615308 0.00251878328195721 0.006923410738000302 0.0022395391509544465 -0.0025182643937488192 0.9999943213879303 -0.07541920357121991
229 0.999997221008041 0.0002769124461207917 -0.002341216698964076 2.3711372623886207 -0.00027040508816543154 0.9999961010755206 0.002779336970536139 0.007033934625173301 0.002341977204431739 -0.002778696169001987 0.9999933969733976 -0.07580027933274776
230 0.9999965558257317 0.00037596897627483616 -0.0025974955392836403 2.370510956903693 -0.0003687141475858685 0.9999960318062626 0.0027929232957703246 0.00727881277828431 0.002598535285032749 -0.002791955942840515 0.9999927262708028 -0.07555608785648016
231 0.9999923261910965 -0.0005011609486441089 -0.0038854080128016156 2.3702918732065386 0.0005127762452881988 0.9999954013195953 0.0029890466961890257 0.007338258488026942 0.003883892151969351 -0.0029910161032158616 0.9999879845290373 -0.07554918050294997
232 0.9999045535893785 -0.012557514252321465 -0.005761297313591833 2.371405000896627 0.012574345466034833 0.9999167502001626 0.0028945647723903297 0.00791132929997252 0.005724469148071543 -0.002966733038699927 0.9999792142575691 -0.07529295287513028
233 0.999092464949583 -0.042573987239238074 -0.001304641840041098 2.371023007607689 0.042575984299416 0.9990920398229609 0.0015432185075241471 0.0073897835564999586 0.001237756311764134 -0.0015973643921239483 0.9999979581908875 -0.07536643885431714
234 0.9963785090702671 -0.08500303113829735 -0.002085991107105949 2.372024044167244 0.08500251494892834 0.9963806803639373 -0.00033503770099717984 0.007107978503723158 0.0021069204588740073 0.0001565098753694657 0.9999977681920373 -0.07541910018477804
235 0.9925266338969285 -0.1220268360214152 -0.0005764507421775669 2.371713142276694 0.12202618296636891 0.9925263181366243 -0.001057580903296316 0.008227289452053648 0.0007011957837268169 0.0009793351308396434 0.9999992746127111 -0.07481902289699421
236 0.9854994128934883 -0.1696692763515938 -0.00180106871197281 2.371496260538308 0.16966530020988502 0.9854993539370462 -0.0021700908493954797 0.00856814315275111 0.0021431497964736583 0.001833044394958514 0.9999960234198391 -0.07460650187336919
237 0.9789690891573682 -0.20399475675458043 -0.002379430869766764 2.371311814097835 0.20398762714740018 0.9789690753404008 -0.002932148931526987 0.008674818511730737 0.0029275322468546253 0.0023851087126907054 0.9999928703800739 -0.07513247267885484
238 0.9683309401863957 -0.2496603675688626 -0.0022115926091730576 2.370619128881343 0.24964998723035792 0.9683273117549366 -0.004135357841536106 0.00880462257168822 0.003173980484577229 0.003452270880826363 0.999989003776345 -0.07484516062119884
239 0.9588633173169183 -0.2838560475043925 -0.0026235469188277483 2.371325853370561 0.2838397275470425 0.9588571214416245 -0.005294310723704768 0.009379295329444872 0.004018428763431089 0.00433185350077025 0.9999825434853621 -0.07405207797892298
240 0.944452366447125 -0.3286416174282506 -0.0021011439100517264 2.371089286085784 0.3286245949825709 0.9444416874569086 -0.005981184318527167 0.010319104355270206 0.003950073988800632 0.004958456118014933 0.9999799051119829 -0.0747084080185894
241 0.9280184642517246 -0.372526370318607 -0.002415248388594783 2.3743900179481305 0.3725028673123639 0.9280049942185404 -0.006953024471516517 0.011884869806769737 0.004831547536705759 0.005552848143091641 0.9999729106456047 -0.07580177241042609
242 0.9101097710239324 -0.4143668221124251 -0.0005843102753506184 2.3733739238003744 0.41435020237968806 0.9100842431487292 -0.007783325763344927 0.012889724866377709 0.0037569235371566635 0.006841571748079837 0.9999695387460509 -0.07533763401991786
243 0.8951588754629187 -0.4457438779564231 -0.0017271198961908698 2.3728380729117178 0.4457145828936118 0.8951334957689003 -0.00863338559501336 0.013436280284874813 0.0053942816453236625 0.0069584492170509694 0.9999612401037449 -0.0756015278208267
244 0.8728017988648916 -0.4880734197280585 -0.0011648402149679552 2.3738654743600716 0.4880396070188338 0.8727650256398548 -0.009927336024700667 0.014438336876957223 0.005861900643375247 0.008096108580115969 0.9999500443251695 -0.07529548124945765
245 0.8482156102556454 -0.5296510790925363 -0.00011372570977943343 2.37351787761897 0.5296221878977875 0.8481715461716314 -0.010264811347429443 0.014102765409159243 0.005533227318203658 0.008646541562906718 0.999947308968098 -0.07528247088583626
246 0.8291103879378016 -0.5590847055703341 0.0005065665043518588 2.3737501896105377 0.5590534058091557 0.8290536680086027 -0.011371236238137765 0.014494699115831932 0.005937513446540869 0.009711207818965208 0.9999352170899026 -0.07532412614029918
247 0.8026311132503658 -0.5964756738101348 0.0002580592287872623 2.3742856199149642 0.596431495509448 0.8025662468598542 -0.012525596407465365 0.015025112752439649 0.00726410393148987 0.010207348040823655 0.9999215183400835 -0.0751416284778111
248 0.7727734622834982 -0.6346816332776868 0.0006327474131182361 2.373342194192712 0.6346197731670984 0.7726834204999111 -0.014767369098612503 0.014018396541902787 0.008883664503750263 0.01181338496706727 0.9998907562529853 -0.07544347345558769
249 0.7491622173622494 -0.6623854002939128 0.0012464162884723616 2.3731561644520176 0.6623199263736331 0.7490588210662311 -0.015594797555140271 0.01375262423961016 0.009396127105791102 0.012508559460030003 0.9998776168784866 -0.07552245239805395
250 0.7174094478722626 -0.6966489748757458 0.0019722848486830938 2.3744642540537604 0.6965869494934337 0.7173012059507566 -0.01567168581874011 0.015351446011614159 0.009502941559974049 0.012616883356572331 0.9998752463958493 -0.0751542298474931
251 0.692607549286491 -0.721309975887767 0.002588697672106448 2.374372134782157 0.7212496321566206 0.6924925120401928 -0.015908767447528928 0.015130890745855077 0.009682498910990338 0.01288562967842415 0.9998700964438426 -0.07515048587313351
252 0.6578566235054655 -0.7531354150619246 0.003421913169040665 2.3744887372160566 0.7530682751046707 0.6577203159238151 -0.01709266076437809 0.0151925971636535 0.010622426349577212 0.013821454345333752 0.9998480541849583 -0.07508602976683108
253 0.6195281646133494 -0.7849667253658368 0.0034775449491075265 2.37214739990259 0.7848823977216511 0.6193816164601373 -0.018056437549700256 0.012497442523003813 0.012019775243972266 0.013915935432795255 0.999830921578041 -0.07583086883494147
254 0.5901418657596006 -0.8072915607537695 0.0035936351601332994 2.3720461330179785 0.8072148761618234 0.5900096416703482 -0.01711041901927538 0.01250719824580962 0.011692817482184752 0.01299841036449029 0.9998471479908965 -0.07583860160630186
255 0.5514633770274172 -0.83418458987381 0.004920753446573281 2.3733477574088933 0.8341130294497784 0.551312147320778 -0.01761733007723666 0.014162436739953165 0.011983234116273014 0.013819776903247299 0.9998326939369652 -0.07556972913520081
256 0.5115570580073695 -0.8592252684421577 0.006427633451253681 2.3726989790530295 0.8591387849642692 0.5113569669278148 -0.01986455498916328 0.0131588582785404 0.01378131244801943 0.015684082502527626 0.9997820187334516 -0.07572106922618001
257 0.4808247930829144 -0.8767763645018939 0.008409816038348216 2.3761177187012086 0.8766716940361606 0.48054874002885123 -0.02279581829382122 0.017242966378999972 0.015945508188416044 0.018333442287669224 0.9997047692498058 -0.07487012543396854
258 0.43692620362488604 -0.8994487239352298 0.009353373531116004 2.372201898941851 0.8993156907420601 0.4366053669017176 -0.024638221875857784 0.012625854508045332 0.018077084144279228 0.0191767203263109 0.9996526758955756 -0.07588788094387028
259 0.40445590846281404 -0.9144972200282367 0.010500127108829199 2.372388159771944 0.9143705789699734 0.40411448017500823 -0.02485822250163061 0.012892718140377976 0.018489521964272514 0.019655062268413223 0.999635841745884 -0.07581244679447328
260 0.3609800895519407 -0.9324319751845475 0.016247664410076527 2.3722534680526643 0.9323308391506065 0.36043393458026773 -0.029096136716372803 0.012777955930138493 0.021273958618262496 0.025651324632187864 0.9994445598570958 -0.07585185279268007
261 0.3149931558977819 -0.9489690948766452 0.01539378790893114 2.3726500664088586 0.9488660067546564 0.31452063252402246 -0.027019861984488105 0.013003191754749975 0.020799350062203244 0.023117713659737756 0.9995163622228843 -0.07576651460149762
262 0.28007831532365546 -0.959806351224989 0.018108159274552293 2.370930674137347 0.9597282288233291 0.27952632902871893 -0.02804920993453447 0.011199970811871001 0.021860102555553963 0.025234887092398222 0.999442512798243 -0.07605767184888963
263 0.28007831532365546 -0.959806351224989 0.018108159274552293 2.370930674137347 0.9597282288233291 0.27952632902871893 -0.02804920993453447 0.011199970811871001 0.021860102555553963 0.025234887092398222 0.999442512798243 -0.07605767184888963
264 0.28007831532365546 -0.959806351224989 0.018108159274552293 2.370930674137347 0.9597282288233291 0.27952632902871893 -0.02804920993453447 0.011199970811871001 0.021860102555553963 0.025234887092398222 0.999442512798243 -0.07605767184888963
265 0.28007831532365546 -0.959806351224989 0.018108159274552293 2.370930674137347 0.9597282288233291 0.27952632902871893 -0.02804920993453447 0.011199970811871001 0.021860102555553963 0.025234887092398222 0.999442512798243 -0.07605767184888963
266 0.28007831532365546 -0.959806351224989 0.018108159274552293 2.370930674137347 0.9597282288233291 0.27952632902871893 -0.02804920993453447 0.011199970811871001 0.021860102555553963 0.025234887092398222 0.999442512798243 -0.07605767184888963
267 0.28007831532365546 -0.959806351224989 0.018108159274552293 2.370930674137347 0.9597282288233291 0.27952632902871893 -0.02804920993453447 0.011199970811871001 0.021860102555553963 0.025234887092398222 0.999442512798243 -0.07605767184888963
268 0.28007831532365546 -0.959806351224989 0.018108159274552293 2.370930674137347 0.9597282288233291 0.27952632902871893 -0.02804920993453447 0.011199970811871001 0.021860102555553963 0.025234887092398222 0.999442512798243 -0.07605767184888963
269 0.28007831532365546 -0.959806351224989 0.018108159274552293 2.370930674137347 0.9597282288233291 0.27952632902871893 -0.02804920993453447 0.011199970811871001 0.021860102555553963 0.025234887092398222 0.999442512798243 -0.07605767184888963
270 0.28007831532365546 -0.959806351224989 0.018108159274552293 2.370930674137347 0.9597282288233291 0.27952632902871893 -0.02804920993453447 0.011199970811871001 0.021860102555553963 0.025234887092398222 0.999442512798243 -0.07605767184888963
271 0.28007831532365546 -0.959806351224989 0.018108159274552293 2.370930674137347 0.9597282288233291 0.27952632902871893 -0.02804920993453447 0.011199970811871001 0.021860102555553963 0.025234887092398222 0.999442512798243 -0.07605767184888963
272 0.28007831532365546 -0.959806351224989 0.018108159274552293 2.370930674137347 0.9597282288233291 0.27952632902871893 -0.02804920993453447 0.011199970811871001 0.021860102555553963 0.025234887092398222 0.999442512798243 -0.07605767184888963
273 0.28007831532365546 -0.959806351224989 0.018108159274552293 2.370930674137347 0.9597282288233291 0.27952632902871893 -0.02804920993453447 0.011199970811871001 0.021860102555553963 0.025234887092398222 0.999442512798243 -0.07605767184888963
274 0.28007831532365546 -0.959806351224989 0.018108159274552293 2.370930674137347 0.9597282288233291 0.27952632902871893 -0.02804920993453447 0.011199970811871001 0.021860102555553963 0.025234887092398222 0.999442512798243 -0.07605767184888963
275 0.28007831532365546 -0.959806351224989 0.018108159274552293 2.370930674137347 0.9597282288233291 0.27952632902871893 -0.02804920993453447 0.011199970811871001 0.021860102555553963 0.025234887092398222 0.999442512798243 -0.07605767184888963
276 0.28007831532365546 -0.959806351224989 0.018108159274552293 2.370930674137347 0.9597282288233291 0.27952632902871893 -0.02804920993453447 0.011199970811871001 0.021860102555553963 0.025234887092398222 0.999442512798243 -0.07605767184888963
277 0.28007831532365546 -0.959806351224989 0.018108159274552293 2.370930674137347 0.9597282288233291 0.27952632902871893 -0.02804920993453447 0.011199970811871001 0.021860102555553963 0.025234887092398222 0.999442512798243 -0.07605767184888963
278 0.28007831532365546 -0.959806351224989 0.018108159274552293 2.370930674137347 0.9597282288233291 0.27952632902871893 -0.02804920993453447 0.011199970811871001 0.021860102555553963 0.025234887092398222 0.999442512798243 -0.07605767184888963
279 0.28007831532365546 -0.959806351224989 0.018108159274552293 2.370930674137347 0.9597282288233291 0.27952632902871893 -0.02804920993453447 0.011199970811871001 0.021860102555553963 0.025234887092398222 0.999442512798243 -0.07605767184888963
280 0.28007831532365546 -0.959806351224989 0.018108159274552293 2.370930674137347 0.9597282288233291 0.27952632902871893 -0.02804920993453447 0.011199970811871001 0.021860102555553963 0.025234887092398222 0.999442512798243 -0.07605767184888963
281 0.28007831532365546 -0.959806351224989 0.018108159274552293 2.370930674137347 0.9597282288233291 0.27952632902871893 -0.02804920993453447 0.011199970811871001 0.021860102555553963 0.025234887092398222 0.999442512798243 -0.07605767184888963
282 0.28007831532365546 -0.959806351224989 0.018108159274552293 2.370930674137347 0.9597282288233291 0.27952632902871893 -0.02804920993453447 0.011199970811871001 0.021860102555553963 0.025234887092398222 0.999442512798243 -0.07605767184888963
283 0.28007831532365546 -0.959806351224989 0.018108159274552293 2.370930674137347 0.9597282288233291 0.27952632902871893 -0.02804920993453447 0.011199970811871001 0.021860102555553963 0.025234887092398222 0.999442512798243 -0.07605767184888963
284 0.28007831532365546 -0.959806351224989 0.018108159274552293 2.370930674137347 0.9597282288233291 0.27952632902871893 -0.02804920993453447 0.011199970811871001 0.021860102555553963 0.025234887092398222 0.999442512798243 -0.07605767184888963
285 0.28007831532365546 -0.959806351224989 0.018108159274552293 2.370930674137347 0.9597282288233291 0.27952632902871893 -0.02804920993453447 0.011199970811871001 0.021860102555553963 0.025234887092398222 0.999442512798243 -0.07605767184888963
286 0.28007831532365546 -0.959806351224989 0.018108159274552293 2.370930674137347 0.9597282288233291 0.27952632902871893 -0.02804920993453447 0.011199970811871001 0.021860102555553963 0.025234887092398222 0.999442512798243 -0.07605767184888963
287 0.28007831532365546 -0.959806351224989 0.018108159274552293 2.370930674137347 0.9597282288233291 0.27952632902871893 -0.02804920993453447 0.011199970811871001 0.021860102555553963 0.025234887092398222 0.999442512798243 -0.07605767184888963
288 0.28007831532365546 -0.959806351224989 0.018108159274552293 2.370930674137347 0.9597282288233291 0.27952632902871893 -0.02804920993453447 0.011199970811871001 0.021860102555553963 0.025234887092398222 0.999442512798243 -0.07605767184888963
289 0.28007831532365546 -0.959806351224989 0.018108159274552293 2.370930674137347 0.9597282288233291 0.27952632902871893 -0.02804920993453447 0.011199970811871001 0.021860102555553963 0.025234887092398222 0.999442512798243 -0.07605767184888963
290 0.28007831532365546 -0.959806351224989 0.018108159274552293 2.370930674137347 0.9597282288233291 0.27952632902871893 -0.02804920993453447 0.011199970811871001 0.021860102555553963 0.025234887092398222 0.999442512798243 -0.07605767184888963
291 0.28007831532365546 -0.959806351224989 0.018108159274552293 2.370930674137347 0.9597282288233291 0.27952632902871893 -0.02804920993453447 0.011199970811871001 0.021860102555553963 0.025234887092398222 0.999442512798243 -0.07605767184888963
292 0.28007831532365546 -0.959806351224989 0.018108159274552293 2.370930674137347 0.9597282288233291 0.27952632902871893 -0.02804920993453447 0.011199970811871001 0.021860102555553963 0.025234887092398222 0.999442512798243 -0.07605767184888963
293 0.28007831532365546 -0.959806351224989 0.018108159274552293 2.370930674137347 0.9597282288233291 0.27952632902871893 -0.02804920993453447 0.011199970811871001 0.021860102555553963 0.025234887092398222 0.999442512798243 -0.07605767184888963
294 0.28007831532365546 -0.959806351224989 0.018108159274552293 2.370930674137347 0.9597282288233291 0.27952632902871893 -0.02804920993453447 0.011199970811871001 0.021860102555553963 0.025234887092398222 0.999442512798243 -0.07605767184888963
295 0.28007831532365546 -0.959806351224989 0.018108159274552293 2.370930674137347 0.9597282288233291 0.27952632902871893 -0.02804920993453447 0.011199970811871001 0.021860102555553963 0.025234887092398222 0.999442512798243 -0.07605767184888963
296 0.28007831532365546 -0.959806351224989 0.018108159274552293 2.370930674137347 0.9597282288233291 0.27952632902871893 -0.02804920993453447 0.011199970811871001 0.021860102555553963 0.025234887092398222 0.999442512798243 -0.07605767184888963
297 0.28007831532365546 -0.959806351224989 0.018108159274552293 2.370930674137347 0.9597282288233291 0.27952632902871893 -0.02804920993453447 0.011199970811871001 0.021860102555553963 0.025234887092398222 0.999442512798243 -0.07605767184888963
298 0.28007831532365546 -0.959806351224989 0.018108159274552293 2.370930674137347 0.9597282288233291 0.27952632902871893 -0.02804920993453447 0.011199970811871001 0.021860102555553963 0.025234887092398222 0.999442512798243 -0.07605767184888963
299 0.28007831532365546 -0.959806351224989 0.018108159274552293 2.370930674137347 0.9597282288233291 0.27952632902871893 -0.02804920993453447 0.011199970811871001 0.021860102555553963 0.025234887092398222 0.999442512798243 -0.07605767184888963
300 0.28007831532365546 -0.959806351224989 0.018108159274552293 2.370930674137347 0.9597282288233291 0.27952632902871893 -0.02804920993453447 0.011199970811871001 0.021860102555553963 0.025234887092398222 0.999442512798243 -0.07605767184888963
301 0.28007831532365546 -0.959806351224989 0.018108159274552293 2.370930674137347 0.9597282288233291 0.27952632902871893 -0.02804920993453447 0.011199970811871001 0.021860102555553963 0.025234887092398222 0.999442512798243 -0.07605767184888963
302 0.28007831532365546 -0.959806351224989 0.018108159274552293 2.370930674137347 0.9597282288233291 0.27952632902871893 -0.02804920993453447 0.011199970811871001 0.021860102555553963 0.025234887092398222 0.999442512798243 -0.07605767184888963
303 0.28007831532365546 -0.959806351224989 0.018108159274552293 2.370930674137347 0.9597282288233291 0.27952632902871893 -0.02804920993453447 0.011199970811871001 0.021860102555553963 0.025234887092398222 0.999442512798243 -0.07605767184888963
304 0.28007831532365546 -0.959806351224989 0.018108159274552293 2.370930674137347 0.9597282288233291 0.27952632902871893 -0.02804920993453447 0.011199970811871001 0.021860102555553963 0.025234887092398222 0.999442512798243 -0.07605767184888963
305 0.28007831532365546 -0.959806351224989 0.018108159274552293 2.370930674137347 0.9597282288233291 0.27952632902871893 -0.02804920993453447 0.011199970811871001 0.021860102555553963 0.025234887092398222 0.999442512798243 -0.07605767184888963
306 0.28007831532365546 -0.959806351224989 0.018108159274552293 2.370930674137347 0.9597282288233291 0.27952632902871893 -0.02804920993453447 0.011199970811871001 0.021860102555553963 0.025234887092398222 0.999442512798243 -0.07605767184888963
307 0.28007831532365546 -0.959806351224989 0.018108159274552293 2.370930674137347 0.9597282288233291 0.27952632902871893 -0.02804920993453447 0.011199970811871001 0.021860102555553963 0.025234887092398222 0.999442512798243 -0.07605767184888963
308 0.28007831532365546 -0.959806351224989 0.018108159274552293 2.370930674137347 0.9597282288233291 0.27952632902871893 -0.02804920993453447 0.011199970811871001 0.021860102555553963 0.025234887092398222 0.999442512798243 -0.07605767184888963
309 0.28007831532365546 -0.959806351224989 0.018108159274552293 2.370930674137347 0.9597282288233291 0.27952632902871893 -0.02804920993453447 0.011199970811871001 0.021860102555553963 0.025234887092398222 0.999442512798243 -0.07605767184888963
310 0.28007831532365546 -0.959806351224989 0.018108159274552293 2.370930674137347 0.9597282288233291 0.27952632902871893 -0.02804920993453447 0.011199970811871001 0.021860102555553963 0.025234887092398222 0.999442512798243 -0.07605767184888963
311 0.28007831532365546 -0.959806351224989 0.018108159274552293 2.370930674137347 0.9597282288233291 0.27952632902871893 -0.02804920993453447 0.011199970811871001 0.021860102555553963 0.025234887092398222 0.999442512798243 -0.07605767184888963
312 0.28007831532365546 -0.959806351224989 0.018108159274552293 2.370930674137347 0.9597282288233291 0.27952632902871893 -0.02804920993453447 0.011199970811871001 0.021860102555553963 0.025234887092398222 0.999442512798243 -0.07605767184888963
313 0.28007831532365546 -0.959806351224989 0.018108159274552293 2.370930674137347 0.9597282288233291 0.27952632902871893 -0.02804920993453447 0.011199970811871001 0.021860102555553963 0.025234887092398222 0.999442512798243 -0.07605767184888963
314 0.28007831532365546 -0.959806351224989 0.018108159274552293 2.370930674137347 0.9597282288233291 0.27952632902871893 -0.02804920993453447 0.011199970811871001 0.021860102555553963 0.025234887092398222 0.999442512798243 -0.07605767184888963
315 0.28007831532365546 -0.959806351224989 0.018108159274552293 2.370930674137347 0.9597282288233291 0.27952632902871893 -0.02804920993453447 0.011199970811871001 0.021860102555553963 0.025234887092398222 0.999442512798243 -0.07605767184888963
316 0.28007831532365546 -0.959806351224989 0.018108159274552293 2.370930674137347 0.9597282288233291 0.27952632902871893 -0.02804920993453447 0.011199970811871001 0.021860102555553963 0.025234887092398222 0.999442512798243 -0.07605767184888963
317 0.28007831532365546 -0.959806351224989 0.018108159274552293 2.370930674137347 0.9597282288233291 0.27952632902871893 -0.02804920993453447 0.011199970811871001 0.021860102555553963 0.025234887092398222 0.999442512798243 -0.07605767184888963
318 0.28007831532365546 -0.959806351224989 0.018108159274552293 2.370930674137347 0.9597282288233291 0.27952632902871893 -0.02804920993453447 0.011199970811871001 0.021860102555553963 0.025234887092398222 0.999442512798243 -0.07605767184888963
319 0.28007831532365546 -0.959806351224989 0.018108159274552293 2.370930674137347 0.9597282288233291 0.27952632902871893 -0.02804920993453447 0.011199970811871001 0.021860102555553963 0.025234887092398222 0.999442512798243 -0.07605767184888963
320 0.28007831532365546 -0.959806351224989 0.018108159274552293 2.370930674137347 0.9597282288233291 0.27952632902871893 -0.02804920993453447 0.011199970811871001 0.021860102555553963 0.025234887092398222 0.999442512798243 -0.07605767184888963
321 0.28007831532365546 -0.959806351224989 0.018108159274552293 2.370930674137347 0.9597282288233291 0.27952632902871893 -0.02804920993453447 0.011199970811871001 0.021860102555553963 0.025234887092398222 0.999442512798243 -0.07605767184888963
322 0.28007831532365546 -0.959806351224989 0.018108159274552293 2.370930674137347 0.9597282288233291 0.27952632902871893 -0.02804920993453447 0.011199970811871001 0.021860102555553963 0.025234887092398222 0.999442512798243 -0.07605767184888963
323 0.28007831532365546 -0.959806351224989 0.018108159274552293 2.370930674137347 0.9597282288233291 0.27952632902871893 -0.02804920993453447 0.011199970811871001 0.021860102555553963 0.025234887092398222 0.999442512798243 -0.07605767184888963
324 0.28007831532365546 -0.959806351224989 0.018108159274552293 2.370930674137347 0.9597282288233291 0.27952632902871893 -0.02804920993453447 0.011199970811871001 0.021860102555553963 0.025234887092398222 0.999442512798243 -0.07605767184888963
325 0.28007831532365546 -0.959806351224989 0.018108159274552293 2.370930674137347 0.9597282288233291 0.27952632902871893 -0.02804920993453447 0.011199970811871001 0.021860102555553963 0.025234887092398222 0.999442512798243 -0.07605767184888963
326 0.28007831532365546 -0.959806351224989 0.018108159274552293 2.370930674137347 0.9597282288233291 0.27952632902871893 -0.02804920993453447 0.011199970811871001 0.021860102555553963 0.025234887092398222 0.999442512798243 -0.07605767184888963
327 0.28007831532365546 -0.959806351224989 0.018108159274552293 2.370930674137347 0.9597282288233291 0.27952632902871893 -0.02804920993453447 0.011199970811871001 0.021860102555553963 0.025234887092398222 0.999442512798243 -0.07605767184888963
328 0.28007831532365546 -0.959806351224989 0.018108159274552293 2.370930674137347 0.9597282288233291 0.27952632902871893 -0.02804920993453447 0.011199970811871001 0.021860102555553963 0.025234887092398222 0.999442512798243 -0.07605767184888963
329 0.28007831532365546 -0.959806351224989 0.018108159274552293 2.370930674137347 0.9597282288233291 0.27952632902871893 -0.02804920993453447 0.011199970811871001 0.021860102555553963 0.025234887092398222 0.999442512798243 -0.07605767184888963
330 0.28007831532365546 -0.959806351224989 0.018108159274552293 2.370930674137347 0.9597282288233291 0.27952632902871893 -0.02804920993453447 0.011199970811871001 0.021860102555553963 0.025234887092398222 0.999442512798243 -0.07605767184888963
331 0.28007831532365546 -0.959806351224989 0.018108159274552293 2.370930674137347 0.9597282288233291 0.27952632902871893 -0.02804920993453447 0.011199970811871001 0.021860102555553963 0.025234887092398222 0.999442512798243 -0.07605767184888963
332 0.28007831532365546 -0.959806351224989 0.018108159274552293 2.370930674137347 0.9597282288233291 0.27952632902871893 -0.02804920993453447 0.011199970811871001 0.021860102555553963 0.025234887092398222 0.999442512798243 -0.07605767184888963
333 0.28007831532365546 -0.959806351224989 0.018108159274552293 2.370930674137347 0.9597282288233291 0.27952632902871893 -0.02804920993453447 0.011199970811871001 0.021860102555553963 0.025234887092398222 0.999442512798243 -0.07605767184888963
334 0.28007831532365546 -0.959806351224989 0.018108159274552293 2.370930674137347 0.9597282288233291 0.27952632902871893 -0.02804920993453447 0.011199970811871001 0.021860102555553963 0.025234887092398222 0.999442512798243 -0.07605767184888963
335 0.28007831532365546 -0.959806351224989 0.018108159274552293 2.370930674137347 0.9597282288233291 0.27952632902871893 -0.02804920993453447 0.011199970811871001 0.021860102555553963 0.025234887092398222 0.999442512798243 -0.07605767184888963
336 0.28007831532365546 -0.959806351224989 0.018108159274552293 2.370930674137347 0.9597282288233291 0.27952632902871893 -0.02804920993453447 0.011199970811871001 0.021860102555553963 0.025234887092398222 0.999442512798243 -0.07605767184888963
337 0.28007831532365546 -0.959806351224989 0.018108159274552293 2.370930674137347 0.9597282288233291 0.27952632902871893 -0.02804920993453447 0.011199970811871001 0.021860102555553963 0.025234887092398222 0.999442512798243 -0.07605767184888963
338 0.28007831532365546 -0.959806351224989 0.018108159274552293 2.370930674137347 0.9597282288233291 0.27952632902871893 -0.02804920993453447 0.011199970811871001 0.021860102555553963 0.025234887092398222 0.999442512798243 -0.07605767184888963
339 0.28007831532365546 -0.959806351224989 0.018108159274552293 2.370930674137347 0.9597282288233291 0.27952632902871893 -0.02804920993453447 0.011199970811871001 0.021860102555553963 0.025234887092398222 0.999442512798243 -0.07605767184888963
340 0.28007831532365546 -0.959806351224989 0.018108159274552293 2.370930674137347 0.9597282288233291 0.27952632902871893 -0.02804920993453447 0.011199970811871001 0.021860102555553963 0.025234887092398222 0.999442512798243 -0.07605767184888963
341 0.28007831532365546 -0.959806351224989 0.018108159274552293 2.370930674137347 0.9597282288233291 0.27952632902871893 -0.02804920993453447 0.011199970811871001 0.021860102555553963 0.025234887092398222 0.999442512798243 -0.07605767184888963
342 0.28007831532365546 -0.959806351224989 0.018108159274552293 2.370930674137347 0.9597282288233291 0.27952632902871893 -0.02804920993453447 0.011199970811871001 0.021860102555553963 0.025234887092398222 0.999442512798243 -0.07605767184888963
343 0.28007831532365546 -0.959806351224989 0.018108159274552293 2.370930674137347 0.9597282288233291 0.27952632902871893 -0.02804920993453447 0.011199970811871001 0.021860102555553963 0.025234887092398222 0.999442512798243 -0.07605767184888963
344 0.28007831532365546 -0.959806351224989 0.018108159274552293 2.370930674137347 0.9597282288233291 0.27952632902871893 -0.02804920993453447 0.011199970811871001 0.021860102555553963 0.025234887092398222 0.999442512798243 -0.07605767184888963
345 0.28007831532365546 -0.959806351224989 0.018108159274552293 2.370930674137347 0.9597282288233291 0.27952632902871893 -0.02804920993453447 0.011199970811871001 0.021860102555553963 0.025234887092398222 0.999442512798243 -0.07605767184888963
346 0.28007831532365546 -0.959806351224989 0.018108159274552293 2.370930674137347 0.9597282288233291 0.27952632902871893 -0.02804920993453447 0.011199970811871001 0.021860102555553963 0.025234887092398222 0.999442512798243 -0.07605767184888963
347 0.28007831532365546 -0.959806351224989 0.018108159274552293 2.370930674137347 0.9597282288233291 0.27952632902871893 -0.02804920993453447 0.011199970811871001 0.021860102555553963 0.025234887092398222 0.999442512798243 -0.07605767184888963
