0 1.0 0.0 0.0 0.0 0.0 1.0 0.0 0.0 0.0 0.0 1.0 0.0
1 0.99998252017 -0.00341395823 -0.004827446999 0.1631033034122468 0.003428464014 0.999989623423 0.002999780255 0.0012618602005075585 0.004817155782 -0.003016278548 0.999983848407 -0.004370109469005984
2 0.999976952522 -0.003061507849 -0.006059834485 0.27640637151839875 0.003083062917 0.999988942858 0.003550899285 0.0021801324199001806 0.006048896375 -0.003569500297 0.999975334456 -0.007231537529049454
3 0.999974951387 -0.001204096937 -0.006974722119 0.3183535709592461 0.001239523841 0.999986342541 0.005077234632 0.002717538542700553 0.006968513379 -0.005085752789 0.999962786778 -0.007844694385859533
4 0.999973797822 -0.001935366764 -0.006975530474 0.3483498194432166 0.001970635015 0.999985293436 0.005052673576 0.0029330220837574814 0.006965649112 -0.00506628741 0.999962905544 -0.008633723779732259
5 0.999961776991 -0.001388518718 -0.008632298216 0.3828427386024383 0.001439929568 0.999981248312 0.005952279146 0.003256844646870414 0.008623871495 -0.005964481534 0.999945025389 -0.009410964470635224
6 0.999948831133 -0.004049265519 -0.009270305503 0.47246901651152523 0.00410516098 0.999973462609 0.006018449167 0.004260640078287119 0.009245689195 -0.006056197306 0.999938917987 -0.01137293173020382
7 0.999920893091 -0.001634128882 -0.012471454711 0.573373058729562 0.001729008188 0.999969619246 0.007600731225 0.004839489043659528 0.012458655245 -0.007621693202 0.999893340163 -0.013220246738482348
8 0.999871320216 -0.000724773725 -0.016025533141 0.6368900371715028 0.000844532839 0.999971761095 0.007467514827 0.0051816340009495365 0.016019668339 -0.007480087997 0.99984369704 -0.014223789640729689
9 0.999912669169 -0.000459434929 -0.013207685436 0.6967415707537458 0.000563650775 0.999968731126 0.007887906489 0.005770363671123191 0.013203648467 -0.007894662154 0.999881661986 -0.01568816620986739
10 0.999980666652 -0.001884919797 -0.00592565602 0.7575536852122484 0.00194134203 0.99995270024 0.009530397313 0.006259328285800623 0.005907411704 -0.009541716784 0.999937027081 -0.017588440192520784
11 0.99999019778 -0.00225346799 -0.003811328694 0.848350455863328 0.002293557691 0.999941747372 0.010547106482 0.007262718868866445 0.003787339108 -0.010555744599 0.999937114182 -0.01950635514143393
12 0.999992493112 -0.00311063937 -0.002310333616 0.9266291752111327 0.003134587819 0.999940635166 0.010435540374 0.00790150944056657 0.002277735261 -0.01044270398 0.999942879296 -0.02207138209943762
13 0.999996231418 -0.002014669188 -0.001865008958 1.002902051358292 0.002035451265 0.99993510393 0.011209142081 0.008930205049762314 0.001842305213 -0.011212895973 0.999935436353 -0.023740639992918543
14 0.999989856674 -0.001983729698 -0.004043682179 1.0754239514169304 0.002030361003 0.999931112791 0.011560592865 0.0094552292264649 0.00402047053 -0.011568685737 0.999924997851 -0.025484762764116643
15 0.999988981539 -0.004633639201 -0.000752454671 1.1828010618080365 0.004640795787 0.999941156967 0.009805387145 0.010179238371826067 0.000706975768 -0.009808771093 0.999951642928 -0.028806479348716607
16 0.999998823431 -0.00059162814 -0.001415313363 1.2714036586157191 0.000606363186 0.99994538592 0.010433479822 0.010804680973145605 0.001409063327 -0.01043432574 0.999944568157 -0.031057560440009097
17 0.99999727794 -0.001378857062 -0.001882250273 1.3788055008318245 0.001395222669 0.999960995746 0.008721257905 0.011045994640668749 0.001870151489 -0.008723860323 0.999960197605 -0.03443162271385834
18 0.999996190762 -0.000690776656 -0.002672319068 1.5020205673142248 0.000714056607 0.999961721702 0.008720393032 0.011990373566094031 0.002666192933 -0.008722268001 0.999958405863 -0.03765900562430313
19 0.999988660442 -0.002106264777 0.004271139945 1.6100631842597894 0.002079927504 0.999978855129 0.006161428113 0.01240354736276662 -0.004284027232 -0.006152474584 0.999971896689 -0.04056554822087318
20 0.999986702727 -0.001005705747 0.005057956618 1.7340223660195118 0.000963810792 0.999965267257 0.008278607914 0.013781791443154159 -0.005066106785 -0.008273622918 0.999952939756 -0.044470490943114505
21 0.999990949874 -0.003298643765 0.002686841827 1.8567447801596821 0.003278672028 0.999967215317 0.007403958407 0.014207579673096328 -0.002711176761 -0.007395082127 0.999968980659 -0.04837490856501953
22 0.999999760021 0.000204749287 -0.000661843209 1.9792895620754032 -0.000199467473 0.999968213579 0.007970699071 0.014935621268368266 0.000663454167 -0.007970565142 0.999968014448 -0.052054475016204145
23 0.99999618797 -0.002184876417 0.001688301368 2.1202846381798826 0.002175057025 0.999980836139 0.005796247144 0.015455350349313269 -0.001700933097 -0.005792552897 0.999981776413 -0.05636524814720899
24 0.999997389273 -0.000784160734 0.002146284778 2.2443587367452627 0.000772236298 0.999984294618 0.005551051119 0.01569189402141512 -0.002150603986 -0.005549379188 0.99998228949 -0.059399578520275456
25 0.999972427635 -0.002091746598 -0.007125206379 2.3996481142463173 0.00214718805 0.99996741225 0.007782288964 0.01725901789528723 0.007108695608 -0.007797373546 0.999944332157 -0.06436041384241291
26 0.999972423106 -0.001201759125 -0.007328628916 2.514539590827759 0.001229755631 0.999991959658 0.003816847029 0.01719021772603426 0.007323983061 -0.003825754195 0.999965860856 -0.06746520386213102
27 0.999853071876 0.013449697816 -0.010627336818 2.557715641299118 -0.013395276775 0.999896884804 0.00517555019 0.016992058487675498 0.010695850564 -0.005032433639 0.999930134256 -0.0687750285712194
28 0.99993494534 -0.000392122001 -0.01139961967 2.5765486895406395 0.000447333882 0.999988181448 0.004841162754 0.01738771958687278 0.011397586617 -0.00484594725 0.999923302966 -0.06854198423189298
29 0.998923673056 -0.045976392351 -0.006137324667 2.457054668427592 0.046004610064 0.99893091745 0.004538503699 0.016055499949701426 0.005922099333 -0.004815964013 0.999970867191 -0.06624903139928051
30 0.893595535763 -0.448825628126 -0.006524875562 2.458791852659232 0.44879516134 0.893616863423 -0.005639553403 0.021910112161803344 0.008361914932 0.002111147164 0.999962810027 -0.06648563118897555
31 0.587319304235 -0.809354468018 -0.001174722483 2.4580301765836405 0.809264857242 0.587274740081 -0.014098599088 0.021007989784051377 0.012100649005 0.007329717784 0.999899919757 -0.06671595382503215
