1785158322616115200.000000 0.000000000 0.000000000 0.000000000 -0.000000000 -0.000000000 -0.000000000 1.000000000
1785158324152246016.000000 -0.000011794 0.000715824 0.022985687 -0.000345838 0.002670916 0.002144147 0.999994099
1785158324324232960.000000 -0.000448433 0.001378023 0.042358983 -0.001440249 -0.011245025 0.001985330 0.999933779
1785158324524295168.000000 -0.001510699 0.002101762 0.064228550 -0.001818850 -0.031587206 0.003789488 0.999492228
1785158324724314880.000000 -0.003453431 0.002758347 0.085791342 -0.001028582 -0.050161060 0.003919316 0.998732924
1785158324956332800.000000 -0.006424388 0.003575109 0.110685028 -0.001535461 -0.065913931 0.006131297 0.997805297
1785158325244333056.000000 -0.011243282 0.004444753 0.140322015 -0.001397337 -0.091079921 0.007331454 0.995815635
1785158325616358912.000000 -0.019984979 0.005451709 0.177136004 0.000449436 -0.135012940 0.008424134 0.990807950
1785158326188435200.000000 -0.041186687 0.006831814 0.231311947 0.002802275 -0.241023973 0.012138481 0.970439196
1785158326672544000.000000 -0.068971276 0.007373084 0.269210517 0.003267334 -0.366905153 0.016039362 0.930114388
1785158327160602112.000000 -0.106742062 0.007332488 0.297188967 0.005878285 -0.502918959 0.021022679 0.864057899
1785158327624676864.000000 -0.147325739 0.006892493 0.313568473 0.010390065 -0.595231891 0.022952672 0.803158879
1785158328040718080.000000 -0.185844764 0.006288815 0.322132945 0.011086918 -0.643778741 0.021749619 0.764822185
1785158328157018880.000000 -0.197050303 0.006119531 0.323792577 0.009947813 -0.654631376 0.019695716 0.755626142
1785158328336728064.000000 -0.214475825 0.005905513 0.325797796 0.010262092 -0.668651640 0.020533051 0.743221402
1785158328576744960.000000 -0.236783668 0.005596193 0.327497840 0.012355316 -0.680835366 0.020456117 0.732046545
1785158328668754944.000000 -0.245566517 0.005495005 0.327989608 0.012327738 -0.686373949 0.021069879 0.726838946
1785158328784812032.000000 -0.256864697 0.005396473 0.328473985 0.010355548 -0.690252781 0.020254696 0.723210633
1785158328908798976.000000 -0.269169718 0.005287299 0.328919649 0.008933472 -0.694929063 0.019787220 0.718750477
1785158329264820224.000000 -0.303265512 0.004827091 0.329263091 0.010102343 -0.705063641 0.021050548 0.708759606
1785158329473097984.000000 -0.323209822 0.004549631 0.329133362 0.010511657 -0.708420575 0.020757159 0.705406964
1785158329713059072.000000 -0.346545517 0.004259960 0.328837872 0.006657515 -0.711630702 0.019705003 0.702245772
1785158329896941056.000000 -0.364094019 0.004084292 0.328470081 0.007903677 -0.712334335 0.019595331 0.701522171
1785158330076900864.000000 -0.381693542 0.003894420 0.328093290 0.006729112 -0.713639140 0.019071348 0.700221539
1785158330253179904.000000 -0.398408175 0.003754747 0.327635646 0.007434656 -0.713336408 0.019813644 0.700502157
1785158330461232896.000000 -0.417980671 0.003505630 0.327151448 0.008812335 -0.712968349 0.020587804 0.700838506
1785158330709025024.000000 -0.441931576 0.003210248 0.326566249 0.007425962 -0.713773608 0.020693393 0.700031340
1785158330949026048.000000 -0.464857221 0.002794703 0.326046407 0.007650700 -0.711870611 0.020869844 0.701958895
1785158331189063168.000000 -0.487611055 0.002656411 0.325585574 0.010151131 -0.710782170 0.022651155 0.702974141
1785158331421220096.000000 -0.508965969 0.002288567 0.325499296 0.008615606 -0.710474849 0.023414107 0.703280210
1785158331661312000.000000 -0.524165988 0.002097495 0.325358808 0.010773061 -0.705170631 0.025416596 0.708500087
1785158333421366016.000000 -0.503624022 0.002562085 0.325427830 0.012647588 -0.701424956 0.025297333 0.712182045
1785158333785399808.000000 -0.504626632 0.002347378 0.325350344 0.009721042 -0.716632485 0.023542279 0.696985781
1785158334033398016.000000 -0.504461765 0.002388289 0.324650854 0.010931968 -0.829791486 0.024657596 0.557421386
1785158334281428224.000000 -0.504038811 0.002528252 0.323814303 0.012900874 -0.916063905 0.025848536 0.399990410
1785158334529438976.000000 -0.503327012 0.002269398 0.324222744 0.013040188 -0.972802699 0.025201639 0.229890749
1785158337681864960.000000 -0.504259944 -0.003965540 0.216878593 -0.009759169 0.951871514 -0.018599968 0.305776715
1785158337837827840.000000 -0.493552566 -0.003862215 0.203471005 -0.009049787 0.938216209 -0.017959442 0.345464766
1785158337990243840.000000 -0.482838392 -0.003948987 0.192240655 -0.008604650 0.924309015 -0.017892675 0.381128192
1785158338053890048.000000 -0.477755219 -0.003903025 0.187380731 -0.008694845 0.918124318 -0.017507963 0.395810217
1785158338113935104.000000 -0.473299980 -0.003868325 0.183429658 -0.007995743 0.912240803 -0.019191479 0.409126550
1785158338206035968.000000 -0.465996087 -0.003852087 0.177358925 -0.007814283 0.903556645 -0.019653777 0.427946478
1785158338269905152.000000 -0.460421920 -0.003805946 0.172989845 -0.007532646 0.896428168 -0.019101162 0.442713171
1785158338330179072.000000 -0.455437899 -0.003779220 0.169303596 -0.007776513 0.890651643 -0.017927077 0.454266369
1785158338425895936.000000 -0.446837962 -0.003775032 0.163561702 -0.007622419 0.880054712 -0.019581679 0.474407196
1785158338517946880.000000 -0.438786745 -0.003716634 0.158595860 -0.007142139 0.870261550 -0.020141883 0.492126256
1785158338702258176.000000 -0.422012150 -0.003642706 0.149400085 -0.005933740 0.851609945 -0.018264014 0.523824155
1785158338801996032.000000 -0.412574530 -0.003591685 0.144924849 -0.005549650 0.840807736 -0.018280765 0.540996730
1785158338918350080.000000 -0.401404351 -0.003517652 0.140266031 -0.005347555 0.827926099 -0.018067904 0.560520589
1785158339073999872.000000 -0.385752350 -0.003398692 0.134675175 -0.005171988 0.810407460 -0.015915317 0.585627675
1785158339198014976.000000 -0.373150170 -0.003240091 0.130985737 -0.006940831 0.797300100 -0.014482901 0.603369474
1785158339350114048.000000 -0.357880652 -0.003039422 0.127425224 -0.009976214 0.781069279 -0.013292967 0.624223173
1785158339506082048.000000 -0.341636240 -0.002649855 0.124415934 -0.009018030 0.762381494 -0.013932549 0.646915078
1785158339686053888.000000 -0.322551847 -0.002286697 0.121885851 -0.008119641 0.744865775 -0.013735568 0.667023599
1785158339870088192.000000 -0.304010749 -0.001930471 0.120672777 -0.007147092 0.725355148 -0.014905270 0.688176334
1785158340046129920.000000 -0.285714388 -0.001484701 0.120269910 -0.008117171 0.707066655 -0.012522574 0.706989408
1785158340258142976.000000 -0.263113081 -0.000977814 0.121371672 -0.007816262 0.679805934 -0.012107966 0.733250439
1785158340466141952.000000 -0.241884992 -0.000472218 0.123843789 -0.007777965 0.656785488 -0.011347065 0.753951967
1785158340642225152.000000 -0.224058971 -0.000041010 0.127057016 -0.008926906 0.635506570 -0.010140929 0.771977246
1785158340822177792.000000 -0.205467656 0.000515701 0.131601557 -0.008383566 0.611446142 -0.009683540 0.791182458
1785158340998284032.000000 -0.188289136 0.001081586 0.136858210 -0.008011698 0.588416040 -0.009692795 0.808460534
1785158341206288128.000000 -0.168078363 0.001752618 0.144309744 -0.008039908 0.558307528 -0.006325828 0.829571009
1785158341414310912.000000 -0.148527086 0.002476326 0.153423905 -0.006912221 0.526961446 -0.006438739 0.849836767
1785158341626290176.000000 -0.128960788 0.003200206 0.164230317 -0.006694783 0.492389172 -0.005116772 0.870334387
1785158341802368000.000000 -0.114104524 0.003801911 0.174116239 -0.006318987 0.461326510 -0.005247036 0.887192428
1785158341950569984.000000 -0.101981483 0.004302769 0.183349922 -0.005310927 0.432692975 -0.004735971 0.901513278
1785158342102382848.000000 -0.090328559 0.004902262 0.193419784 -0.006589425 0.403137863 -0.002986820 0.915110648
1785158342282386176.000000 -0.077425033 0.005586817 0.206670120 -0.006560870 0.365135908 -0.002872147 0.930926681
1785158342430417152.000000 -0.067700222 0.006110660 0.218265489 -0.004935156 0.335508168 -0.002924694 0.942019880
1785158342550723072.000000 -0.060501657 0.006630422 0.227778956 -0.004105636 0.309844822 -0.001588194 0.950776994
1785158342674457088.000000 -0.053436279 0.007093244 0.238493890 -0.005714598 0.283846468 -0.001552557 0.958851457
1785158342790713088.000000 -0.047330812 0.007508211 0.248795867 -0.004054374 0.257328928 -0.002379507 0.966312408
1785158342946468096.000000 -0.040026747 0.008184278 0.263124228 -0.004083870 0.220107689 -0.000033842 0.975467026
1785158345242736128.000000 -0.019053474 0.011703203 0.350182980 -0.000160275 0.001237470 0.004825287 0.999987602
1785158346346902016.000000 -0.018926805 0.011576308 0.344434410 -0.002064199 -0.001162778 0.005268635 0.999983311
1785158346894957056.000000 -0.018760568 0.011118526 0.328715533 -0.001207092 -0.003772256 0.005199947 0.999978662
1785158347430984960.000000 -0.019364564 0.010899799 0.328679919 0.000081843 -0.045170944 0.005687764 0.998963118
1785158348055094016.000000 -0.018317118 0.008167300 0.320617795 0.001198714 -0.470561862 0.016692694 0.882208288
1785158348859180032.000000 -0.015139133 0.009088896 0.319742024 0.004030614 -0.698542476 0.021711072 0.715227902
1785158349387411968.000000 -0.004232109 0.009128699 0.319543868 0.003188283 -0.703932106 0.020837173 0.709954381
1785158350647344128.000000 -0.060829848 0.008529346 0.320442617 0.006771659 -0.704892933 0.023493493 0.708892226
1785158351567538944.000000 -0.150529891 0.006869121 0.319995284 0.012839573 -0.707712352 0.024882508 0.705945730
1785158352587692032.000000 -0.249685317 0.005288778 0.316991627 0.010795282 -0.728649020 0.020704655 0.684489131
1785158353035680000.000000 -0.292636931 0.004657386 0.312970161 0.010379852 -0.747776866 0.021413565 0.663523555
1785158353427723776.000000 -0.328655094 0.003985575 0.307123691 0.009987058 -0.772346020 0.022432847 0.634727240
1785158353875785984.000000 -0.370208174 0.003351568 0.295572102 0.007048928 -0.817516863 0.021101872 0.575474799
1785158354231836928.000000 -0.401162714 0.002851913 0.281146884 0.009313487 -0.861882865 0.023750495 0.506465316
1785158354587878912.000000 -0.428269714 0.002110324 0.261965394 0.009195469 -0.907352984 0.024860321 0.419533074
1785158355035923968.000000 -0.456031084 0.001104153 0.230518997 0.009959185 -0.953141570 0.023473440 0.301448166
1785158355391976192.000000 -0.472267568 0.000268255 0.201542363 0.012075346 -0.975205541 0.025318261 0.219516039
1785158355863988992.000000 -0.487427890 -0.000858311 0.159550279 0.013297234 -0.989605725 0.026672721 0.140685275
1785158356452066816.000000 -0.498638988 -0.002388696 0.106198683 0.014380388 -0.996263742 0.028035095 0.080410548
1785158356716104960.000000 -0.502009988 -0.003038450 0.081236780 0.014563086 -0.997670710 0.026219733 0.061266512
1785158357356210944.000000 -0.506534338 -0.004239528 0.023599032 0.012749020 -0.999395728 0.022697976 0.023030613
1785158358880335104.000000 -0.505778313 -0.003698858 0.051446892 0.014896077 -0.999567568 0.024739353 0.005551775
1785158359212626944.000000 -0.505765676 -0.002983739 0.085859850 0.015867418 -0.999530733 0.026148394 0.001671084
1785158359704474880.000000 -0.505478740 -0.001958662 0.134327024 0.017012104 -0.999456167 0.027622573 0.005912981
1785158359892482048.000000 -0.505485594 -0.001597203 0.151894659 0.016247729 -0.999423027 0.029512040 0.004326637
1785158360076515840.000000 -0.505377591 -0.001350153 0.161044493 0.016052211 -0.999468803 0.027271656 0.007794864
1785158360284823040.000000 -0.505369365 -0.001203716 0.165721640 0.016128914 -0.999478102 0.026191793 0.009867121
1785158360564545024.000000 -0.505194604 -0.001116077 0.172152981 0.016738197 -0.999421299 0.026557144 0.013100825
1785158361020603904.000000 -0.505063891 -0.000914492 0.180368885 0.016366038 -0.999456823 0.025000868 0.013898169
1785158361236625920.000000 -0.505096257 -0.000922204 0.180116430 0.016709564 -0.999439836 0.026314121 0.012182323
1785158361452677888.000000 -0.504869521 -0.000919377 0.179664701 -0.016212206 0.997927010 -0.025087120 0.057004020
1785158361692859904.000000 -0.504208446 -0.000919884 0.179882288 -0.015540116 0.974933386 -0.022275614 0.220832959
1785158361908750080.000000 -0.503982961 -0.001055420 0.179489136 -0.013047807 0.932949424 -0.018916553 0.359273195
1785158362100771072.000000 -0.542026520 -0.005901101 0.166170537 -0.012980078 0.869878054 -0.015196386 0.492861927
1785158362440815872.000000 -0.540943384 -0.005876875 0.167149812 -0.010707313 0.729678333 -0.011335822 0.683612764
1785158362896861184.000000 -0.550238073 -0.006245615 0.167280257 -0.011541675 0.703953207 -0.008214182 0.710105062
1785158363324902144.000000 -0.563676775 -0.006732428 0.166943967 -0.012954252 0.703324795 -0.007043487 0.710715771
1785158364065011968.000000 -0.554827809 -0.006402037 0.166860312 -0.011927253 0.715292871 -0.010021202 0.698651135
1785158364529081088.000000 -0.507425964 -0.005067296 0.168192536 -0.007567432 0.685378730 -0.012179153 0.728045642
1785158364985379072.000000 -0.457797766 -0.003792685 0.172130913 -0.005354912 0.677014768 -0.013564759 0.735825002
1785158365481178112.000000 -0.404804885 -0.002690867 0.177696899 -0.004928116 0.667501926 -0.013830490 0.744463325
1785158365945216768.000000 -0.355774403 -0.001673044 0.183697999 -0.008402423 0.666470230 -0.010985562 0.745403349
1785158366417222912.000000 -0.306115508 -0.000136973 0.189711541 -0.007976498 0.666102231 -0.010846635 0.745738924
1785158366909336064.000000 -0.254859686 0.001159657 0.195241600 -0.008510612 0.673947513 -0.011346105 0.738643169
1785158367413376000.000000 -0.202747822 0.002429099 0.198890015 -0.008546740 0.698291183 -0.011625001 0.715668380
1785158367901433088.000000 -0.151891470 0.003573964 0.196633250 -0.010152041 0.749455512 -0.012995828 0.661849380
1785158368425533184.000000 -0.100585535 0.004485864 0.182782948 -0.010629263 0.843233585 -0.019120455 0.537102103
1785158368921551104.000000 -0.061900541 0.004482119 0.152736202 -0.010922492 0.938573539 -0.022184325 0.344192356
1785158369377657856.000000 -0.038636234 0.003871241 0.113189660 -0.010782914 0.980650902 -0.023750605 0.194019228
1785158369717884928.000000 -0.027619375 0.003369177 0.079587586 -0.009978919 0.992027402 -0.025169801 0.123079926
1785158369965648896.000000 -0.022089217 0.002881557 0.054218806 -0.010247882 0.995833516 -0.026486779 0.086655013
1785158370181699072.000000 -0.018790334 0.002414915 0.032247029 -0.009391607 0.997497857 -0.025329363 0.065331921
1785158370429737216.000000 -0.016129525 0.002004253 0.008054502 -0.008954771 0.998610854 -0.026032886 0.044928182
1785158370761763072.000000 -0.014759742 0.001639043 -0.005910965 -0.009359307 0.999346912 -0.030198529 0.017498104
1785158373034078976.000000 -0.015009241 0.002195268 0.018433558 -0.009591557 0.990559280 -0.026414055 0.134174183
1785158373310092800.000000 -0.014296030 0.002165040 0.018240336 -0.008535766 0.946758270 -0.023335587 0.320985079
1785158373706130944.000000 -0.013609022 0.002170253 0.018762792 -0.006792019 0.818937898 -0.018275494 0.573550880
1785158374262257152.000000 -0.006920969 0.002375623 0.019538809 -0.003533447 0.702299178 -0.016295219 0.711686611
1785158374786279936.000000 0.009787728 0.002327121 0.019927684 -0.003438648 0.702329397 -0.017205762 0.711635828
