1785157944448800000.000000 0.000000000 0.000000000 0.000000000 -0.000000000 -0.000000000 -0.000000000 1.000000000
1785157944564829184.000000 -0.000253896 0.001213979 0.035306279 -0.001247899 -0.002624943 0.000341763 0.999995708
1785157944920823040.000000 -0.003698307 0.006070044 0.145155281 -0.006930031 -0.027196946 -0.000221404 0.999606073
1785157945036825856.000000 -0.006197076 0.007581685 0.180445567 -0.008581273 -0.041070826 0.000822433 0.999119043
1785157945120878080.000000 -0.008615146 0.008701098 0.205580607 -0.008100920 -0.053346843 0.001470476 0.998542130
1785157945212907008.000000 -0.012096880 0.009893229 0.232951686 -0.005792628 -0.070850685 0.001971728 0.997468174
1785157945296937984.000000 -0.016093584 0.010882906 0.257507652 -0.007471994 -0.087752275 0.003287222 0.996108890
1785157945384877056.000000 -0.021380180 0.011972226 0.284302980 -0.006758772 -0.111673146 0.004929833 0.993709803
1785157945500901888.000000 -0.030467318 0.013424166 0.318313837 -0.009625127 -0.148381546 0.006549753 0.988861680
1785157945617049088.000000 -0.042172723 0.015104988 0.351135075 -0.008104539 -0.194988534 0.008603601 0.980734289
1785157945740950016.000000 -0.058219928 0.016549142 0.384008646 -0.006659631 -0.255451113 0.010387537 0.966743231
1785157945861038848.000000 -0.076721892 0.017767426 0.412545502 -0.006677351 -0.318588704 0.012645459 0.947785199
1785157946001024000.000000 -0.104386508 0.018825263 0.442981243 -0.004701405 -0.397166550 0.015199833 0.917608678
1785157946148994048.000000 -0.139245704 0.020168781 0.470374823 -0.005554517 -0.473758996 0.015512936 0.880500376
1785157946289035008.000000 -0.175163180 0.020842617 0.490667701 -0.002807738 -0.531965792 0.018832268 0.846551776
1785157946441030144.000000 -0.215630308 0.021437116 0.507038057 -0.001133430 -0.578410149 0.019679883 0.815507889
1785157946557039104.000000 -0.247653887 0.021638304 0.516928077 0.000765828 -0.603191257 0.021048110 0.797318459
1785157946637176064.000000 -0.270727992 0.021774311 0.522833586 0.001558174 -0.617818177 0.021545315 0.786024213
1785157946729069824.000000 -0.295007110 0.021697942 0.528129697 0.000534059 -0.630394399 0.021006133 0.775990605
1785157946845073920.000000 -0.323046893 0.021693558 0.533433497 0.000598440 -0.644175410 0.020534284 0.764601946
1785157947077088000.000000 -0.363934487 0.021664085 0.539118409 -0.000483237 -0.660258293 0.020300912 0.750764132
1785157947193097984.000000 -0.377733469 0.021678880 0.540603638 -0.000320985 -0.666963935 0.020173615 0.744816780
1785157947585381120.000000 -0.406771243 0.021789849 0.543318570 0.000199787 -0.675676763 0.020843243 0.736903310
1785157947733194240.000000 -0.413418919 0.021782210 0.543887615 0.000872612 -0.674857974 0.021400023 0.737636745
1785157948381252096.000000 -0.434460670 0.021706179 0.545400620 0.000290566 -0.679074705 0.021799525 0.733745337
1785157949789448960.000000 -0.465779960 0.021787096 0.547175407 -0.000673418 -0.698343933 0.022701560 0.715401947
1785157950417447168.000000 -0.464753509 0.021724790 0.547082126 -0.001500042 -0.697132587 0.022029687 0.716602087
1785157950609509888.000000 -0.452687144 0.021758990 0.546763539 -0.000710065 -0.687717199 0.021461586 0.725661039
1785157951057583104.000000 -0.390863717 0.021786120 0.544626832 0.000017444 -0.697702229 0.020678977 0.716089368
1785157951289572096.000000 -0.340025216 0.021938661 0.543759406 0.002526914 -0.700954616 0.021937430 0.712863922
1785157951521584128.000000 -0.289558709 0.022207309 0.543399215 0.006795425 -0.700140238 0.024335844 0.713558137
1785157951753609984.000000 -0.263563097 0.022377618 0.543248296 0.005546035 -0.699902415 0.024079144 0.713810921
1785157952009628160.000000 -0.251324683 0.022528857 0.543065310 0.003244603 -0.701756477 0.021868413 0.712073803
1785157952269712896.000000 -0.242287606 0.022579692 0.542958021 0.003396718 -0.700002551 0.021973779 0.713794112
1785157952533754112.000000 -0.232755244 0.022675805 0.542746842 0.004056187 -0.698594391 0.021813350 0.715173900
1785157952797754880.000000 -0.223418385 0.022652371 0.542607009 0.003832181 -0.696627319 0.021449756 0.717102230
1785157953121774848.000000 -0.212338746 0.022707129 0.542458534 0.003442967 -0.698855937 0.021245116 0.714938581
1785157953469822976.000000 -0.209894359 0.022709575 0.542342782 0.003710819 -0.700183272 0.021325763 0.713634968
1785157953785886976.000000 -0.210243642 0.022664640 0.541807890 0.003274574 -0.761713684 0.022788148 0.647504628
