1785157944564829184.000000 -0.000253896 0.001213979 0.035306279 -0.001247899 -0.002624943 0.000341763 0.999995708
1785157944712802816.000000 -0.001013160 0.003368366 0.081954159 -0.007024645 -0.009405752 -0.000272141 0.999931097
1785157944740866048.000000 -0.001307624 0.011829380 0.116600305 -0.001075543 -0.017059425 -0.002846471 0.999849856
1785157944765129216.000000 -0.000613679 0.008215564 0.118778862 -0.004320905 -0.018116796 0.001251917 0.999825716
1785157944796843008.000000 -0.002094091 0.005382234 0.111127205 -0.004514758 -0.016142482 -0.002222029 0.999857068
1785157944832876032.000000 -0.002589247 0.004746716 0.118907958 -0.006152906 -0.017767152 -0.000039312 0.999823213
1785157944856880896.000000 -0.002191221 0.005171841 0.127685726 -0.006872823 -0.020273136 -0.000225766 0.999770880
1785157944888848128.000000 -0.003392014 0.005319522 0.136950761 -0.007979301 -0.022881158 -0.000963294 0.999705970
1785157944920823040.000000 -0.003698307 0.006070044 0.145155281 -0.006930031 -0.027196946 -0.000221404 0.999606073
1785157944948879872.000000 -0.004781816 0.005924718 0.152567178 -0.006444420 -0.030097736 -0.000602776 0.999526024
1785157944973105920.000000 -0.004623208 0.006721868 0.162890583 -0.006425451 -0.033583261 0.000334915 0.999415278
1785157945004859904.000000 -0.005420265 0.007069633 0.170838982 -0.007467002 -0.037389554 0.000582493 0.999272704
1785157945036825856.000000 -0.006197075 0.007581685 0.180445567 -0.008581273 -0.041070826 0.000822433 0.999119043
1785157945064902144.000000 -0.006788904 0.007889864 0.188088506 -0.008934796 -0.044452280 0.001379907 0.998970628
1785157945088992000.000000 -0.007654585 0.008213550 0.196186110 -0.008669438 -0.047755890 0.001297536 0.998820603
1785157945120878080.000000 -0.008615147 0.008701099 0.205580607 -0.008100920 -0.053346843 0.001470476 0.998542130
1785157945152847104.000000 -0.009739226 0.009144104 0.215794623 -0.007121019 -0.059542958 0.001380249 0.998199403
1785157945180922880.000000 -0.010868880 0.009479762 0.223153427 -0.006205520 -0.064230792 0.001203856 0.997915089
1785157945212907008.000000 -0.012096874 0.009893230 0.232951701 -0.005792628 -0.070850685 0.001971728 0.997468174
1785157945236901888.000000 -0.013105705 0.010154811 0.240369484 -0.006401432 -0.075670950 0.002534339 0.997109115
1785157945268861952.000000 -0.014857952 0.010564541 0.250233889 -0.007156136 -0.082049675 0.002659246 0.996599078
1785157945296937984.000000 -0.016093580 0.010882905 0.257507682 -0.007471994 -0.087752275 0.003287222 0.996108890
1785157945328943872.000000 -0.017932523 0.011331690 0.267406970 -0.007066949 -0.095744677 0.003665221 0.995374143
1785157945353126144.000000 -0.019333683 0.011598913 0.274834156 -0.006949626 -0.102292567 0.004071536 0.994721830
1785157945384877056.000000 -0.021380180 0.011972226 0.284303010 -0.006758772 -0.111673146 0.004929833 0.993709803
1785157945412942848.000000 -0.023144910 0.012383548 0.291847825 -0.006626321 -0.118959047 0.005152909 0.992863715
1785157945444946176.000000 -0.025709566 0.012766056 0.301252961 -0.007186229 -0.129183412 0.005680510 0.991578400
1785157945468910848.000000 -0.027763510 0.013069255 0.308815509 -0.007981014 -0.137192756 0.005965239 0.990494251
1785157945500901888.000000 -0.030467318 0.013424166 0.318313837 -0.009625127 -0.148381546 0.006549753 0.988861680
1785157945529110016.000000 -0.032663655 0.013728558 0.325483203 -0.010998231 -0.157616794 0.007116912 0.987413526
1785157945560965888.000000 -0.035927501 0.014245783 0.334763527 -0.011384980 -0.170423478 0.007357975 0.985277712
1785157945592922880.000000 -0.039285634 0.014692767 0.344507545 -0.008900534 -0.184198737 0.008307040 0.982813656
1785157945617049088.000000 -0.042172723 0.015104988 0.351135075 -0.008104539 -0.194988534 0.008603601 0.980734289
1785157945645030912.000000 -0.045170151 0.015447421 0.357779264 -0.008543642 -0.206392467 0.008239331 0.978397310
1785157945677015040.000000 -0.049164973 0.015769763 0.366743803 -0.008772292 -0.222212493 0.008977298 0.974917531
1785157945708944128.000000 -0.053640857 0.016233569 0.375664979 -0.007627171 -0.238495916 0.009478346 0.971067309
1785157945740950016.000000 -0.058219928 0.016549142 0.384008646 -0.006659631 -0.255451113 0.010387537 0.966743231
1785157945768961792.000000 -0.061835416 0.016665265 0.390251517 -0.006122931 -0.268764168 0.011343279 0.963119805
1785157945793307136.000000 -0.065959036 0.017310800 0.397192955 -0.005625154 -0.282301277 0.011984603 0.959234476
1785157945824982016.000000 -0.071282864 0.017291527 0.404615521 -0.006411933 -0.300071985 0.012321965 0.953815460
1785157945861038848.000000 -0.076721892 0.017767427 0.412545502 -0.006677351 -0.318588704 0.012645459 0.947785199
1785157945884998912.000000 -0.081282660 0.018046781 0.418211460 -0.005880358 -0.331932485 0.012719182 0.943199098
1785157945909040896.000000 -0.085851222 0.018130403 0.423718870 -0.005382386 -0.345712245 0.013353208 0.938230157
1785157945940983040.000000 -0.092357829 0.018378908 0.431204915 -0.004954958 -0.364494473 0.014077227 0.931086004
1785157945977000960.000000 -0.099238500 0.018670078 0.438134253 -0.004872798 -0.383360982 0.014759738 0.923467815
1785157946001024000.000000 -0.104386516 0.018825265 0.442981303 -0.004701406 -0.397166550 0.015199833 0.917608678
1785157946032967936.000000 -0.111343801 0.019105680 0.449434757 -0.004631029 -0.415334225 0.016094469 0.909514725
1785157946057005056.000000 -0.117233366 0.019420994 0.454332888 -0.004759996 -0.428423792 0.016206661 0.903420091
1785157946093009920.000000 -0.124468774 0.019680869 0.460189402 -0.005165968 -0.445456624 0.015958210 0.895146430
1785157946117025024.000000 -0.130676001 0.019795025 0.464615941 -0.005425512 -0.457735687 0.015470577 0.888937235
1785157946148994048.000000 -0.139245734 0.020168778 0.470374763 -0.005554517 -0.473758996 0.015512936 0.880500376
1785157946173027072.000000 -0.145285606 0.020373816 0.474274695 -0.005559336 -0.485480100 0.016263839 0.874078751
1785157946209076992.000000 -0.153647333 0.020496231 0.479379833 -0.004902693 -0.500243008 0.017080853 0.865702748
1785157946233030912.000000 -0.159765422 0.020469034 0.482840538 -0.004448813 -0.510525525 0.018149957 0.859659553
1785157946264993792.000000 -0.168388441 0.020639069 0.487255067 -0.003344927 -0.523202837 0.019259857 0.851983964
1785157946289035008.000000 -0.175163329 0.020842616 0.490667582 -0.002807737 -0.531965792 0.018832268 0.846551776
1785157946325030144.000000 -0.183839813 0.020965293 0.494570673 -0.002929430 -0.543229461 0.018250505 0.839380860
1785157946349040896.000000 -0.190805763 0.021251498 0.497598767 -0.002057003 -0.551172256 0.018804563 0.834177017
1785157946381026048.000000 -0.199386597 0.021223154 0.501236081 -0.000821999 -0.561625719 0.020031834 0.827148557
1785157946405347072.000000 -0.206501514 0.021502256 0.503866255 -0.000343591 -0.569078147 0.019915521 0.822042227
1785157946441030144.000000 -0.215630293 0.021437114 0.507037878 -0.001133429 -0.578410149 0.019679883 0.815507889
1785157946465051904.000000 -0.222463340 0.021648571 0.509359598 -0.000702639 -0.584609091 0.019867595 0.811071515
1785157946497021952.000000 -0.231699154 0.021527909 0.512176156 -0.000090383 -0.591924846 0.020967368 0.805720448
1785157946521105152.000000 -0.238767534 0.021742124 0.514363587 0.000473271 -0.596860170 0.021716835 0.802051187
1785157946557039104.000000 -0.247653857 0.021638304 0.516928077 0.000765827 -0.603191257 0.021048110 0.797318459
1785157946581104128.000000 -0.254424751 0.021599863 0.518604636 0.000794628 -0.607781649 0.020505259 0.793839037
1785157946613032960.000000 -0.263529211 0.021706203 0.521025777 0.001950244 -0.613254905 0.020743590 0.789610326
1785157946637176064.000000 -0.270727992 0.021774307 0.522833586 0.001558175 -0.617818177 0.021545315 0.786024213
1785157946665230080.000000 -0.277258426 0.021760713 0.524372101 0.001098427 -0.621726453 0.020974398 0.782952845
1785157946697082880.000000 -0.286228091 0.021799408 0.526487887 0.001159594 -0.626660109 0.021202935 0.779003441
1785157946729069824.000000 -0.295007169 0.021697940 0.528129756 0.000534058 -0.630394399 0.021006133 0.775990605
1785157946753038848.000000 -0.301378250 0.021634106 0.529502392 -0.000031928 -0.632997513 0.019874442 0.773898721
1785157946781366016.000000 -0.307278126 0.021638226 0.530473888 0.000165960 -0.635764003 0.020067528 0.771622598
1785157946813090048.000000 -0.315556675 0.021733239 0.532085299 0.000170218 -0.640215516 0.020190943 0.767929912
1785157946845073920.000000 -0.323046833 0.021693552 0.533433437 0.000598440 -0.644175410 0.020534284 0.764601946
1785157946869064960.000000 -0.328228593 0.021674965 0.534247398 0.001048849 -0.646866679 0.020860938 0.762317061
1785157946897357056.000000 -0.333304614 0.021649309 0.535051346 0.000752994 -0.649424911 0.020677609 0.760144174
1785157946929110016.000000 -0.339704901 0.021695450 0.535950422 0.001073658 -0.652764082 0.020976027 0.757270098
1785157946961069056.000000 -0.345922291 0.021777291 0.536802292 0.000982366 -0.654962659 0.020938998 0.755370557
1785157946985067008.000000 -0.350001931 0.021706838 0.537343979 0.000537177 -0.656071663 0.020439396 0.754421651
1785157947013332992.000000 -0.353999197 0.021673033 0.537862062 0.000703163 -0.657218039 0.020581273 0.753419220
1785157947045167872.000000 -0.358736336 0.021650691 0.538493752 -0.000167313 -0.658411980 0.020437108 0.752380192
1785157947077088000.000000 -0.363934577 0.021664083 0.539118350 -0.000483236 -0.660258293 0.020300912 0.750764132
1785157947101080832.000000 -0.367221892 0.021688201 0.539468527 -0.001073208 -0.661875904 0.019892214 0.749348760
1785157947129428992.000000 -0.370467931 0.021706928 0.539744258 -0.000685936 -0.663281262 0.020155532 0.748098433
1785157947161129984.000000 -0.373822987 0.021590017 0.540341437 -0.000355889 -0.665197253 0.019990385 0.746400058
1785157947193097984.000000 -0.377733409 0.021678885 0.540603638 -0.000320985 -0.666963935 0.020173615 0.744816780
1785157947217085952.000000 -0.380218625 0.021619497 0.540852249 -0.000117306 -0.667824268 0.020189198 0.744045198
1785157947245132032.000000 -0.382510483 0.021647226 0.540936470 0.000289370 -0.668548822 0.020290397 0.743391454
1785157947277143040.000000 -0.385580301 0.021590993 0.541313291 0.000378545 -0.668793261 0.020244414 0.743172646
1785157947301286912.000000 -0.387731761 0.021699283 0.541636169 0.000060310 -0.669330180 0.020283950 0.742688179
1785157947333095936.000000 -0.390303254 0.021770325 0.541866183 -0.000378327 -0.671309590 0.020399449 0.740896225
1785157947361154048.000000 -0.392313421 0.021791141 0.542007923 0.000788389 -0.672226548 0.020942954 0.740048826
1785157947385297920.000000 -0.394001693 0.021702709 0.542118132 0.001604585 -0.672284842 0.020903723 0.739995658
1785157947417124096.000000 -0.396265805 0.021743178 0.542395592 0.000555063 -0.672375083 0.020755408 0.739919364
1785157947449127936.000000 -0.398297668 0.021769296 0.542540908 0.001356067 -0.672979951 0.021389384 0.739350140
1785157947477143040.000000 -0.399820477 0.021749156 0.542768180 0.001741379 -0.673090100 0.021569226 0.739243865
1785157947501168896.000000 -0.401537716 0.021842383 0.542762578 0.001731212 -0.672624111 0.021437224 0.739671826
1785157947533134848.000000 -0.403433740 0.021729322 0.543092906 -0.000078430 -0.672834516 0.020803345 0.739500463
1785157947557131008.000000 -0.405072391 0.021799512 0.543182254 -0.000390390 -0.673988342 0.020780116 0.738449574
1785157947585381120.000000 -0.406771302 0.021789849 0.543318450 0.000199787 -0.675676763 0.020843243 0.736903310
1785157947617180160.000000 -0.408273995 0.021812465 0.543451786 0.001090316 -0.678048909 0.021193493 0.734710455
1785157947641388032.000000 -0.409337759 0.021816434 0.543476820 0.000974643 -0.678465307 0.021301884 0.734322965
1785157947673136896.000000 -0.410724044 0.021849865 0.543690741 0.000603841 -0.677276433 0.021407144 0.735416889
1785157947701189888.000000 -0.411837727 0.021797817 0.543685615 0.000756495 -0.675763130 0.021324791 0.736809969
1785157947733194240.000000 -0.413418859 0.021782212 0.543887615 0.000872612 -0.674857974 0.021400023 0.737636745
1785157947757168128.000000 -0.414397508 0.021821873 0.544002891 0.000747286 -0.674784958 0.021436878 0.737702608
1785157947789142016.000000 -0.415829688 0.021886237 0.543954968 0.000958925 -0.675681174 0.021424312 0.736882031
1785157947817198080.000000 -0.416976422 0.021842247 0.544098020 0.000404231 -0.676512122 0.021401132 0.736120403
1785157947841170944.000000 -0.417583436 0.021842690 0.544271946 0.000386707 -0.677416801 0.021466628 0.735286057
1785157947873174016.000000 -0.418837667 0.021766730 0.544364691 0.000383691 -0.678142250 0.021489684 0.734616339
1785157947897367040.000000 -0.419791967 0.021811057 0.544315577 0.000936288 -0.678123653 0.021538520 0.734631598
1785157947925411072.000000 -0.420636952 0.021791734 0.544357300 0.000957931 -0.677795649 0.021604972 0.734932244
1785157947957186816.000000 -0.421675056 0.021808531 0.544505358 0.000506648 -0.677394271 0.021450868 0.735307157
1785157947981360896.000000 -0.422888786 0.021894038 0.544490218 0.000699751 -0.677306116 0.021639265 0.735382736
1785157948013175040.000000 -0.424082816 0.021868832 0.544416904 0.000760193 -0.677057683 0.021528432 0.735614657
1785157948041225984.000000 -0.424682558 0.021790043 0.544580102 0.000565576 -0.677080393 0.021392526 0.735597849
1785157948065427968.000000 -0.425406486 0.021770952 0.544751346 0.000189833 -0.677573204 0.021471716 0.735141873
1785157948097209088.000000 -0.426232636 0.021659713 0.544865012 0.000343934 -0.677946329 0.021355297 0.734801114
1785157948129185024.000000 -0.427583396 0.021675451 0.544879794 0.000668523 -0.678168118 0.021581521 0.734589577
1785157948157218816.000000 -0.428256631 0.021667555 0.544996917 0.000204548 -0.678135097 0.021350751 0.734627128
1785157948181211904.000000 -0.429000080 0.021726962 0.545095563 -0.000258356 -0.678205132 0.021293586 0.734564066
1785157948213211904.000000 -0.429964274 0.021687414 0.544949532 0.000323734 -0.678987682 0.021403160 0.733837605
1785157948237196800.000000 -0.430829346 0.021656055 0.544973910 0.000922219 -0.679644167 0.021544758 0.733224988
1785157948265255936.000000 -0.431449890 0.021796176 0.545091987 0.001180639 -0.679754317 0.021976613 0.733109713
1785157948297221888.000000 -0.432393849 0.021721765 0.545122623 0.001015614 -0.679156005 0.021899272 0.733666599
1785157948321243136.000000 -0.432755917 0.021653969 0.545286894 0.000038659 -0.678663731 0.021176053 0.734143794
1785157948353200896.000000 -0.433631569 0.021666054 0.545343280 -0.000451046 -0.678731501 0.021094974 0.734083354
1785157948381252096.000000 -0.434460461 0.021706177 0.545400500 0.000290566 -0.679074705 0.021799525 0.733745337
1785157948405271040.000000 -0.434970289 0.021678673 0.545441628 0.001187041 -0.679150224 0.022433881 0.733655512
1785157948437239040.000000 -0.435744673 0.021653155 0.545489669 0.001183091 -0.678797066 0.022340653 0.733985066
1785157948461259008.000000 -0.436356485 0.021677729 0.545467496 0.000068272 -0.678831577 0.021494808 0.733979404
1785157948497275136.000000 -0.437162280 0.021658424 0.545583963 -0.000411943 -0.679320872 0.021421354 0.733528554
1785157948521280000.000000 -0.437945187 0.021687776 0.545518398 0.000196791 -0.680067062 0.021849971 0.732824326
1785157948545437184.000000 -0.438517779 0.021768667 0.545541823 0.000506741 -0.680466354 0.021922685 0.732451141
1785157948577272064.000000 -0.439529657 0.021813340 0.545636654 0.000197293 -0.680660009 0.021698672 0.732277989
1785157948605295872.000000 -0.439967722 0.021857053 0.545665503 -0.000669066 -0.680871785 0.021478469 0.732087374
1785157948637299968.000000 -0.440545231 0.021647472 0.545810759 -0.000349514 -0.681624949 0.021337451 0.731390476
1785157948661293056.000000 -0.441294253 0.021723364 0.545828104 0.000231427 -0.681944728 0.021872967 0.731076539
1785157948693270016.000000 -0.442228705 0.021705396 0.545786381 0.000826662 -0.681711078 0.022344088 0.731279790
1785157948721307136.000000 -0.442977428 0.021810289 0.545760036 0.000876577 -0.681362450 0.022539692 0.731598616
1785157948745585920.000000 -0.443569809 0.021786833 0.545969963 0.000210966 -0.681072414 0.021960840 0.731886625
1785157948777347072.000000 -0.444440246 0.021719325 0.545927525 -0.000978110 -0.681017876 0.021068592 0.731962979
1785157948809271040.000000 -0.445271879 0.021696303 0.546096563 0.000112435 -0.681418896 0.021938056 0.731564879
1785157948837336064.000000 -0.445778549 0.021735534 0.545961618 0.000820871 -0.681324184 0.022274617 0.731642425
1785157948861318144.000000 -0.446688056 0.021685623 0.546048582 0.000828996 -0.681438863 0.022260683 0.731536031
1785157948893292800.000000 -0.447486103 0.021818168 0.546262145 -0.000261860 -0.682374477 0.021972388 0.730672538
1785157948917305856.000000 -0.448313892 0.021762293 0.546319783 -0.001116325 -0.682695925 0.021279193 0.730391860
1785157948953351936.000000 -0.449223876 0.021765111 0.546409369 -0.001107759 -0.682959914 0.021475019 0.730139315
1785157948977318144.000000 -0.449935138 0.021742802 0.546328306 -0.000511548 -0.683013499 0.021724876 0.730082512
1785157949001316096.000000 -0.450461388 0.021699833 0.546375632 -0.000507377 -0.683375239 0.021492472 0.729750812
1785157949033318912.000000 -0.451313972 0.021747660 0.546423972 -0.000442735 -0.683523953 0.021769986 0.729603291
1785157949057372160.000000 -0.451897293 0.021766553 0.546431661 -0.000040581 -0.683275580 0.021973627 0.729829907
1785157949085392896.000000 -0.452602684 0.021705512 0.546427906 -0.000099135 -0.682894170 0.021692019 0.730195284
1785157949117325056.000000 -0.453439385 0.021605857 0.546660423 -0.000525946 -0.683244228 0.021485223 0.729873598
1785157949141551104.000000 -0.454185367 0.021796446 0.546536088 -0.000650977 -0.683452487 0.021504104 0.729677916
1785157949177346048.000000 -0.454759002 0.021766376 0.546700716 -0.000482595 -0.684144437 0.021678273 0.729024231
1785157949201360896.000000 -0.455542356 0.021767743 0.546529055 -0.000622588 -0.684192121 0.021646582 0.728980303
1785157949225629184.000000 -0.455740988 0.021696720 0.546743274 -0.000767411 -0.684790194 0.021565981 0.728420794
1785157949257342976.000000 -0.456884027 0.021788802 0.546790481 0.000049404 -0.685184240 0.022378588 0.728025973
1785157949281478912.000000 -0.457435399 0.021790419 0.546806514 0.000752020 -0.684793651 0.022699511 0.728383124
1785157949309541888.000000 -0.458023608 0.021762976 0.546801031 0.000474868 -0.684072852 0.022505568 0.729066312
1785157949341389056.000000 -0.458797932 0.021742351 0.546864629 -0.000470924 -0.684073150 0.021661820 0.729091585
1785157949373356032.000000 -0.459654003 0.021629458 0.547003031 -0.000297978 -0.684645295 0.021923713 0.728546619
1785157949397370112.000000 -0.460194677 0.021654535 0.546957850 0.000046104 -0.684488535 0.021945683 0.728693247
1785157949425390080.000000 -0.460964769 0.021740172 0.546900272 0.000095967 -0.684697807 0.022152020 0.728490353
1785157949457369088.000000 -0.461901397 0.021698054 0.547084630 -0.000226065 -0.685135305 0.022134481 0.728079498
1785157949481366016.000000 -0.462242007 0.021582931 0.547130823 -0.000650729 -0.685403407 0.021878302 0.727834582
1785157949513353984.000000 -0.463141471 0.021629389 0.547183096 0.000368825 -0.685195386 0.022470482 0.728012562
1785157949541400064.000000 -0.463722289 0.021650111 0.547222018 -0.000013651 -0.685463786 0.022142433 0.727769971
1785157949565404928.000000 -0.464050084 0.021792550 0.547291040 -0.001074002 -0.688147545 0.022082562 0.725233853
1785157949597374976.000000 -0.464490414 0.021850035 0.547358990 -0.000641864 -0.691811740 0.022674443 0.721721590
1785157949621387008.000000 -0.464563221 0.021692619 0.547165871 0.000218287 -0.694310665 0.022713074 0.719317019
1785157949649413120.000000 -0.464761645 0.021791078 0.547086000 0.000291378 -0.696242392 0.022764422 0.717445731
1785157949681412096.000000 -0.465227932 0.021785758 0.547109246 -0.000191550 -0.698571563 0.022811919 0.715176463
1785157949705390848.000000 -0.465255499 0.021829188 0.547190070 -0.000990714 -0.698502064 0.022468692 0.715254545
1785157949737364992.000000 -0.465188384 0.021828730 0.547219157 -0.000693645 -0.698714435 0.022889730 0.715034127
1785157949765413888.000000 -0.464938164 0.021680852 0.547139406 -0.000494938 -0.698301136 0.022620736 0.715446472
1785157949789448960.000000 -0.465779871 0.021787096 0.547175527 -0.000673418 -0.698343933 0.022701560 0.715401947
1785157949821396224.000000 -0.465612561 0.021756340 0.547193885 -0.001072785 -0.698387146 0.022612575 0.715362191
1785157949845490944.000000 -0.465687543 0.021763738 0.547189713 -0.001054690 -0.698442578 0.022587206 0.715308845
1785157949873713920.000000 -0.465820968 0.021820556 0.547132134 -0.000799357 -0.698454022 0.022755845 0.715292692
1785157949905442048.000000 -0.465713412 0.021744601 0.547181010 -0.000776710 -0.698405147 0.022729117 0.715341210
1785157949937401088.000000 -0.465758801 0.021659678 0.547198057 -0.000969284 -0.698484778 0.022502057 0.715270460
1785157949961394944.000000 -0.465521872 0.021709921 0.547249794 -0.000875457 -0.698467910 0.022693429 0.715281010
1785157949989449984.000000 -0.465843767 0.021773193 0.547194481 -0.000736241 -0.698476553 0.022838166 0.715268075
1785157950021451008.000000 -0.465859056 0.021760393 0.547199249 -0.000840302 -0.698551655 0.022621371 0.715201557
1785157950045434112.000000 -0.465755671 0.021829417 0.547262847 -0.000875127 -0.698600888 0.022699730 0.715150952
1785157950077403136.000000 -0.465809941 0.021834817 0.547288895 -0.000795308 -0.698598921 0.022898855 0.715146601
1785157950105443840.000000 -0.465796322 0.021812800 0.547263682 -0.000917811 -0.698574066 0.022817830 0.715173244
1785157950129442048.000000 -0.465786397 0.021820605 0.547223449 -0.000790582 -0.698543608 0.022649920 0.715208471
1785157950161433856.000000 -0.465865910 0.021808147 0.547102213 -0.000626379 -0.698443115 0.022647589 0.715306878
1785157950193432064.000000 -0.465756476 0.021770841 0.547201812 -0.000672466 -0.698489845 0.022658680 0.715260863
1785157950221470976.000000 -0.465882719 0.021780333 0.547227025 -0.000786717 -0.698555470 0.022714129 0.715194941
1785157950245480960.000000 -0.465957671 0.021857116 0.547149897 -0.000797802 -0.698507071 0.022709219 0.715242267
1785157950277460224.000000 -0.465903223 0.021812309 0.547197640 -0.000796823 -0.698514581 0.022687608 0.715235651
1785157950301440000.000000 -0.465920001 0.021829043 0.547204077 -0.000707734 -0.698505044 0.022673624 0.715245545
1785157950329507072.000000 -0.465936869 0.021832217 0.547120690 -0.000788482 -0.698469698 0.022716135 0.715278566
1785157950361490944.000000 -0.465642929 0.021857981 0.547152996 -0.001049551 -0.698425531 0.022532806 0.715327203
1785157950385485056.000000 -0.465501755 0.021778541 0.547155619 -0.001354324 -0.697890699 0.022096392 0.715862155
1785157950417447168.000000 -0.464753449 0.021724794 0.547082186 -0.001500041 -0.697132587 0.022029687 0.716602087
1785157950445494784.000000 -0.463739604 0.021660794 0.547060609 -0.001862714 -0.696638525 0.021781437 0.717089176
1785157950469476864.000000 -0.462684333 0.021678582 0.547194004 -0.002069509 -0.695817173 0.021588635 0.717891514
1785157950501470976.000000 -0.460920155 0.021771725 0.546999335 -0.001389655 -0.693234205 0.021594787 0.720387459
1785157950525465088.000000 -0.459210783 0.021594461 0.546951294 -0.000637420 -0.690855086 0.021479534 0.722673833
1785157950553620992.000000 -0.457352638 0.021636819 0.546939731 -0.000322012 -0.689121544 0.021419456 0.724329114
1785157950585516032.000000 -0.454914182 0.021633353 0.546834886 -0.000633479 -0.688017428 0.021381916 0.725378931
1785157950609509888.000000 -0.452687174 0.021758990 0.546763539 -0.000710065 -0.687717199 0.021461586 0.725661039
1785157950641475072.000000 -0.449922442 0.021827608 0.546506047 -0.001122102 -0.688244700 0.021384617 0.725162566
1785157950669529856.000000 -0.447580993 0.021795150 0.546413302 -0.001359282 -0.689286828 0.021117589 0.724179447
1785157950693510912.000000 -0.445085853 0.021701731 0.546217442 -0.001009069 -0.690185785 0.021220516 0.723320305
1785157950725505024.000000 -0.441953748 0.021810565 0.546088398 -0.000941702 -0.691598356 0.021202303 0.721970499
1785157950749507840.000000 -0.438904524 0.021751758 0.545891762 -0.000959091 -0.692657471 0.021362720 0.720949650
1785157950777537024.000000 -0.435833186 0.021771751 0.545836508 -0.000471149 -0.693289816 0.021590116 0.720335305
1785157950809506816.000000 -0.431558162 0.021816306 0.545740128 0.000620793 -0.693700552 0.022024199 0.719926476
1785157950833539072.000000 -0.428863794 0.021813508 0.545580268 0.000915284 -0.694764674 0.021920623 0.718902528
1785157950865495808.000000 -0.424285412 0.021915626 0.545522809 0.000014147 -0.696162283 0.021866895 0.717551410
1785157950893551104.000000 -0.419543266 0.021897463 0.545290470 0.000397523 -0.695777237 0.021819243 0.717926085
1785157950917562880.000000 -0.416807413 0.021933205 0.545295775 0.000726073 -0.695080519 0.021880312 0.718598604
1785157950949538048.000000 -0.410105646 0.021867290 0.545164585 -0.000006676 -0.694865227 0.021304566 0.718824387
1785157950973544960.000000 -0.407562166 0.021993600 0.544984937 -0.000513756 -0.695307434 0.021112304 0.718402147
1785157951009550080.000000 -0.400320649 0.021830413 0.544897437 -0.000330026 -0.696076870 0.020895656 0.717663169
1785157951033551104.000000 -0.395735800 0.021759199 0.544761896 -0.000236676 -0.696784317 0.020744806 0.716980696
1785157951057583104.000000 -0.390863657 0.021786120 0.544626832 0.000017444 -0.697702229 0.020678977 0.716089368
1785157951089547008.000000 -0.384400070 0.021761008 0.544494152 0.000336874 -0.698988318 0.020730833 0.714832544
1785157951113607936.000000 -0.379553795 0.021824211 0.544414759 0.000687184 -0.699618280 0.020821776 0.714213014
1785157951141840896.000000 -0.374333620 0.021826282 0.544280648 0.001312319 -0.699789822 0.021029660 0.714037955
1785157951173576192.000000 -0.367106616 0.021816105 0.544136822 0.002063742 -0.699710608 0.021423211 0.714102149
1785157951197748992.000000 -0.361767620 0.021875288 0.544040442 0.002009119 -0.699820101 0.021685617 0.713987112
1785157951229576192.000000 -0.354170173 0.021870032 0.543952823 0.002022574 -0.699950933 0.021561336 0.713862538
1785157951257592832.000000 -0.347915530 0.021887483 0.543744206 0.002204297 -0.700344622 0.021556986 0.713476002
1785157951289572096.000000 -0.340025216 0.021938663 0.543759286 0.002526914 -0.700954676 0.021937432 0.712863982
1785157951313579008.000000 -0.334324539 0.021979341 0.543714345 0.002205381 -0.701769590 0.021650799 0.712071598
1785157951349586944.000000 -0.326597959 0.022000264 0.543683767 0.002510483 -0.702293992 0.021689918 0.711552203
1785157951373572096.000000 -0.320909202 0.022033719 0.543554544 0.003257558 -0.702480316 0.021618932 0.711367309
1785157951397892864.000000 -0.315189123 0.022092145 0.543506861 0.003896919 -0.702840328 0.021959690 0.710997999
1785157951429730048.000000 -0.307749033 0.022137381 0.543343902 0.005525623 -0.703171790 0.023401991 0.710613310
1785157951465601024.000000 -0.300978214 0.022149798 0.543352962 0.007811380 -0.702735066 0.025170121 0.710963368
1785157951489623040.000000 -0.296100527 0.022204097 0.543270290 0.007877168 -0.702072203 0.024982840 0.711623907
1785157951521584128.000000 -0.289558649 0.022207305 0.543399215 0.006795425 -0.700140238 0.024335844 0.713558137
1785157951545633024.000000 -0.285600722 0.022308525 0.543483377 0.006970061 -0.698889673 0.024490567 0.714776099
1785157951581624064.000000 -0.280547857 0.022201926 0.543353677 0.006952431 -0.698419392 0.024524378 0.715234637
1785157951605649920.000000 -0.277079940 0.022265937 0.543357015 0.007173182 -0.698595583 0.024852453 0.715049148
1785157951637601024.000000 -0.273287237 0.022205781 0.543418050 0.007490154 -0.698522270 0.025578219 0.715091765
1785157951661641984.000000 -0.270770192 0.022308405 0.543344855 0.007214506 -0.697781265 0.025355194 0.715825677
1785157951697647104.000000 -0.268073857 0.022400539 0.543457508 0.005222361 -0.698158443 0.023741243 0.715530515
1785157951721647104.000000 -0.266200662 0.022414932 0.543427825 0.005666939 -0.698684871 0.024400879 0.714990854
1785157951753609984.000000 -0.263563007 0.022377621 0.543248236 0.005546035 -0.699902415 0.024079144 0.713810921
1785157951777636096.000000 -0.262082338 0.022460289 0.543214560 0.004353154 -0.700826168 0.023281761 0.712938726
1785157951805660928.000000 -0.260696560 0.022474796 0.543300986 0.003563414 -0.700867057 0.023018576 0.712911606
1785157951837655040.000000 -0.258924663 0.022418568 0.543198586 0.004139672 -0.700238943 0.023228416 0.713518679
1785157951861696000.000000 -0.258027315 0.022551622 0.543189883 0.003746269 -0.700132728 0.022945857 0.713634193
1785157951893632768.000000 -0.256157935 0.022494931 0.543220639 0.003233948 -0.700644135 0.022039954 0.713163137
1785157951921669888.000000 -0.254685104 0.022428926 0.543057799 0.003794056 -0.701345563 0.022486528 0.712456584
1785157951953671936.000000 -0.253383338 0.022524893 0.543039620 0.004571456 -0.701930404 0.023156086 0.711854398
1785157951977821952.000000 -0.252532393 0.022524890 0.543135285 0.003965158 -0.702167928 0.022661000 0.711639702
1785157952009628160.000000 -0.251324683 0.022528855 0.543065131 0.003244603 -0.701756477 0.021868413 0.712073803
1785157952037688064.000000 -0.250566900 0.022523241 0.543065548 0.004021824 -0.701360464 0.022700761 0.712433934
1785157952069694976.000000 -0.249280065 0.022525169 0.543079615 0.003999157 -0.701513708 0.022197647 0.712298989
1785157952093932032.000000 -0.248545587 0.022544717 0.542986691 0.003231482 -0.701479495 0.021782750 0.712349415
1785157952125644032.000000 -0.247407913 0.022595281 0.543218553 0.003544050 -0.700974226 0.022321444 0.712828517
1785157952153703936.000000 -0.246566772 0.022584157 0.543099582 0.003503483 -0.700468004 0.022002222 0.713335991
1785157952185696000.000000 -0.245334059 0.022573350 0.543051124 0.003612734 -0.699904919 0.022129437 0.713883996
1785157952209833984.000000 -0.244500339 0.022658922 0.543127179 0.003437119 -0.699849367 0.022089908 0.713940620
1785157952241705984.000000 -0.243189365 0.022569813 0.543015122 0.003449721 -0.700044930 0.022033416 0.713750541
1785157952269712896.000000 -0.242287606 0.022579696 0.542958081 0.003396719 -0.700002551 0.021973779 0.713794112
1785157952301726976.000000 -0.240981370 0.022576872 0.542986572 0.003676665 -0.700004220 0.022180039 0.713784754
1785157952333689088.000000 -0.239571452 0.022599468 0.542898536 0.003649426 -0.700313866 0.022119900 0.713482976
1785157952357677056.000000 -0.238657773 0.022586491 0.542927921 0.003560619 -0.700446188 0.021960823 0.713358462
1785157952385715968.000000 -0.237950236 0.022636537 0.542916954 0.003424486 -0.700236678 0.022053741 0.713561893
1785157952417736960.000000 -0.236689895 0.022566859 0.542874932 0.003503751 -0.699890137 0.021927418 0.713905275
1785157952449704960.000000 -0.235756427 0.022638341 0.543037951 0.003369563 -0.699511409 0.022008264 0.714274585
1785157952473722880.000000 -0.234585166 0.022571571 0.542830586 0.003556881 -0.699001431 0.021892108 0.714776337
1785157952502031104.000000 -0.233935326 0.022686608 0.542826295 0.003875667 -0.698822737 0.021963902 0.714947164
1785157952533754112.000000 -0.232755154 0.022675805 0.542746902 0.004056188 -0.698594391 0.021813350 0.715173900
1785157952565709056.000000 -0.231558204 0.022631988 0.542752743 0.003794246 -0.698590517 0.021614056 0.715185106
1785157952589868032.000000 -0.230884790 0.022733329 0.542727113 0.003692196 -0.698150873 0.021735484 0.715611160
1785157952617986816.000000 -0.230116755 0.022664048 0.542829812 0.003892534 -0.697424591 0.021656286 0.716320395
1785157952649755904.000000 -0.228832006 0.022721039 0.542752147 0.003835661 -0.696473181 0.021713091 0.717244089
1785157952681724928.000000 -0.227435559 0.022710007 0.542689443 0.003931045 -0.696277976 0.021611849 0.717436135
1785157952705935872.000000 -0.226485491 0.022602435 0.542603731 0.004178234 -0.696207523 0.021542210 0.717505217
1785157952733980928.000000 -0.225779682 0.022651412 0.542613029 0.004336071 -0.696288347 0.021594314 0.717424273
1785157952765774080.000000 -0.224461228 0.022592582 0.542544007 0.003723474 -0.696446538 0.021360369 0.717281103
1785157952797754880.000000 -0.223418385 0.022652365 0.542606831 0.003832181 -0.696627319 0.021449756 0.717102230
1785157952829756928.000000 -0.222319424 0.022681994 0.542586923 0.004164353 -0.696496964 0.021495322 0.717225730
1785157952857771008.000000 -0.221386433 0.022646625 0.542504966 0.004390610 -0.696319401 0.021595007 0.717393696
1785157952889748224.000000 -0.220219105 0.022668988 0.542449892 0.003643393 -0.696563423 0.021052105 0.717177033
1785157952913775872.000000 -0.219227105 0.022694327 0.542497516 0.003331112 -0.696741879 0.021047466 0.717005372
1785157952949779968.000000 -0.218228579 0.022665821 0.542425632 0.003577882 -0.696986914 0.021067981 0.716765344
1785157952973788928.000000 -0.217517853 0.022697773 0.542485833 0.003949515 -0.697467566 0.021300018 0.716288865
1785157953029793024.000000 -0.215425819 0.022724036 0.542422056 0.003464282 -0.698284805 0.021042008 0.715502381
1785157953065784064.000000 -0.214254260 0.022687960 0.542385042 0.004049895 -0.698484838 0.021503212 0.715290368
1785157953089809920.000000 -0.213461310 0.022666235 0.542392790 0.003714761 -0.698902607 0.021111354 0.714895606
1785157953121774848.000000 -0.212338716 0.022707123 0.542458296 0.003442967 -0.698855937 0.021245116 0.714938581
1785157953145804032.000000 -0.211619079 0.022676814 0.542472839 0.003016602 -0.698817968 0.021097444 0.714982033
1785157953181814784.000000 -0.210384160 0.022662632 0.542379260 0.003243822 -0.698547065 0.021110853 0.715245366
1785157953205826048.000000 -0.209868550 0.022734568 0.542530477 0.003065029 -0.698772550 0.021030122 0.715028167
1785157953237788928.000000 -0.208640754 0.022669710 0.542512417 0.003758061 -0.698952496 0.021955119 0.714821160
1785157953261804032.000000 -0.208170503 0.022664782 0.542414188 0.006893740 -0.698643923 0.024530668 0.715015650
1785157953297831936.000000 -0.208190501 0.022699669 0.542407751 0.006647295 -0.698083639 0.023709880 0.715592682
1785157953321829120.000000 -0.208444029 0.022676960 0.542346716 0.004675946 -0.697933495 0.022357590 0.715798318
1785157953353799936.000000 -0.209349871 0.022685513 0.542599499 0.003033591 -0.697627723 0.021394096 0.716134548
1785157953377847040.000000 -0.209486693 0.022604425 0.542381465 0.001476164 -0.698082328 0.020159151 0.715732157
1785157953437843200.000000 -0.209822446 0.022666659 0.542333543 0.003603412 -0.699809551 0.021260181 0.714003921
1785157953469822976.000000 -0.209894449 0.022709573 0.542342782 0.003710819 -0.700183272 0.021325763 0.713634968
1785157953494000896.000000 -0.209654689 0.022665303 0.542407513 0.003249758 -0.700009823 0.021292657 0.713808417
1785157953522012928.000000 -0.209775358 0.022639554 0.542366385 0.002830822 -0.699919701 0.020971933 0.713907957
1785157953553857024.000000 -0.209616929 0.022668278 0.542356670 0.003366941 -0.699990571 0.021188002 0.713829875
1785157953585827072.000000 -0.209956944 0.022678696 0.542430878 0.003381397 -0.699979722 0.021301584 0.713837028
1785157953609863936.000000 -0.209699810 0.022662841 0.542419851 0.003341744 -0.700001001 0.021310570 0.713816106
1785157953645874944.000000 -0.209773540 0.022739314 0.542404652 0.003172910 -0.701257110 0.021200363 0.712586105
1785157953669876992.000000 -0.209937811 0.022679230 0.542385340 0.003208273 -0.705416501 0.021403171 0.708462596
1785157953701841152.000000 -0.209829599 0.022650352 0.542280078 0.002885167 -0.715490520 0.021616964 0.698282003
1785157953726032896.000000 -0.209875792 0.022653844 0.542281985 0.002971062 -0.726194263 0.022044500 0.687129617
1785157953761869056.000000 -0.209331900 0.022682637 0.542973220 0.003198853 -0.745193064 0.022621954 0.666457295
1785157953785886976.000000 -0.210243642 0.022664635 0.541807652 0.003274574 -0.761713684 0.022788148 0.647504628
1785157953817856000.000000 -0.212233841 0.023125928 0.544030845 0.003832073 -0.787000775 0.024044404 0.616471469
1785157953842034944.000000 -0.210400581 0.022616386 0.541407406 0.004486145 -0.806138515 0.024283275 0.591211498
1785157953869906944.000000 -0.210495293 0.022489373 0.541124165 0.004326843 -0.826101482 0.025065176 0.562947154
1785157953901906944.000000 -0.208575368 0.021588201 0.545265853 0.003949797 -0.852588415 0.025774961 0.521932006
1785157953933868800.000000 -0.216028631 0.022881266 0.541891336 0.004801320 -0.875796974 0.027137255 0.481892288
1785157953958008064.000000 -0.236715138 0.025687914 0.528154254 0.010859773 -0.891533136 0.023863574 0.452196002
1785157953993905920.000000 -0.210719943 0.022341223 0.538955212 0.006004896 -0.910793185 0.026323274 0.411979198
1785157954018092032.000000 -0.208934546 0.022025036 0.540854156 0.004113086 -0.924502730 0.027514990 0.380158842
1785157954049900032.000000 -0.192476332 0.022486312 0.550239325 0.011898656 -0.938961327 0.020003045 0.343234658
1785157954049900032.000000 -0.192476332 0.022486312 0.550239325 0.011898656 -0.938961327 0.020003045 0.343234658
1785157954049900032.000000 -0.192476332 0.022486312 0.550239325 0.011898656 -0.938961327 0.020003045 0.343234658
1785157954049900032.000000 -0.192476332 0.022486312 0.550239325 0.011898656 -0.938961327 0.020003045 0.343234658
1785157954049900032.000000 -0.192476332 0.022486312 0.550239325 0.011898656 -0.938961327 0.020003045 0.343234658
1785157954049900032.000000 -0.192476332 0.022486312 0.550239325 0.011898656 -0.938961327 0.020003045 0.343234658
1785157954049900032.000000 -0.192476332 0.022486312 0.550239325 0.011898656 -0.938961327 0.020003045 0.343234658
1785157954049900032.000000 -0.192476332 0.022486312 0.550239325 0.011898656 -0.938961327 0.020003045 0.343234658
1785157954049900032.000000 -0.192476332 0.022486312 0.550239325 0.011898656 -0.938961327 0.020003045 0.343234658
1785157954049900032.000000 -0.192476332 0.022486312 0.550239325 0.011898656 -0.938961327 0.020003045 0.343234658
1785157954049900032.000000 -0.192476332 0.022486312 0.550239325 0.011898656 -0.938961327 0.020003045 0.343234658
1785157954049900032.000000 -0.192476332 0.022486312 0.550239325 0.011898656 -0.938961327 0.020003045 0.343234658
1785157954049900032.000000 -0.192476332 0.022486312 0.550239325 0.011898656 -0.938961327 0.020003045 0.343234658
1785157954049900032.000000 -0.192476332 0.022486312 0.550239325 0.011898656 -0.938961327 0.020003045 0.343234658
1785157954049900032.000000 -0.192476332 0.022486312 0.550239325 0.011898656 -0.938961327 0.020003045 0.343234658
1785157954049900032.000000 -0.192476332 0.022486312 0.550239325 0.011898656 -0.938961327 0.020003045 0.343234658
1785157954049900032.000000 -0.192476332 0.022486312 0.550239325 0.011898656 -0.938961327 0.020003045 0.343234658
1785157954049900032.000000 -0.192476332 0.022486312 0.550239325 0.011898656 -0.938961327 0.020003045 0.343234658
1785157954049900032.000000 -0.192476332 0.022486312 0.550239325 0.011898656 -0.938961327 0.020003045 0.343234658
1785157954049900032.000000 -0.192476332 0.022486312 0.550239325 0.011898656 -0.938961327 0.020003045 0.343234658
1785157954049900032.000000 -0.192476332 0.022486312 0.550239325 0.011898656 -0.938961327 0.020003045 0.343234658
1785157954049900032.000000 -0.192476332 0.022486312 0.550239325 0.011898656 -0.938961327 0.020003045 0.343234658
1785157954049900032.000000 -0.192476332 0.022486312 0.550239325 0.011898656 -0.938961327 0.020003045 0.343234658
1785157954049900032.000000 -0.192476332 0.022486312 0.550239325 0.011898656 -0.938961327 0.020003045 0.343234658
1785157954049900032.000000 -0.192476332 0.022486312 0.550239325 0.011898656 -0.938961327 0.020003045 0.343234658
1785157954049900032.000000 -0.192476332 0.022486312 0.550239325 0.011898656 -0.938961327 0.020003045 0.343234658
1785157954049900032.000000 -0.192476332 0.022486312 0.550239325 0.011898656 -0.938961327 0.020003045 0.343234658
1785157954049900032.000000 -0.192476332 0.022486312 0.550239325 0.011898656 -0.938961327 0.020003045 0.343234658
1785157954049900032.000000 -0.192476332 0.022486312 0.550239325 0.011898656 -0.938961327 0.020003045 0.343234658
1785157954049900032.000000 -0.192476332 0.022486312 0.550239325 0.011898656 -0.938961327 0.020003045 0.343234658
1785157954049900032.000000 -0.192476332 0.022486312 0.550239325 0.011898656 -0.938961327 0.020003045 0.343234658
1785157954049900032.000000 -0.192476332 0.022486312 0.550239325 0.011898656 -0.938961327 0.020003045 0.343234658
1785157954049900032.000000 -0.192476332 0.022486312 0.550239325 0.011898656 -0.938961327 0.020003045 0.343234658
1785157954049900032.000000 -0.192476332 0.022486312 0.550239325 0.011898656 -0.938961327 0.020003045 0.343234658
1785157954049900032.000000 -0.192476332 0.022486312 0.550239325 0.011898656 -0.938961327 0.020003045 0.343234658
1785157954049900032.000000 -0.192476332 0.022486312 0.550239325 0.011898656 -0.938961327 0.020003045 0.343234658
1785157954049900032.000000 -0.192476332 0.022486312 0.550239325 0.011898656 -0.938961327 0.020003045 0.343234658
1785157954049900032.000000 -0.192476332 0.022486312 0.550239325 0.011898656 -0.938961327 0.020003045 0.343234658
1785157954049900032.000000 -0.192476332 0.022486312 0.550239325 0.011898656 -0.938961327 0.020003045 0.343234658
1785157954049900032.000000 -0.192476332 0.022486312 0.550239325 0.011898656 -0.938961327 0.020003045 0.343234658
1785157954049900032.000000 -0.192476332 0.022486312 0.550239325 0.011898656 -0.938961327 0.020003045 0.343234658
1785157954049900032.000000 -0.192476332 0.022486312 0.550239325 0.011898656 -0.938961327 0.020003045 0.343234658
1785157954049900032.000000 -0.192476332 0.022486312 0.550239325 0.011898656 -0.938961327 0.020003045 0.343234658
1785157954049900032.000000 -0.192476332 0.022486312 0.550239325 0.011898656 -0.938961327 0.020003045 0.343234658
1785157954049900032.000000 -0.192476332 0.022486312 0.550239325 0.011898656 -0.938961327 0.020003045 0.343234658
1785157954049900032.000000 -0.192476332 0.022486312 0.550239325 0.011898656 -0.938961327 0.020003045 0.343234658
1785157954049900032.000000 -0.192476332 0.022486312 0.550239325 0.011898656 -0.938961327 0.020003045 0.343234658
1785157954049900032.000000 -0.192476332 0.022486312 0.550239325 0.011898656 -0.938961327 0.020003045 0.343234658
1785157954049900032.000000 -0.192476332 0.022486312 0.550239325 0.011898656 -0.938961327 0.020003045 0.343234658
1785157954049900032.000000 -0.192476332 0.022486312 0.550239325 0.011898656 -0.938961327 0.020003045 0.343234658
1785157954049900032.000000 -0.192476332 0.022486312 0.550239325 0.011898656 -0.938961327 0.020003045 0.343234658
1785157954049900032.000000 -0.192476332 0.022486312 0.550239325 0.011898656 -0.938961327 0.020003045 0.343234658
1785157954049900032.000000 -0.192476332 0.022486312 0.550239325 0.011898656 -0.938961327 0.020003045 0.343234658
1785157954049900032.000000 -0.192476332 0.022486312 0.550239325 0.011898656 -0.938961327 0.020003045 0.343234658
1785157954049900032.000000 -0.192476332 0.022486312 0.550239325 0.011898656 -0.938961327 0.020003045 0.343234658
1785157954049900032.000000 -0.192476332 0.022486312 0.550239325 0.011898656 -0.938961327 0.020003045 0.343234658
1785157954049900032.000000 -0.192476332 0.022486312 0.550239325 0.011898656 -0.938961327 0.020003045 0.343234658
1785157954049900032.000000 -0.192476332 0.022486312 0.550239325 0.011898656 -0.938961327 0.020003045 0.343234658
1785157954049900032.000000 -0.192476332 0.022486312 0.550239325 0.011898656 -0.938961327 0.020003045 0.343234658
1785157954049900032.000000 -0.192476332 0.022486312 0.550239325 0.011898656 -0.938961327 0.020003045 0.343234658
1785157954049900032.000000 -0.192476332 0.022486312 0.550239325 0.011898656 -0.938961327 0.020003045 0.343234658
1785157954049900032.000000 -0.192476332 0.022486312 0.550239325 0.011898656 -0.938961327 0.020003045 0.343234658
1785157954049900032.000000 -0.192476332 0.022486312 0.550239325 0.011898656 -0.938961327 0.020003045 0.343234658
1785157954049900032.000000 -0.192476332 0.022486312 0.550239325 0.011898656 -0.938961327 0.020003045 0.343234658
1785157954049900032.000000 -0.192476332 0.022486312 0.550239325 0.011898656 -0.938961327 0.020003045 0.343234658
1785157954049900032.000000 -0.192476332 0.022486312 0.550239325 0.011898656 -0.938961327 0.020003045 0.343234658
1785157954049900032.000000 -0.192476332 0.022486312 0.550239325 0.011898656 -0.938961327 0.020003045 0.343234658
1785157954049900032.000000 -0.192476332 0.022486312 0.550239325 0.011898656 -0.938961327 0.020003045 0.343234658
1785157954049900032.000000 -0.192476332 0.022486312 0.550239325 0.011898656 -0.938961327 0.020003045 0.343234658
1785157954049900032.000000 -0.192476332 0.022486312 0.550239325 0.011898656 -0.938961327 0.020003045 0.343234658
1785157954049900032.000000 -0.192476332 0.022486312 0.550239325 0.011898656 -0.938961327 0.020003045 0.343234658
1785157954049900032.000000 -0.192476332 0.022486312 0.550239325 0.011898656 -0.938961327 0.020003045 0.343234658
1785157954049900032.000000 -0.192476332 0.022486312 0.550239325 0.011898656 -0.938961327 0.020003045 0.343234658
1785157954049900032.000000 -0.192476332 0.022486312 0.550239325 0.011898656 -0.938961327 0.020003045 0.343234658
1785157954049900032.000000 -0.192476332 0.022486312 0.550239325 0.011898656 -0.938961327 0.020003045 0.343234658
1785157954049900032.000000 -0.192476332 0.022486312 0.550239325 0.011898656 -0.938961327 0.020003045 0.343234658
