1785155860044548096.000000 0.000000000 0.000000000 0.000000000 -0.000000000 -0.000000000 -0.000000000 1.000000000
1785155860216534016.000000 -0.000191774 0.001339680 0.039820947 0.000910085 0.000421990 0.000106718 0.999999523
1785155860424881920.000000 -0.000593084 0.003013150 0.092823364 0.001104036 -0.001469683 -0.001321219 0.999997437
1785155860456559872.000000 -0.000655250 0.003243571 0.101518333 0.001486736 -0.001116985 -0.001649089 0.999996901
1785155860516599808.000000 -0.000837652 0.003696483 0.116840772 0.001291772 -0.000424492 -0.002187268 0.999996722
1785155860580580096.000000 -0.000954573 0.004138551 0.134362429 0.002685641 -0.000192712 -0.002474078 0.999993324
1785155860640602112.000000 -0.000988176 0.004691496 0.149829015 0.003216153 0.000221742 -0.002208937 0.999992371
1785155860696604928.000000 -0.001120274 0.005269933 0.165284812 -0.000241982 0.000157176 -0.002974078 0.999995589
1785155860756634112.000000 -0.001337607 0.005903877 0.180904865 -0.003537414 -0.000323491 -0.004112676 0.999985218
1785155860820564992.000000 -0.001531729 0.006529045 0.198498055 -0.002443684 -0.001797547 -0.003992847 0.999987423
1785155860904832000.000000 -0.001684204 0.007241315 0.220517814 -0.003283617 -0.000616613 -0.003370675 0.999988735
1785155860996651008.000000 -0.001954180 0.008152132 0.244745508 -0.003561918 -0.001128809 -0.004532935 0.999982774
1785155861088663040.000000 -0.002087174 0.009086436 0.268847883 -0.004913959 -0.001167068 -0.003174175 0.999982238
1785155861176646912.000000 -0.002240222 0.009995170 0.292931885 -0.004439971 -0.000817171 -0.003795651 0.999982655
1785155861268637952.000000 -0.002351517 0.010869509 0.316673815 -0.003073459 -0.001218380 -0.003424299 0.999988675
1785155861392636160.000000 -0.002507593 0.012057510 0.349324763 -0.003012388 0.000442796 -0.003113537 0.999990523
1785155861508878080.000000 -0.002483897 0.013248999 0.379883945 -0.005239748 0.001420294 -0.001255412 0.999984503
1785155861632660992.000000 -0.002583173 0.014503819 0.412520289 -0.007950450 0.000629323 -0.002544319 0.999964952
1785155861748905984.000000 -0.002748345 0.015844498 0.442888469 -0.006282759 -0.000959577 -0.001928704 0.999977946
1785155861876740096.000000 -0.002996993 0.017139532 0.475411624 -0.004482694 -0.000406035 -0.002647590 0.999986351
1785155861992760832.000000 -0.003094059 0.018309092 0.505192578 -0.006732570 -0.000053509 -0.001019827 0.999976814
1785155862108798976.000000 -0.003258647 0.019260904 0.530117929 -0.006743014 0.005392605 -0.001836334 0.999961078
1785155862264779008.000000 -0.003377151 0.020362919 0.553223073 -0.004425137 -0.000923018 -0.002075265 0.999987662
1785155863036881920.000000 -0.003216104 0.021787766 0.593140602 -0.001577794 0.005501364 -0.002000631 0.999981642
1785155863700946944.000000 -0.003119251 0.022593543 0.614133418 -0.000315920 0.003183830 -0.001149715 0.999994218
1785155864152961024.000000 -0.003281164 0.022822633 0.625198007 0.000335373 0.001723763 -0.001265172 0.999997675
1785155864877060864.000000 -0.003111335 0.022677733 0.623336971 0.000527459 -0.007810425 -0.000590285 0.999969184
1785155865173038080.000000 -0.002830516 0.022285124 0.609865367 -0.001715779 -0.000552727 -0.000638402 0.999998212
1785155866137195008.000000 -0.002895663 0.021937473 0.595759749 -0.001685044 -0.030833419 -0.000703076 0.999522865
1785155866317186048.000000 -0.004774377 0.022007762 0.597227216 -0.000958537 -0.251873225 0.004372175 0.967749953
1785155866493245952.000000 -0.005838513 0.021633266 0.597940326 -0.000675826 -0.498322248 0.010467809 0.866928458
