1785155513469389824.000000 0.000000000 0.000000000 0.000000000 -0.000000000 -0.000000000 -0.000000000 1.000000000
1785155513785641984.000000 -0.000314804 0.001090238 0.040690381 0.002411164 -0.001710615 -0.001504023 0.999994516
1785155514001487872.000000 -0.000543891 0.001804096 0.068956792 0.003027205 -0.001536154 -0.001780113 0.999992669
1785155514081451776.000000 -0.000677961 0.001957064 0.079421617 0.003485842 -0.000610911 -0.002540771 0.999990523
1785155514141509888.000000 -0.000731719 0.002153908 0.086904965 0.003485329 -0.000976510 -0.002529765 0.999990284
1785155514205470208.000000 -0.000812505 0.002347811 0.095510125 0.004314103 -0.000707122 -0.002979232 0.999986053
1785155514381526016.000000 -0.001062928 0.002837275 0.117869742 0.004629079 -0.002038642 -0.003018714 0.999982655
1785155514581833984.000000 -0.001207337 0.003298136 0.143042892 0.006232696 -0.000840807 -0.003805709 0.999972999
1785155514705570048.000000 -0.001292694 0.003548496 0.158888862 0.008011614 -0.000392342 -0.003737047 0.999960840
1785155514821566976.000000 -0.001439568 0.003913823 0.173820391 0.006603029 -0.000255779 -0.003945759 0.999970376
1785155514937591040.000000 -0.001561553 0.004387896 0.188991562 0.002958315 -0.000956581 -0.004768106 0.999983847
1785155515109807104.000000 -0.001811875 0.004866370 0.211643189 0.001899698 -0.001136775 -0.005275799 0.999983609
1785155515261619200.000000 -0.001971238 0.005506283 0.231171861 0.001147035 -0.001561331 -0.005219642 0.999984503
1785155515409670144.000000 -0.002227873 0.005922723 0.250200123 0.000926844 -0.001012547 -0.005605603 0.999983370
1785155515549638144.000000 -0.002358854 0.006357840 0.268292606 0.002016077 -0.001003542 -0.005782431 0.999980748
1785155515757658880.000000 -0.002539477 0.007186529 0.295080632 0.000364863 -0.002318643 -0.004903612 0.999985218
1785155515933715968.000000 -0.002695510 0.007748120 0.317184865 0.000706104 -0.000299502 -0.005217024 0.999986112
1785155516137690112.000000 -0.002755712 0.008589868 0.343979061 0.000938110 -0.000693527 -0.004361324 0.999989808
1785155516377720064.000000 -0.002991312 0.009395023 0.374718279 0.001334642 -0.000351212 -0.004360711 0.999989569
1785155516585753856.000000 -0.003094389 0.010120136 0.401672333 -0.002138808 -0.001046556 -0.003078499 0.999992430
1785155516825990912.000000 -0.003438228 0.011094326 0.432597190 -0.002531046 -0.000492385 -0.004138107 0.999988139
1785155517066013184.000000 -0.003544452 0.012068385 0.463213503 -0.001349517 -0.001644344 -0.003699794 0.999990940
1785155517309896960.000000 -0.003726081 0.012986349 0.493785501 0.000331327 0.000101055 -0.003985348 0.999992013
1785155517581903872.000000 -0.003855741 0.014061784 0.528960407 -0.000847313 -0.001089989 -0.002897215 0.999994874
1785155517822014208.000000 -0.003914753 0.014818777 0.559913933 -0.001074227 -0.000389101 -0.002775120 0.999995470
1785155518129960960.000000 -0.004305713 0.016056387 0.598654926 0.003558527 -0.001059749 -0.003894972 0.999985516
1785155518426156032.000000 -0.004288549 0.016830958 0.627317607 0.003663185 -0.000607884 -0.001910667 0.999991298
1785155518758276864.000000 -0.004239113 0.017157728 0.638089001 0.005331010 0.006711512 -0.002552098 0.999960005
1785155519482465024.000000 -0.004337821 0.017099589 0.642787397 0.005699411 -0.000209868 -0.002421824 0.999980807
1785155520914256128.000000 -0.004005464 0.016527552 0.612976491 0.003015676 -0.023001505 -0.002339253 0.999728203
1785155521214333952.000000 -0.005466050 0.016586578 0.613409877 0.003824841 -0.230624378 0.001991376 0.973033309
1785155521546370048.000000 -0.005240992 0.016644038 0.613219857 0.003725456 -0.454231739 0.006013410 0.890855491
