1785155513785641984.000000 -0.000314804 0.001090238 0.040690377 0.002411164 -0.001710616 -0.001504023 0.999994516
1785155513933504000.000000 -0.000420547 0.001616673 0.060392592 0.002627599 -0.001844204 -0.001786377 0.999993265
1785155513965662976.000000 -0.000496425 0.001805246 0.064630240 0.002949561 -0.001800113 -0.001930783 0.999992192
1785155514001487872.000000 -0.000543891 0.001804096 0.068956785 0.003027205 -0.001536154 -0.001780113 0.999992669
1785155514025494016.000000 -0.000552896 0.001843329 0.072285675 0.003293114 -0.001177370 -0.002287519 0.999991298
1785155514057463040.000000 -0.000361384 0.001886875 0.077325828 0.003521616 -0.001068705 -0.001986689 0.999991298
1785155514081451776.000000 -0.000677961 0.001957064 0.079421617 0.003485842 -0.000610911 -0.002540771 0.999990523
1785155514117481984.000000 -0.000745781 0.002034280 0.083738171 0.003484807 -0.000841738 -0.002707296 0.999989986
1785155514141509888.000000 -0.000731719 0.002153908 0.086904965 0.003485329 -0.000976510 -0.002529765 0.999990284
1785155514173479936.000000 -0.000718173 0.002238089 0.091254279 0.003869668 -0.000999159 -0.002809623 0.999988079
1785155514205470208.000000 -0.000812505 0.002347811 0.095510125 0.004314103 -0.000707122 -0.002979232 0.999986053
1785155514233511936.000000 -0.000792235 0.002443926 0.098759249 0.004551352 -0.000892391 -0.002848475 0.999985218
1785155514257747968.000000 -0.000655001 0.002632024 0.102955878 0.004567366 -0.001731143 -0.002710685 0.999984443
1785155514289504000.000000 -0.000856843 0.002627693 0.106713288 0.004502704 -0.001997973 -0.002914897 0.999983668
1785155514321462016.000000 -0.000775180 0.002766772 0.111212537 0.004442135 -0.002110221 -0.002925811 0.999983668
1785155514349529856.000000 -0.000758215 0.002858148 0.114477068 0.004318094 -0.002374840 -0.003003317 0.999983370
1785155514381526016.000000 -0.001062928 0.002837275 0.117869750 0.004629079 -0.002038642 -0.003018714 0.999982655
1785155514405748992.000000 -0.001107812 0.002866555 0.121052891 0.005342354 -0.002126888 -0.003227050 0.999978304
1785155514437569024.000000 -0.000879596 0.003160901 0.126498491 0.005853241 -0.002492860 -0.003271056 0.999974430
1785155514465553920.000000 -0.001143501 0.003046124 0.128636464 0.005892855 -0.001775339 -0.003499289 0.999974966
1785155514497513984.000000 -0.001102594 0.003111065 0.132903412 0.006155820 -0.001368982 -0.003642116 0.999973536
1785155514529509120.000000 -0.001119205 0.003213578 0.137148499 0.006011526 -0.001044680 -0.003579641 0.999975026
1785155514553543168.000000 -0.001128988 0.003300457 0.140353903 0.005991761 -0.001010273 -0.003639245 0.999974966
1785155514581833984.000000 -0.001207337 0.003298136 0.143042877 0.006232696 -0.000840807 -0.003805709 0.999972999
1785155514613531136.000000 -0.001263373 0.003388357 0.147286549 0.006781461 -0.000633453 -0.004068589 0.999968588
1785155514645510912.000000 -0.001110231 0.003477205 0.152839854 0.007126202 -0.001103090 -0.003569792 0.999967635
1785155514673569024.000000 -0.001223220 0.003615602 0.155031845 0.007625647 -0.000562881 -0.003679235 0.999964058
1785155514705570048.000000 -0.001292694 0.003548497 0.158888862 0.008011614 -0.000392342 -0.003737047 0.999960840
1785155514729545216.000000 -0.001322151 0.003637826 0.162085712 0.008375838 -0.000319936 -0.003794398 0.999957681
1785155514761511168.000000 -0.001345397 0.003757697 0.166523710 0.008060779 -0.000650855 -0.003679295 0.999960542
1785155514789583872.000000 -0.001358539 0.003815011 0.169658318 0.007539700 -0.000681936 -0.003810738 0.999964118
1785155514821566976.000000 -0.001439568 0.003913823 0.173820376 0.006603029 -0.000255779 -0.003945759 0.999970376
1785155514845741056.000000 -0.001491526 0.004035310 0.177086651 0.005824842 -0.000100314 -0.004134840 0.999974489
1785155514877528832.000000 -0.001499783 0.004127271 0.181381881 0.004721043 -0.000439731 -0.004334400 0.999979377
1785155514905602816.000000 -0.001514063 0.004292824 0.184715196 0.004173440 -0.000705456 -0.004589295 0.999980569
1785155514937591040.000000 -0.001561553 0.004387895 0.188991576 0.002958315 -0.000956581 -0.004768106 0.999983847
1785155514969556992.000000 -0.001564631 0.004468988 0.193428978 0.001845323 -0.000974789 -0.004761233 0.999986529
1785155515021750016.000000 -0.001585291 0.004612571 0.199883521 0.001052820 -0.001394119 -0.004853092 0.999986708
1785155515053603840.000000 -0.001632475 0.004714865 0.204033151 0.001572041 -0.001602642 -0.005101225 0.999984503
1785155515085575168.000000 -0.001694783 0.004908014 0.208353326 0.001766342 -0.001404504 -0.005168830 0.999984086
1785155515109807104.000000 -0.001811875 0.004866370 0.211643189 0.001899698 -0.001136775 -0.005275799 0.999983609
1785155515145613056.000000 -0.001833028 0.005027904 0.215881318 0.002299583 -0.001184756 -0.005065565 0.999983847
1785155515169629184.000000 -0.001898562 0.005159723 0.219252512 0.002230825 -0.001339890 -0.005064080 0.999983788
1785155515201592064.000000 -0.001838432 0.005252402 0.223373845 0.002000954 -0.001540024 -0.004857385 0.999985039
1785155515233562880.000000 -0.001846230 0.005294180 0.227828145 0.001423292 -0.001662995 -0.004989499 0.999985158
1785155515261619200.000000 -0.001971238 0.005506283 0.231171861 0.001147035 -0.001561331 -0.005219642 0.999984503
1785155515285764864.000000 -0.002004849 0.005564957 0.234276399 0.000693329 -0.001744285 -0.005123901 0.999985099
1785155515317608192.000000 -0.002113629 0.005652898 0.238510996 0.000778741 -0.001586239 -0.005324404 0.999984324
1785155515349606912.000000 -0.002188156 0.005766595 0.242816299 0.000784283 -0.001439599 -0.005186036 0.999985218
1785155515377651968.000000 -0.002034778 0.005851011 0.245938241 0.000925366 -0.001325859 -0.005195241 0.999985218
1785155515409670144.000000 -0.002227873 0.005922723 0.250200123 0.000926844 -0.001012547 -0.005605603 0.999983370
1785155515433629952.000000 -0.002192245 0.006072356 0.253419697 0.001083207 -0.000857673 -0.005784390 0.999982357
1785155515465607936.000000 -0.002339308 0.006211583 0.257644057 0.001255001 -0.000709170 -0.005947470 0.999981344
1785155515493660928.000000 -0.002411564 0.006247494 0.260687679 0.001487041 -0.000640624 -0.006105562 0.999980092
1785155515525667072.000000 -0.002334152 0.006302757 0.265006214 0.001795068 -0.000806532 -0.005902592 0.999980628
1785155515549638144.000000 -0.002358853 0.006357840 0.268292636 0.002016077 -0.001003542 -0.005782431 0.999980748
1785155515581620992.000000 -0.002303862 0.006555476 0.272790253 0.001859128 -0.001261833 -0.005339012 0.999983251
1785155515609675776.000000 -0.002341888 0.006677238 0.275958687 0.001552114 -0.001233357 -0.005254470 0.999984264
1785155515641655808.000000 -0.002355600 0.006724030 0.280162036 0.000435966 -0.001485629 -0.005196914 0.999985337
1785155515665872128.000000 -0.002415377 0.006812963 0.283391863 -0.000055851 -0.001603801 -0.004912868 0.999986649
1785155515701713920.000000 -0.002418357 0.007038492 0.287888467 0.000097697 -0.002320760 -0.004726944 0.999986172
1785155515725844992.000000 -0.002454410 0.007034582 0.290926695 0.000451499 -0.002617283 -0.004946972 0.999984264
1785155515757658880.000000 -0.002539477 0.007186529 0.295080662 0.000364863 -0.002318643 -0.004903612 0.999985218
1785155515789633024.000000 -0.002590768 0.007337028 0.299450725 0.000175282 -0.001542367 -0.004780496 0.999987423
1785155515817726976.000000 -0.002627091 0.007411248 0.302632689 0.000233261 -0.001140921 -0.004842422 0.999987662
1785155515849700096.000000 -0.002552130 0.007551881 0.306858987 0.000473081 -0.001129505 -0.004967758 0.999986947
1785155515873687040.000000 -0.002632738 0.007666474 0.310094595 0.000581872 -0.001062804 -0.005015959 0.999986768
1785155515905658112.000000 -0.002698635 0.007769030 0.314267725 0.000581034 -0.000731811 -0.005177085 0.999986231
1785155515933715968.000000 -0.002695510 0.007748120 0.317184895 0.000706104 -0.000299502 -0.005217024 0.999986112
1785155515965722112.000000 -0.002701830 0.007886011 0.321450293 0.001195902 0.000256115 -0.005360244 0.999984920
1785155515989846016.000000 -0.002769680 0.007994573 0.324735522 0.001411158 0.000562789 -0.005341211 0.999984622
1785155516021671936.000000 -0.002719079 0.008152033 0.328950167 0.001661202 0.000297715 -0.005120200 0.999985516
1785155516049801984.000000 -0.002699074 0.008241573 0.332222521 0.001432717 -0.000013060 -0.005095492 0.999986053
1785155516081732864.000000 -0.002814668 0.008271317 0.336305618 0.001192269 -0.000197996 -0.005060993 0.999986470
1785155516113704960.000000 -0.002625954 0.008435322 0.340708017 0.000714805 -0.000898341 -0.004529762 0.999989152
1785155516137690112.000000 -0.002755712 0.008589868 0.343979031 0.000938110 -0.000693527 -0.004361324 0.999989808
1785155516173744896.000000 -0.002870033 0.008739734 0.348262578 0.001323871 -0.001014851 -0.004503082 0.999988496
1785155516197805824.000000 -0.002818208 0.008842754 0.351479799 0.001953769 -0.001323926 -0.004785120 0.999985814
1785155516229713920.000000 -0.002892221 0.009006199 0.355700284 0.002164074 -0.001003459 -0.004891567 0.999985218
1785155516261706240.000000 -0.002912213 0.009080751 0.359790474 0.002356538 -0.000738234 -0.004799052 0.999985516
1785155516289750016.000000 -0.002918876 0.009215136 0.362956971 0.002317525 -0.000453521 -0.004819565 0.999985635
1785155516314050048.000000 -0.002926993 0.009287312 0.366182923 0.002439233 -0.000422702 -0.004601922 0.999986351
1785155516345725952.000000 -0.002919319 0.009300266 0.370235860 0.001968067 -0.000355107 -0.004708330 0.999987006
1785155516377720064.000000 -0.002991312 0.009395023 0.374718279 0.001334642 -0.000351212 -0.004360711 0.999989569
1785155516405765120.000000 -0.003068073 0.009540020 0.377969623 0.000966342 -0.000058286 -0.004019939 0.999991536
1785155516429996032.000000 -0.003037405 0.009523250 0.381133288 0.000553178 0.000009512 -0.003929026 0.999992132
1785155516461803008.000000 -0.003078273 0.009630382 0.385405272 0.000161254 -0.000005082 -0.003820990 0.999992728
1785155516493771008.000000 -0.003139259 0.009795621 0.389889300 -0.000498541 -0.000157794 -0.003652106 0.999993265
1785155516529774848.000000 -0.003092673 0.009854165 0.394147396 -0.001579085 -0.000468873 -0.003210898 0.999993503
1785155516553807872.000000 -0.003068566 0.009980334 0.397493124 -0.001904919 -0.000777049 -0.003097147 0.999993145
1785155516585753856.000000 -0.003094389 0.010120136 0.401672363 -0.002138808 -0.001046556 -0.003078499 0.999992430
1785155516621786112.000000 -0.003092749 0.010301939 0.406033546 -0.002143586 -0.001046433 -0.003126586 0.999992311
1785155516645806080.000000 -0.003132343 0.010384792 0.409321338 -0.002124793 -0.000839156 -0.003028358 0.999992847
1785155516677769984.000000 -0.003155802 0.010573001 0.413544476 -0.001911218 -0.000552060 -0.003101660 0.999993265
1785155516709740032.000000 -0.003239130 0.010594551 0.417445362 -0.002043168 -0.000496639 -0.003705781 0.999991000
1785155516737812992.000000 -0.003262328 0.010892780 0.421005189 -0.002012731 -0.000390251 -0.003740989 0.999990880
1785155516769815040.000000 -0.003384521 0.010943978 0.425418884 -0.002276416 -0.000249132 -0.003934709 0.999989629
1785155516801785856.000000 -0.003435877 0.011003257 0.429310054 -0.002533990 -0.000314464 -0.004237592 0.999987781
1785155516825990912.000000 -0.003438229 0.011094325 0.432597160 -0.002531046 -0.000492385 -0.004138107 0.999988139
1785155516861826048.000000 -0.003366349 0.011243202 0.436744094 -0.002113642 -0.000498287 -0.004255261 0.999988675
1785155516886179072.000000 -0.003430957 0.011352207 0.439975411 -0.002069876 -0.000333841 -0.004494349 0.999987721
1785155516917808896.000000 -0.003411091 0.011427261 0.444033265 -0.002085631 -0.000456602 -0.004307755 0.999988496
1785155516949767168.000000 -0.003316391 0.011524852 0.448202729 -0.002124337 -0.000947848 -0.003951007 0.999989569
1785155516977848064.000000 -0.003452817 0.011654500 0.451549172 -0.002055997 -0.001226906 -0.003885310 0.999989629
1785155517009836800.000000 -0.003416247 0.011797662 0.455746561 -0.001767418 -0.001545715 -0.003898903 0.999989688
1785155517041807872.000000 -0.003510235 0.012027832 0.460017800 -0.001508959 -0.001527183 -0.003577473 0.999991298
1785155517066013184.000000 -0.003544452 0.012068385 0.463213503 -0.001349517 -0.001644344 -0.003699794 0.999990940
1785155517101839104.000000 -0.003623605 0.012263139 0.467464954 -0.000951897 -0.001454586 -0.003872922 0.999991059
1785155517126030848.000000 -0.003605303 0.012311746 0.470563829 -0.000820318 -0.001489580 -0.003796978 0.999991417
1785155517157838080.000000 -0.003705887 0.012476205 0.475000799 -0.000493138 -0.001168930 -0.003994483 0.999991238
1785155517193852928.000000 -0.003828736 0.012564291 0.479084015 -0.000324687 -0.000869636 -0.004114250 0.999991119
1785155517217884928.000000 -0.003706015 0.012701379 0.482123494 -0.000112327 -0.000702655 -0.004075790 0.999991536
1785155517249842944.000000 -0.003756485 0.012789943 0.486436993 -0.000283710 -0.000319800 -0.004144159 0.999991357
1785155517281804032.000000 -0.003688905 0.012857613 0.490221590 0.000120065 -0.000173822 -0.004030515 0.999991894
1785155517309896960.000000 -0.003726081 0.012986349 0.493785501 0.000331327 0.000101055 -0.003985348 0.999992013
1785155517341876992.000000 -0.003739462 0.013139414 0.498074889 0.000269219 0.000454144 -0.003895008 0.999992311
1785155517373844992.000000 -0.003760369 0.013269677 0.502211690 0.000148752 0.000583841 -0.003741683 0.999992847
1785155517398082048.000000 -0.003769385 0.013384157 0.505581737 -0.000223721 0.000352084 -0.003504822 0.999993801
1785155517433885184.000000 -0.003788261 0.013451568 0.509905100 -0.000619856 -0.000028558 -0.003370499 0.999994159
1785155517458169088.000000 -0.003743929 0.013508453 0.512795508 -0.000703588 -0.000505848 -0.003067610 0.999994993
1785155517489882112.000000 -0.003750877 0.013702119 0.517076373 -0.000526894 -0.001247076 -0.003060489 0.999994457
1785155517521874944.000000 -0.003743825 0.013937715 0.521566689 -0.000373441 -0.001460228 -0.003148392 0.999993920
1785155517549923840.000000 -0.003878575 0.013963417 0.524932027 -0.000425528 -0.001349981 -0.003006801 0.999994516
1785155517581903872.000000 -0.003855741 0.014061784 0.528960466 -0.000847313 -0.001089989 -0.002897215 0.999994874
1785155517613879040.000000 -0.003879856 0.014239914 0.533159137 -0.000755860 -0.000876099 -0.003049157 0.999994695
1785155517638088960.000000 -0.003820173 0.014315548 0.536432981 -0.000794714 -0.000661296 -0.003164951 0.999994516
1785155517673911040.000000 -0.003882380 0.014400907 0.540722251 -0.001016359 -0.000508525 -0.003007900 0.999994874
1785155517697899008.000000 -0.003917962 0.014439161 0.543817639 -0.001340250 -0.000333598 -0.003041831 0.999994457
1785155517730100992.000000 -0.003877612 0.014528932 0.548116088 -0.001406245 -0.000491997 -0.003001138 0.999994457
1785155517765920000.000000 -0.003891170 0.014733405 0.552424133 -0.001346843 -0.000229261 -0.003242094 0.999993861
1785155517789933056.000000 -0.003911537 0.014688655 0.555561185 -0.001309477 -0.000212293 -0.003089969 0.999994397
1785155517822014208.000000 -0.003914753 0.014818778 0.559913933 -0.001074227 -0.000389101 -0.002775120 0.999995470
1785155517853879808.000000 -0.004090952 0.015049673 0.564384043 -0.000496592 -0.000601684 -0.003020439 0.999995172
1785155517882251008.000000 -0.004116012 0.015093126 0.567417860 -0.000005212 -0.000787470 -0.003017408 0.999995172
1785155517913949952.000000 -0.004203667 0.015230025 0.571679056 0.000634022 -0.000854855 -0.003164044 0.999994457
1785155517945946880.000000 -0.004298656 0.015495941 0.575774372 0.001042534 -0.000979272 -0.003233615 0.999993742
1785155517977881856.000000 -0.004170728 0.015290068 0.579722226 0.001485659 -0.001457107 -0.003156710 0.999992847
1785155518005963008.000000 -0.004434044 0.015346562 0.582776129 0.001685446 -0.001491935 -0.003184183 0.999992430
1785155518037946880.000000 -0.004313805 0.015738314 0.586935699 0.002546276 -0.001408038 -0.003300413 0.999990344
1785155518069926144.000000 -0.004352040 0.015799729 0.590929925 0.002960085 -0.001242607 -0.003455815 0.999988914
1785155518094095872.000000 -0.004409648 0.015599933 0.593960404 0.003013463 -0.000996585 -0.003695536 0.999988139
1785155518129960960.000000 -0.004305713 0.016056387 0.598654926 0.003558527 -0.001059749 -0.003894972 0.999985516
1785155518154267136.000000 -0.004418310 0.016299769 0.601733625 0.003901899 -0.001118528 -0.003716228 0.999984920
1785155518185944064.000000 -0.004566944 0.016298344 0.605713427 0.003837658 -0.000873533 -0.003573059 0.999985874
1785155518221967104.000000 -0.004340047 0.016386211 0.609810770 0.003236205 -0.000818752 -0.003121614 0.999989569
1785155518245989120.000000 -0.004326280 0.016509706 0.612668931 0.002619489 -0.000975971 -0.002702266 0.999992490
1785155518277950976.000000 -0.004054542 0.016407825 0.616605103 0.001478678 -0.002172721 -0.001944161 0.999994695
1785155518309923840.000000 -0.004233851 0.016535359 0.619524181 0.001574061 -0.002707922 -0.001821956 0.999993503
1785155518337996032.000000 -0.004083021 0.016565714 0.621635079 0.002541686 -0.002568703 -0.001880425 0.999991715
1785155518369987840.000000 -0.004349886 0.016672207 0.623869002 0.002759533 -0.002399257 -0.001977357 0.999991357
1785155518401964800.000000 -0.004202678 0.016678710 0.625662327 0.003077450 -0.002153777 -0.001876034 0.999991179
1785155518426156032.000000 -0.004288550 0.016830960 0.627317607 0.003663185 -0.000607884 -0.001910667 0.999991298
1785155518462008832.000000 -0.004443342 0.016868690 0.628704011 0.002936645 0.001079884 -0.002149549 0.999992847
1785155518486216960.000000 -0.004411755 0.016851807 0.629734695 0.004237719 0.001713316 -0.002211871 0.999987185
1785155518518105856.000000 -0.004389675 0.016892206 0.631077528 0.004948920 0.002597112 -0.002120965 0.999982178
1785155518549995008.000000 -0.004376344 0.017010178 0.632031560 0.003452649 0.003486955 -0.002297163 0.999985337
1785155518578267136.000000 -0.004271498 0.016942490 0.632882357 0.004489370 0.004041817 -0.002124823 0.999979556
1785155518610022144.000000 -0.004458891 0.017120585 0.633387089 0.004910375 0.004472219 -0.002216624 0.999975562
1785155518641997056.000000 -0.004177152 0.017137397 0.634636819 0.005335983 0.003547878 -0.002240046 0.999977052
1785155518678021888.000000 -0.004304917 0.017230213 0.635489941 0.005632746 0.003936495 -0.002482331 0.999973297
1785155518702033920.000000 -0.004221957 0.017228320 0.636274874 0.005138617 0.004816275 -0.002278404 0.999972641
1785155518733997056.000000 -0.004217033 0.017186614 0.637403011 0.005225738 0.006550112 -0.002305971 0.999962270
1785155518758276864.000000 -0.004239112 0.017157730 0.638089061 0.005331010 0.006711512 -0.002552098 0.999960005
1785155518794029824.000000 -0.003941954 0.016907321 0.639188766 0.005284715 0.005226237 -0.002163389 0.999970078
1785155518826035968.000000 -0.004209056 0.017184801 0.639979839 0.005687101 0.005395492 -0.002419081 0.999966443
1785155518850027008.000000 -0.003972359 0.017155156 0.640652895 0.005776793 0.004725702 -0.002212370 0.999969721
1785155518881992960.000000 -0.004156639 0.016987795 0.641414464 0.006122837 0.004861609 -0.002312094 0.999966800
1785155518910115840.000000 -0.004387097 0.017037854 0.641896367 0.006194490 0.005538534 -0.002411946 0.999962628
1785155518942061824.000000 -0.004444395 0.017144343 0.642600894 0.004499150 0.004014637 -0.002797585 0.999977946
1785155518974034176.000000 -0.004333303 0.017340505 0.642738640 0.005349902 -0.000514574 -0.002673468 0.999981999
1785155519006032896.000000 -0.004290052 0.016809501 0.642643869 0.006268238 -0.000428539 -0.002208754 0.999977827
1785155519034071040.000000 -0.004277342 0.016841305 0.642768264 0.006551208 -0.000017182 -0.002274185 0.999975979
1785155519066063872.000000 -0.004379010 0.017051341 0.642724395 0.005989572 -0.000192441 -0.002474829 0.999978960
1785155519090140160.000000 -0.004380895 0.017118551 0.642674565 0.005535878 0.000172731 -0.002489185 0.999981582
1785155519122246912.000000 -0.004403509 0.017049331 0.642765403 0.005854262 -0.000000379 -0.002661345 0.999979377
1785155519158080000.000000 -0.004471666 0.017030168 0.642662644 0.005703986 -0.000014203 -0.002491070 0.999980688
1785155519182265088.000000 -0.004285144 0.017117262 0.642952859 0.005593758 -0.000044028 -0.002697866 0.999980748
1785155519214070016.000000 -0.004267419 0.017054344 0.642814338 0.005617415 -0.000121193 -0.002440498 0.999981284
1785155519250085120.000000 -0.004384071 0.017018216 0.642649591 0.005519109 -0.000131099 -0.002447630 0.999981761
1785155519274112000.000000 -0.004350677 0.017065164 0.642921925 0.005523203 -0.000071178 -0.002481967 0.999981701
1785155519306071040.000000 -0.004274356 0.016967561 0.642839372 0.005441222 -0.000157795 -0.002272420 0.999982655
1785155519338042880.000000 -0.004201593 0.016897593 0.642910600 0.005469895 -0.000242012 -0.002257756 0.999982536
1785155519366108928.000000 -0.004363620 0.017093977 0.642816365 0.005591668 -0.000093055 -0.002257878 0.999981821
1785155519398103040.000000 -0.004252858 0.016876871 0.642775893 0.005520305 -0.000389900 -0.002154134 0.999982417
1785155519422288896.000000 -0.004361041 0.017190542 0.642817795 0.005792983 -0.000294523 -0.002377851 0.999980390
1785155519454072064.000000 -0.004374564 0.017106730 0.642675519 0.005693839 -0.000232790 -0.002255756 0.999981284
1785155519482465024.000000 -0.004337821 0.017099587 0.642787457 0.005699411 -0.000209868 -0.002421824 0.999980807
1785155519514148096.000000 -0.004337405 0.017098533 0.642778277 0.005722587 -0.000233852 -0.002315827 0.999980927
1785155519546094848.000000 -0.004318419 0.017044483 0.642731905 0.005670505 -0.000271581 -0.002423421 0.999980986
1785155519578108160.000000 -0.004306318 0.016859118 0.642821789 0.005512554 -0.000296486 -0.002484359 0.999981701
1785155519606393088.000000 -0.004315862 0.017046852 0.642815530 0.005636270 -0.000279129 -0.002306800 0.999981463
1785155519638150912.000000 -0.004311356 0.016837742 0.642750561 0.005476829 -0.000310968 -0.002317076 0.999982297
1785155519670120960.000000 -0.004307383 0.017081212 0.642740905 0.005706214 -0.000360947 -0.002519864 0.999980509
1785155519706137856.000000 -0.004387350 0.016819203 0.642776668 0.004268943 -0.001269350 -0.002563721 0.999986827
1785155519730156032.000000 -0.004329691 0.016832784 0.642123044 0.004696263 -0.003488381 -0.002672787 0.999979317
1785155519762115072.000000 -0.004331793 0.016601864 0.641315758 0.004467683 -0.006750206 -0.002393623 0.999964416
1785155519786139136.000000 -0.004351351 0.017078793 0.640268862 0.005170951 -0.008484176 -0.002550294 0.999947369
1785155519822158080.000000 -0.004417995 0.017663477 0.638917267 0.005545238 -0.008233445 -0.002661803 0.999947250
1785155519854156032.000000 -0.004240662 0.017157627 0.637737095 0.005346766 -0.005903057 -0.002451189 0.999965310
1785155519878225920.000000 -0.004235277 0.016891008 0.636531472 0.004742631 -0.004324608 -0.002321391 0.999976754
1785155519910112000.000000 -0.004130039 0.016867850 0.635113597 0.004733618 -0.004855802 -0.002243211 0.999974489
1785155519938441984.000000 -0.004296116 0.017040556 0.633809447 0.004496778 -0.005121566 -0.002412168 0.999973953
1785155519970184960.000000 -0.004109349 0.016769409 0.632245004 0.004545946 -0.004672995 -0.002228880 0.999976277
1785155520002159104.000000 -0.004208867 0.017143084 0.630577564 0.004598531 -0.004536379 -0.002410974 0.999976277
1785155520034149888.000000 -0.004156933 0.017015515 0.629037559 0.004346516 -0.003928726 -0.002363907 0.999980092
1785155520062191872.000000 -0.004229722 0.016796904 0.627909124 0.004552714 -0.003228967 -0.002287284 0.999981821
1785155520094204928.000000 -0.004190535 0.016535340 0.626468122 0.003707750 -0.002672523 -0.002128993 0.999987304
1785155520126171136.000000 -0.004175145 0.016277440 0.624979913 0.003756700 -0.001599485 -0.002224361 0.999989212
1785155520162188032.000000 -0.004094071 0.016756723 0.623525798 0.004613940 -0.001309110 -0.002669168 0.999984920
1785155520186202880.000000 -0.004171802 0.016814442 0.622373641 0.005240150 -0.001062708 -0.002842810 0.999981701
1785155520218169088.000000 -0.004272911 0.016652638 0.620986164 0.005643100 -0.000545283 -0.002933790 0.999979675
1785155520242199808.000000 -0.004170879 0.016331689 0.620216548 0.005154033 -0.000620163 -0.002737594 0.999982834
1785155520278203136.000000 -0.003893566 0.016679412 0.619230151 0.003926678 -0.001633616 -0.002600371 0.999987602
1785155520302233856.000000 -0.003829730 0.016329600 0.618563116 0.003225587 -0.001957937 -0.002213760 0.999990463
1785155520334208000.000000 -0.004156918 0.016620709 0.617488801 0.004079973 -0.001567916 -0.002606018 0.999987066
1785155520366162176.000000 -0.004066937 0.016470378 0.616661906 0.004048458 -0.001558925 -0.002852244 0.999986529
1785155520394233088.000000 -0.003911766 0.016637966 0.616294026 0.003760865 -0.001643978 -0.002713228 0.999987900
1785155520426235904.000000 -0.003925405 0.016506502 0.615554750 0.003288566 -0.001379001 -0.002461904 0.999990642
1785155520458201856.000000 -0.004085733 0.016604561 0.614557445 0.003762922 -0.000835827 -0.002859573 0.999988556
1785155520490204160.000000 -0.004075663 0.016567012 0.614101052 0.003750996 -0.000844709 -0.002957468 0.999988317
1785155520518238976.000000 -0.004018215 0.016547676 0.613473058 0.003370662 -0.000818599 -0.002655891 0.999990463
1785155520550236928.000000 -0.003940141 0.016459532 0.612883866 0.006590363 0.000095207 -0.003056216 0.999973655
1785155520574417152.000000 -0.004045628 0.016499989 0.612649560 0.007880423 0.000146178 -0.003668615 0.999962211
1785155520606237952.000000 -0.003870498 0.016434437 0.612807751 0.004538993 -0.000865815 -0.003200023 0.999984205
1785155520634269952.000000 -0.004137424 0.016414301 0.612741470 0.002572956 -0.001007456 -0.002427685 0.999993265
1785155520666269952.000000 -0.003995343 0.016610833 0.612793028 0.002917339 -0.001082497 -0.002623331 0.999991715
1785155520698251008.000000 -0.003925379 0.016344244 0.612858832 0.003853129 -0.001549481 -0.002980036 0.999986947
1785155520734265088.000000 -0.003967247 0.016467154 0.612749934 0.003747094 -0.001501608 -0.002904257 0.999987662
1785155520758479104.000000 -0.003892638 0.016540281 0.612907529 0.003533108 -0.001593400 -0.002761083 0.999988675
1785155520790244096.000000 -0.003919368 0.016631860 0.613004923 0.003584537 -0.001572195 -0.002891191 0.999988258
1785155520822217984.000000 -0.003978124 0.016573835 0.612853289 0.003712831 -0.001523030 -0.002897564 0.999987781
1785155520850289152.000000 -0.003992294 0.016572466 0.612800360 0.004355653 -0.001963411 -0.002996319 0.999984086
1785155520882283008.000000 -0.004131702 0.016509753 0.613068223 0.005275658 -0.007994446 -0.002979576 0.999949694
1785155520914256128.000000 -0.004005466 0.016527552 0.612976551 0.003015676 -0.023001505 -0.002339253 0.999728203
1785155520946223872.000000 -0.003938247 0.016538892 0.613218427 0.003393961 -0.044250626 -0.001480439 0.999013603
1785155520974292992.000000 -0.004208552 0.016395250 0.613141775 0.002633853 -0.062836371 -0.001137871 0.998019755
1785155521006292992.000000 -0.004290786 0.016344462 0.613088906 0.003262275 -0.086850755 -0.000697734 0.996215820
1785155521030505984.000000 -0.004315997 0.016471688 0.613044918 0.003575714 -0.104242481 -0.000404690 0.994545400
1785155521062283008.000000 -0.004346958 0.016403250 0.612877309 0.003556651 -0.127530992 0.000118964 0.991828263
1785155521090557952.000000 -0.004486805 0.016211450 0.613046467 0.003844219 -0.145107388 0.000600295 0.989408314
1785155521122323968.000000 -0.004712942 0.016370803 0.612989366 0.003656307 -0.168342501 0.000891521 0.985721469
1785155521154288128.000000 -0.005092754 0.016631970 0.613785923 0.003921807 -0.191392317 0.001253344 0.981505036
1785155521190318080.000000 -0.005334755 0.016521871 0.613539338 0.003141641 -0.213680983 0.001762183 0.976896942
1785155521214333952.000000 -0.005466023 0.016586578 0.613409877 0.003824841 -0.230624378 0.001991376 0.973033309
1785155521246288896.000000 -0.005708925 0.016512254 0.613656640 0.003761323 -0.253849983 0.002596052 0.967232883
1785155521278265856.000000 -0.005627662 0.016509274 0.613573015 0.003363666 -0.277138442 0.002810657 0.960820079
1785155521306332160.000000 -0.005722411 0.016519342 0.613628805 0.003276514 -0.293955684 0.003370708 0.955807507
1785155521338331904.000000 -0.005850993 0.016475063 0.613757372 0.003651283 -0.315774858 0.003804238 0.948819518
1785155521370307072.000000 -0.005607039 0.016548272 0.613530874 0.003941974 -0.338687509 0.004833463 0.940878332
1785155521394518016.000000 -0.005542688 0.016567355 0.613486290 0.003888022 -0.355757743 0.005256276 0.934555352
1785155521430339072.000000 -0.005929887 0.016478134 0.613800228 0.003687580 -0.377491653 0.005335528 0.925990283
1785155521454732032.000000 -0.005876586 0.016477177 0.613778174 0.003542879 -0.393629611 0.005499711 0.919245899
1785155521486334976.000000 -0.005891621 0.016461531 0.613806188 0.003535820 -0.415181965 0.006125798 0.909710944
1785155521518328832.000000 -0.005238712 0.016642045 0.613244236 0.003871735 -0.437715828 0.006481956 0.899081707
1785155521546370048.000000 -0.005240977 0.016644036 0.613219798 0.003725456 -0.454231739 0.006013410 0.890855491
1785155521578365952.000000 -0.005641714 0.016578840 0.613532245 0.003400776 -0.475094020 0.006460712 0.879904807
1785155521610343936.000000 -0.005398870 0.016615387 0.613376677 0.003450090 -0.495695323 0.007727974 0.868455291
1785155521634656000.000000 -0.006387949 0.016409025 0.614197373 0.003477413 -0.510993838 0.009431937 0.859525681
1785155521670362112.000000 -0.005269706 0.016655834 0.613257349 0.003796664 -0.532076180 0.010374690 0.846624434
1785155521694705920.000000 -0.005334318 0.016637607 0.613301992 0.003560629 -0.547145665 0.010709523 0.836961389
1785155521726362880.000000 -0.005306482 0.016647190 0.613269627 0.002633644 -0.566700101 0.013994303 0.823801100
1785155521762370048.000000 -0.005361229 0.016626298 0.613365054 0.002715014 -0.586658955 0.012833263 0.809727907
1785155521786392064.000000 -0.004924417 0.016697250 0.612951934 0.002170414 -0.601373076 0.014006683 0.798842609
1785155521786392064.000000 -0.004924417 0.016697250 0.612951934 0.002170414 -0.601373076 0.014006683 0.798842609
1785155521786392064.000000 -0.004924417 0.016697250 0.612951934 0.002170414 -0.601373076 0.014006683 0.798842609
1785155521786392064.000000 -0.004924417 0.016697250 0.612951934 0.002170414 -0.601373076 0.014006683 0.798842609
1785155521786392064.000000 -0.004924417 0.016697250 0.612951934 0.002170414 -0.601373076 0.014006683 0.798842609
1785155521786392064.000000 -0.004924417 0.016697250 0.612951934 0.002170414 -0.601373076 0.014006683 0.798842609
1785155521786392064.000000 -0.004924417 0.016697250 0.612951934 0.002170414 -0.601373076 0.014006683 0.798842609
1785155521786392064.000000 -0.004924417 0.016697250 0.612951934 0.002170414 -0.601373076 0.014006683 0.798842609
1785155521786392064.000000 -0.004924417 0.016697250 0.612951934 0.002170414 -0.601373076 0.014006683 0.798842609
1785155521786392064.000000 -0.004924417 0.016697250 0.612951934 0.002170414 -0.601373076 0.014006683 0.798842609
1785155521786392064.000000 -0.004924417 0.016697250 0.612951934 0.002170414 -0.601373076 0.014006683 0.798842609
1785155521786392064.000000 -0.004924417 0.016697250 0.612951934 0.002170414 -0.601373076 0.014006683 0.798842609
1785155521786392064.000000 -0.004924417 0.016697250 0.612951934 0.002170414 -0.601373076 0.014006683 0.798842609
1785155521786392064.000000 -0.004924417 0.016697250 0.612951934 0.002170414 -0.601373076 0.014006683 0.798842609
1785155521786392064.000000 -0.004924417 0.016697250 0.612951934 0.002170414 -0.601373076 0.014006683 0.798842609
1785155521786392064.000000 -0.004924417 0.016697250 0.612951934 0.002170414 -0.601373076 0.014006683 0.798842609
1785155521786392064.000000 -0.004924417 0.016697250 0.612951934 0.002170414 -0.601373076 0.014006683 0.798842609
1785155521786392064.000000 -0.004924417 0.016697250 0.612951934 0.002170414 -0.601373076 0.014006683 0.798842609
1785155521786392064.000000 -0.004924417 0.016697250 0.612951934 0.002170414 -0.601373076 0.014006683 0.798842609
1785155521786392064.000000 -0.004924417 0.016697250 0.612951934 0.002170414 -0.601373076 0.014006683 0.798842609
1785155521786392064.000000 -0.004924417 0.016697250 0.612951934 0.002170414 -0.601373076 0.014006683 0.798842609
1785155521786392064.000000 -0.004924417 0.016697250 0.612951934 0.002170414 -0.601373076 0.014006683 0.798842609
1785155521786392064.000000 -0.004924417 0.016697250 0.612951934 0.002170414 -0.601373076 0.014006683 0.798842609
1785155521786392064.000000 -0.004924417 0.016697250 0.612951934 0.002170414 -0.601373076 0.014006683 0.798842609
1785155521786392064.000000 -0.004924417 0.016697250 0.612951934 0.002170414 -0.601373076 0.014006683 0.798842609
1785155521786392064.000000 -0.004924417 0.016697250 0.612951934 0.002170414 -0.601373076 0.014006683 0.798842609
1785155521786392064.000000 -0.004924417 0.016697250 0.612951934 0.002170414 -0.601373076 0.014006683 0.798842609
1785155521786392064.000000 -0.004924417 0.016697250 0.612951934 0.002170414 -0.601373076 0.014006683 0.798842609
1785155521786392064.000000 -0.004924417 0.016697250 0.612951934 0.002170414 -0.601373076 0.014006683 0.798842609
1785155521786392064.000000 -0.004924417 0.016697250 0.612951934 0.002170414 -0.601373076 0.014006683 0.798842609
1785155521786392064.000000 -0.004924417 0.016697250 0.612951934 0.002170414 -0.601373076 0.014006683 0.798842609
1785155521786392064.000000 -0.004924417 0.016697250 0.612951934 0.002170414 -0.601373076 0.014006683 0.798842609
1785155521786392064.000000 -0.004924417 0.016697250 0.612951934 0.002170414 -0.601373076 0.014006683 0.798842609
1785155521786392064.000000 -0.004924417 0.016697250 0.612951934 0.002170414 -0.601373076 0.014006683 0.798842609
1785155521786392064.000000 -0.004924417 0.016697250 0.612951934 0.002170414 -0.601373076 0.014006683 0.798842609
1785155521786392064.000000 -0.004924417 0.016697250 0.612951934 0.002170414 -0.601373076 0.014006683 0.798842609
1785155521786392064.000000 -0.004924417 0.016697250 0.612951934 0.002170414 -0.601373076 0.014006683 0.798842609
1785155521786392064.000000 -0.004924417 0.016697250 0.612951934 0.002170414 -0.601373076 0.014006683 0.798842609
1785155521786392064.000000 -0.004924417 0.016697250 0.612951934 0.002170414 -0.601373076 0.014006683 0.798842609
1785155521786392064.000000 -0.004924417 0.016697250 0.612951934 0.002170414 -0.601373076 0.014006683 0.798842609
1785155521786392064.000000 -0.004924417 0.016697250 0.612951934 0.002170414 -0.601373076 0.014006683 0.798842609
1785155521786392064.000000 -0.004924417 0.016697250 0.612951934 0.002170414 -0.601373076 0.014006683 0.798842609
1785155521786392064.000000 -0.004924417 0.016697250 0.612951934 0.002170414 -0.601373076 0.014006683 0.798842609
1785155521786392064.000000 -0.004924417 0.016697250 0.612951934 0.002170414 -0.601373076 0.014006683 0.798842609
1785155521786392064.000000 -0.004924417 0.016697250 0.612951934 0.002170414 -0.601373076 0.014006683 0.798842609
1785155521786392064.000000 -0.004924417 0.016697250 0.612951934 0.002170414 -0.601373076 0.014006683 0.798842609
1785155521786392064.000000 -0.004924417 0.016697250 0.612951934 0.002170414 -0.601373076 0.014006683 0.798842609
1785155521786392064.000000 -0.004924417 0.016697250 0.612951934 0.002170414 -0.601373076 0.014006683 0.798842609
1785155521786392064.000000 -0.004924417 0.016697250 0.612951934 0.002170414 -0.601373076 0.014006683 0.798842609
1785155521786392064.000000 -0.004924417 0.016697250 0.612951934 0.002170414 -0.601373076 0.014006683 0.798842609
1785155521786392064.000000 -0.004924417 0.016697250 0.612951934 0.002170414 -0.601373076 0.014006683 0.798842609
1785155521786392064.000000 -0.004924417 0.016697250 0.612951934 0.002170414 -0.601373076 0.014006683 0.798842609
1785155521786392064.000000 -0.004924417 0.016697250 0.612951934 0.002170414 -0.601373076 0.014006683 0.798842609
1785155521786392064.000000 -0.004924417 0.016697250 0.612951934 0.002170414 -0.601373076 0.014006683 0.798842609
1785155521786392064.000000 -0.004924417 0.016697250 0.612951934 0.002170414 -0.601373076 0.014006683 0.798842609
1785155521786392064.000000 -0.004924417 0.016697250 0.612951934 0.002170414 -0.601373076 0.014006683 0.798842609
1785155521786392064.000000 -0.004924417 0.016697250 0.612951934 0.002170414 -0.601373076 0.014006683 0.798842609
1785155521786392064.000000 -0.004924417 0.016697250 0.612951934 0.002170414 -0.601373076 0.014006683 0.798842609
1785155521786392064.000000 -0.004924417 0.016697250 0.612951934 0.002170414 -0.601373076 0.014006683 0.798842609
1785155521786392064.000000 -0.004924417 0.016697250 0.612951934 0.002170414 -0.601373076 0.014006683 0.798842609
1785155521786392064.000000 -0.004924417 0.016697250 0.612951934 0.002170414 -0.601373076 0.014006683 0.798842609
1785155521786392064.000000 -0.004924417 0.016697250 0.612951934 0.002170414 -0.601373076 0.014006683 0.798842609
1785155521786392064.000000 -0.004924417 0.016697250 0.612951934 0.002170414 -0.601373076 0.014006683 0.798842609
1785155521786392064.000000 -0.004924417 0.016697250 0.612951934 0.002170414 -0.601373076 0.014006683 0.798842609
1785155521786392064.000000 -0.004924417 0.016697250 0.612951934 0.002170414 -0.601373076 0.014006683 0.798842609
1785155521786392064.000000 -0.004924417 0.016697250 0.612951934 0.002170414 -0.601373076 0.014006683 0.798842609
1785155521786392064.000000 -0.004924417 0.016697250 0.612951934 0.002170414 -0.601373076 0.014006683 0.798842609
1785155521786392064.000000 -0.004924417 0.016697250 0.612951934 0.002170414 -0.601373076 0.014006683 0.798842609
1785155521786392064.000000 -0.004924417 0.016697250 0.612951934 0.002170414 -0.601373076 0.014006683 0.798842609
1785155521786392064.000000 -0.004924417 0.016697250 0.612951934 0.002170414 -0.601373076 0.014006683 0.798842609
1785155521786392064.000000 -0.004924417 0.016697250 0.612951934 0.002170414 -0.601373076 0.014006683 0.798842609
1785155521786392064.000000 -0.004924417 0.016697250 0.612951934 0.002170414 -0.601373076 0.014006683 0.798842609
1785155521786392064.000000 -0.004924417 0.016697250 0.612951934 0.002170414 -0.601373076 0.014006683 0.798842609
1785155521786392064.000000 -0.004924417 0.016697250 0.612951934 0.002170414 -0.601373076 0.014006683 0.798842609
1785155521786392064.000000 -0.004924417 0.016697250 0.612951934 0.002170414 -0.601373076 0.014006683 0.798842609
1785155521786392064.000000 -0.004924417 0.016697250 0.612951934 0.002170414 -0.601373076 0.014006683 0.798842609
1785155521786392064.000000 -0.004924417 0.016697250 0.612951934 0.002170414 -0.601373076 0.014006683 0.798842609
1785155521786392064.000000 -0.004924417 0.016697250 0.612951934 0.002170414 -0.601373076 0.014006683 0.798842609
1785155521786392064.000000 -0.004924417 0.016697250 0.612951934 0.002170414 -0.601373076 0.014006683 0.798842609
1785155521786392064.000000 -0.004924417 0.016697250 0.612951934 0.002170414 -0.601373076 0.014006683 0.798842609
1785155521786392064.000000 -0.004924417 0.016697250 0.612951934 0.002170414 -0.601373076 0.014006683 0.798842609
1785155521786392064.000000 -0.004924417 0.016697250 0.612951934 0.002170414 -0.601373076 0.014006683 0.798842609
1785155521786392064.000000 -0.004924417 0.016697250 0.612951934 0.002170414 -0.601373076 0.014006683 0.798842609
1785155521786392064.000000 -0.004924417 0.016697250 0.612951934 0.002170414 -0.601373076 0.014006683 0.798842609
1785155521786392064.000000 -0.004924417 0.016697250 0.612951934 0.002170414 -0.601373076 0.014006683 0.798842609
1785155521786392064.000000 -0.004924417 0.016697250 0.612951934 0.002170414 -0.601373076 0.014006683 0.798842609
