1785155860216534016.000000 -0.000191774 0.001339680 0.039820947 0.000910085 0.000421990 0.000106718 0.999999523
1785155860340541952.000000 -0.000927077 0.002156646 0.070531689 0.001278212 0.000042430 -0.001008562 0.999998748
1785155860364731136.000000 -0.001165375 0.001637257 0.077982679 -0.000042279 -0.000431107 -0.000990397 0.999999464
1785155860400573952.000000 -0.001294088 0.001932934 0.087153092 0.000211758 -0.000947230 -0.000697449 0.999999344
1785155860424881920.000000 -0.000593084 0.003013150 0.092823371 0.001104036 -0.001469683 -0.001321219 0.999997437
1785155860456559872.000000 -0.000655250 0.003243571 0.101518333 0.001486736 -0.001116985 -0.001649089 0.999996901
1785155860488566016.000000 -0.000754777 0.003557696 0.110804945 0.001445924 -0.000693967 -0.002103862 0.999996543
1785155860516599808.000000 -0.000837652 0.003696482 0.116840772 0.001291772 -0.000424492 -0.002187268 0.999996722
1785155860548605952.000000 -0.000912073 0.003906299 0.125671774 0.001720227 -0.000264635 -0.002784712 0.999994695
1785155860580580096.000000 -0.000954573 0.004138551 0.134362414 0.002685641 -0.000192712 -0.002474078 0.999993324
1785155860604646912.000000 -0.000959740 0.004431103 0.141189814 0.003481569 -0.000005648 -0.002381861 0.999991119
1785155860640602112.000000 -0.000988176 0.004691496 0.149829000 0.003216153 0.000221742 -0.002208937 0.999992371
1785155860664936960.000000 -0.001031807 0.004996194 0.156485885 0.001907743 0.000019333 -0.002396033 0.999995351
1785155860696604928.000000 -0.001120274 0.005269933 0.165284812 -0.000241982 0.000157176 -0.002974078 0.999995589
1785155860732626944.000000 -0.001147925 0.005669309 0.174268186 -0.002192517 -0.000233421 -0.003744747 0.999990642
1785155860756634112.000000 -0.001337607 0.005903877 0.180904865 -0.003537414 -0.000323491 -0.004112676 0.999985218
1785155860788604928.000000 -0.001317708 0.006128790 0.189777151 -0.003496668 -0.001277523 -0.003922230 0.999985397
1785155860820564992.000000 -0.001531729 0.006529045 0.198498055 -0.002443684 -0.001797547 -0.003992847 0.999987423
1785155860848644096.000000 -0.001549206 0.006753221 0.205168232 -0.002478508 -0.001737161 -0.003331879 0.999989927
1785155860880633088.000000 -0.001654595 0.007027862 0.214147627 -0.003059840 -0.001103200 -0.003294731 0.999989331
1785155860904832000.000000 -0.001684204 0.007241315 0.220517814 -0.003283617 -0.000616613 -0.003370675 0.999988735
1785155860936631808.000000 -0.001732958 0.007655432 0.229450092 -0.003578336 -0.000241543 -0.004082866 0.999985278
1785155860964968960.000000 -0.001874123 0.007851242 0.235984221 -0.003981300 -0.000239362 -0.004827939 0.999980450
1785155860996651008.000000 -0.001954180 0.008152132 0.244745508 -0.003561918 -0.001128809 -0.004532935 0.999982774
1785155861028620032.000000 -0.001889000 0.008466302 0.253414392 -0.002752954 -0.001948419 -0.003890182 0.999986768
1785155861060590080.000000 -0.002013171 0.008791903 0.262282342 -0.003703739 -0.001733687 -0.003504396 0.999985516
1785155861088663040.000000 -0.002087174 0.009086436 0.268847913 -0.004913959 -0.001167068 -0.003174175 0.999982238
1785155861120662016.000000 -0.002093198 0.009441388 0.277680963 -0.005914373 -0.000658952 -0.002976545 0.999977946
1785155861144804864.000000 -0.002107410 0.009710450 0.284418881 -0.005604818 -0.000508761 -0.003032362 0.999979615
1785155861176646912.000000 -0.002240222 0.009995169 0.292931885 -0.004439971 -0.000817171 -0.003795651 0.999982655
1785155861204968960.000000 -0.002250881 0.010281789 0.299533516 -0.003707606 -0.001272906 -0.003993277 0.999984384
1785155861236679168.000000 -0.002337590 0.010620964 0.308280915 -0.002970231 -0.001444185 -0.003978345 0.999986708
1785155861268637952.000000 -0.002351517 0.010869509 0.316673815 -0.003073459 -0.001218380 -0.003424299 0.999988675
1785155861304701952.000000 -0.002448913 0.011259722 0.325438201 -0.003780564 -0.000622516 -0.002832890 0.999988675
1785155861328697088.000000 -0.002394993 0.011448760 0.331900299 -0.004266277 -0.000166207 -0.002663740 0.999987364
1785155861360666112.000000 -0.002481510 0.011847688 0.340744704 -0.003544006 0.000226977 -0.003057966 0.999989033
1785155861392636160.000000 -0.002507593 0.012057510 0.349324793 -0.003012388 0.000442796 -0.003113537 0.999990523
1785155861420704000.000000 -0.002479194 0.012194023 0.355594277 -0.003468422 0.000559913 -0.002779377 0.999989986
1785155861452705024.000000 -0.002523886 0.012625097 0.364466280 -0.004011967 0.000883210 -0.002761959 0.999987781
1785155861484697088.000000 -0.002479465 0.013026349 0.373347223 -0.004576401 0.001010232 -0.002157825 0.999986708
1785155861508878080.000000 -0.002483897 0.013248998 0.379883945 -0.005239748 0.001420294 -0.001255412 0.999984503
1785155861544715776.000000 -0.002430734 0.013606357 0.388758004 -0.006007855 0.001558467 -0.000966528 0.999980330
1785155861568749056.000000 -0.002489003 0.013831801 0.395232528 -0.006520080 0.001625159 -0.001451707 0.999976397
1785155861600705024.000000 -0.002579253 0.014220300 0.404174834 -0.007338362 0.001521989 -0.002266388 0.999969363
1785155861632660992.000000 -0.002583173 0.014503819 0.412520289 -0.007950450 0.000629323 -0.002544319 0.999964952
1785155861660808960.000000 -0.002556827 0.014844340 0.419090807 -0.006905308 -0.000475672 -0.002849414 0.999971986
1785155861692729088.000000 -0.002645600 0.015219604 0.427891672 -0.005426310 -0.001369420 -0.002940428 0.999980032
1785155861724697088.000000 -0.002739248 0.015563162 0.436492860 -0.005640900 -0.001520325 -0.002487593 0.999979913
1785155861748905984.000000 -0.002748345 0.015844496 0.442888469 -0.006282759 -0.000959577 -0.001928704 0.999977946
1785155861784723968.000000 -0.002862348 0.016139623 0.451596767 -0.006945401 0.000056440 -0.002002775 0.999973893
1785155861816709120.000000 -0.002950104 0.016490404 0.460468352 -0.006544166 0.000353609 -0.002251848 0.999975979
1785155861840722176.000000 -0.002958829 0.016800260 0.466720849 -0.005551759 0.000068471 -0.002702749 0.999980986
1785155861876740096.000000 -0.002996993 0.017139532 0.475411624 -0.004482694 -0.000406035 -0.002647590 0.999986351
1785155861900745984.000000 -0.002996010 0.017366881 0.481862485 -0.004265976 -0.000568451 -0.002459480 0.999987721
1785155861932724992.000000 -0.002990306 0.017736077 0.490588129 -0.005129051 -0.000362450 -0.001963952 0.999984860
1785155861964694016.000000 -0.002932472 0.018042281 0.499076456 -0.006258977 -0.000170716 -0.000686897 0.999980211
1785155861992760832.000000 -0.003094059 0.018309094 0.505192578 -0.006732570 -0.000053509 -0.001019827 0.999976814
1785155862024755968.000000 -0.003163922 0.018644044 0.513147771 -0.007332606 0.000777420 -0.001379526 0.999971926
1785155862049036032.000000 -0.003218985 0.018835476 0.518743992 -0.007227351 0.002064496 -0.001695496 0.999970376
1785155862080722176.000000 -0.003183687 0.019071536 0.525427461 -0.007506440 0.004428180 -0.001817990 0.999960423
1785155862108798976.000000 -0.003258646 0.019260902 0.530117989 -0.006743014 0.005392605 -0.001836334 0.999961078
1785155862140782080.000000 -0.003127906 0.019490534 0.536033988 -0.007471765 0.004324684 -0.001670076 0.999961376
1785155862172750848.000000 -0.002995280 0.019668471 0.541266024 -0.006363789 0.003272048 -0.001435299 0.999973416
1785155862204722944.000000 -0.003011159 0.019859867 0.545839667 -0.005867800 0.001738745 -0.001634872 0.999979973
1785155862232793088.000000 -0.003193503 0.020073937 0.549248636 -0.004758810 0.000181226 -0.001749358 0.999987125
1785155862264779008.000000 -0.003377151 0.020362919 0.553223073 -0.004425137 -0.000923018 -0.002075265 0.999987662
1785155862288986880.000000 -0.003350558 0.020350279 0.555886567 -0.004661973 -0.001339251 -0.001517236 0.999987125
1785155862320733184.000000 -0.003498610 0.020512357 0.559126318 -0.004441892 -0.002202901 -0.001437556 0.999986708
1785155862349031936.000000 -0.003290791 0.020524886 0.561402142 -0.004639129 -0.002872105 -0.001223007 0.999984384
1785155862380795904.000000 -0.003493155 0.020680252 0.563921750 -0.003598113 -0.001896701 -0.001543112 0.999990582
1785155862412774144.000000 -0.003750557 0.020791445 0.566142619 -0.002918357 0.000090664 -0.001876481 0.999994040
1785155862448803072.000000 -0.003800472 0.020952160 0.568489552 -0.002443918 0.001398211 -0.001911391 0.999994278
1785155862472815104.000000 -0.003163594 0.020877240 0.570248783 -0.003054695 0.001835397 -0.001825109 0.999992013
1785155862504795904.000000 -0.003450698 0.020900559 0.572418332 -0.003151807 0.002072782 -0.001636511 0.999991596
1785155862528994048.000000 -0.003660885 0.020956876 0.573976696 -0.002982354 0.001470294 -0.001773485 0.999992967
1785155862564812800.000000 -0.003529764 0.021074070 0.575822413 -0.003160118 0.000307516 -0.001767150 0.999993443
1785155862589127936.000000 -0.003623191 0.021045374 0.577072263 -0.003069537 0.000300563 -0.001638931 0.999993920
1785155862620801024.000000 -0.003763798 0.021252152 0.578599930 -0.002639450 0.001345660 -0.002111487 0.999993443
1785155862652765952.000000 -0.003488570 0.021074187 0.580273628 -0.002299772 0.002160298 -0.002206484 0.999992609
1785155862680846080.000000 -0.003825606 0.021108290 0.581370771 -0.002748920 0.002035181 -0.002081684 0.999992013
1785155862712879872.000000 -0.003449983 0.021165149 0.582476854 -0.002777300 0.000768095 -0.001688076 0.999994457
1785155862744802048.000000 -0.003701532 0.021370912 0.583568633 -0.002610445 0.000661979 -0.001968925 0.999994516
1785155862769051904.000000 -0.003531806 0.021277418 0.584362447 -0.001803877 0.000347167 -0.001910563 0.999996543
1785155862804843008.000000 -0.003575344 0.021268994 0.585119724 0.000410436 0.000435259 -0.002052513 0.999997735
1785155862829058816.000000 -0.003602137 0.021313583 0.585952282 0.000109075 0.001900818 -0.002279101 0.999995649
1785155862860823040.000000 -0.003573484 0.021335591 0.586960435 -0.002461576 0.003772100 -0.001790394 0.999988258
1785155862892833024.000000 -0.003551204 0.021361573 0.588079929 -0.001368702 0.004076130 -0.001824649 0.999989092
1785155862920859136.000000 -0.003522836 0.021396555 0.588949680 -0.000782421 0.003118931 -0.002183061 0.999992490
1785155862952850944.000000 -0.003533993 0.021380449 0.590044618 -0.001715600 0.002457531 -0.002069298 0.999993384
1785155862984832000.000000 -0.003580738 0.021446487 0.591046512 -0.001413099 0.003503784 -0.001670172 0.999991477
1785155863008884992.000000 -0.003618640 0.021460732 0.591999829 -0.001487760 0.004692635 -0.001981079 0.999985933
1785155863036881920.000000 -0.003216105 0.021787765 0.593140543 -0.001577794 0.005501364 -0.002000631 0.999981642
1785155863068849152.000000 -0.003244973 0.022134293 0.594388843 -0.000504935 0.005833857 -0.002033960 0.999980807
1785155863100845056.000000 -0.003327189 0.022365030 0.595380306 -0.001878318 0.004980622 -0.002047956 0.999983728
1785155863128894208.000000 -0.003263237 0.022350723 0.596069753 -0.001644431 0.003478572 -0.001630891 0.999991298
1785155863160881920.000000 -0.003226228 0.022144517 0.597352862 -0.000513996 0.002750468 -0.002031813 0.999994040
1785155863192862976.000000 -0.003212694 0.022053987 0.598360956 -0.000229382 0.003974445 -0.001894513 0.999990344
1785155863217110016.000000 -0.003198241 0.022143643 0.599187970 -0.000276418 0.005159520 -0.001759596 0.999985099
1785155863252886016.000000 -0.003194577 0.022149360 0.600322008 -0.001377876 0.005574819 -0.001858698 0.999981821
1785155863276909056.000000 -0.003131556 0.022267586 0.601065755 -0.000823926 0.004728722 -0.001712103 0.999987066
1785155863308887040.000000 -0.002995167 0.022339322 0.602288663 -0.000356737 0.004065696 -0.001646291 0.999990344
1785155863340837888.000000 -0.003113336 0.021332465 0.603433669 -0.001366428 0.003881145 -0.001476933 0.999990463
1785155863368918016.000000 -0.003057487 0.021454113 0.604187429 -0.001246042 0.003650152 -0.001554943 0.999991417
1785155863400913920.000000 -0.003112063 0.021372512 0.605262697 -0.001409613 0.003511267 -0.001507452 0.999991715
1785155863432878848.000000 -0.003086175 0.021305135 0.606220245 -0.000655045 0.003812412 -0.001475330 0.999991417
1785155863457082112.000000 -0.003091469 0.021547794 0.606916368 -0.000757286 0.004668640 -0.001425944 0.999987841
1785155863492919808.000000 -0.003098227 0.021817992 0.607887387 -0.000949065 0.005135005 -0.001263934 0.999985635
1785155863517189888.000000 -0.003085710 0.021745237 0.608824074 -0.001427861 0.004478264 -0.000983198 0.999988556
1785155863548916224.000000 -0.003101786 0.022050479 0.609752178 -0.001436894 0.003803970 -0.000996806 0.999991298
1785155863580915968.000000 -0.003117608 0.022796607 0.610567629 0.000113173 0.003509054 -0.001620499 0.999992549
1785155863608939776.000000 -0.003110434 0.022620026 0.611304641 0.000079071 0.003355721 -0.001495187 0.999993265
1785155863640897024.000000 -0.003103601 0.022868805 0.612063169 -0.000710112 0.003459733 -0.001115032 0.999993205
1785155863672910080.000000 -0.003115924 0.023584699 0.613000035 0.000489256 0.003261986 -0.001690867 0.999993205
1785155863700946944.000000 -0.003119250 0.022593543 0.614133418 -0.000315920 0.003183830 -0.001149715 0.999994218
1785155863732933888.000000 -0.003027029 0.021079374 0.615521550 -0.001716394 0.002980817 -0.000402834 0.999994040
1785155863757000960.000000 -0.002955001 0.020996859 0.616280913 -0.001963618 0.003051266 -0.000198984 0.999993443
1785155863788902912.000000 -0.003016839 0.020841392 0.617229223 -0.001977029 0.003420803 -0.000138280 0.999992192
1785155863817176064.000000 -0.003084379 0.020883165 0.617924035 -0.001676322 0.003674966 -0.000326903 0.999991834
1785155863848958976.000000 -0.002954563 0.021007812 0.618855596 -0.001469413 0.003398883 -0.000182000 0.999993205
1785155863880956928.000000 -0.003017247 0.021388471 0.619430661 -0.000651422 0.003873519 -0.000502148 0.999992192
1785155863912897024.000000 -0.003171956 0.021346234 0.620271146 -0.001030015 0.004302521 -0.000577536 0.999990046
1785155863941004032.000000 -0.003162029 0.022072423 0.620906174 -0.000049139 0.004604146 -0.000942320 0.999988973
1785155863972968960.000000 -0.003159613 0.022221375 0.621717155 -0.000268723 0.004501568 -0.000855849 0.999989510
1785155863997070080.000000 -0.003276094 0.022244412 0.622413278 0.000122365 0.004716012 -0.001047691 0.999988317
1785155864028916992.000000 -0.003237176 0.022496786 0.623076260 0.000324447 0.004525283 -0.000914656 0.999989331
1785155864056986112.000000 -0.003253865 0.022100933 0.623632729 0.000327496 0.004608023 -0.000780964 0.999989092
1785155864088994048.000000 -0.003128809 0.022191521 0.624551773 0.000603746 0.004800347 -0.000730269 0.999988079
1785155864120953088.000000 -0.003146468 0.022385377 0.625367582 -0.000927524 0.002684037 -0.001106756 0.999995351
1785155864152961024.000000 -0.003281164 0.022822635 0.625198007 0.000335373 0.001723763 -0.001265172 0.999997675
1785155864181004032.000000 -0.003300203 0.022639832 0.624984860 0.001339515 0.001915404 -0.000907296 0.999996901
1785155864212958208.000000 -0.003219332 0.022763837 0.624786019 0.002217602 0.001637425 -0.000954144 0.999995768
1785155864236988928.000000 -0.003320086 0.023040121 0.624827087 0.001665171 0.002171521 -0.001256542 0.999995530
1785155864272990976.000000 -0.003256208 0.023103001 0.624853551 0.001141402 0.001680986 -0.001096754 0.999997377
1785155864297018112.000000 -0.003279966 0.022922277 0.625007033 0.000709737 0.001740790 -0.000767950 0.999997973
1785155864328975872.000000 -0.003265508 0.022844436 0.624979794 0.000720418 0.001691264 -0.000810309 0.999998033
1785155864360948992.000000 -0.003229963 0.022688875 0.625112414 0.000595943 0.001546104 -0.000743232 0.999998391
1785155864389008896.000000 -0.003297808 0.022911711 0.624854088 0.000919867 0.001700434 -0.000788017 0.999997795
1785155864421016832.000000 -0.003289405 0.023213109 0.624881923 0.001288570 0.001683636 -0.000779456 0.999997497
1785155864452997888.000000 -0.003244558 0.023004986 0.624831617 0.001171101 0.001578653 -0.000602369 0.999997914
1785155864477191936.000000 -0.003267000 0.022542199 0.624999225 0.000885880 0.001573557 -0.000447740 0.999998271
1785155864513014016.000000 -0.003314917 0.022757974 0.625007987 0.001030911 0.001578219 -0.000721841 0.999998033
1785155864537328128.000000 -0.003466709 0.023014672 0.625027657 0.000908562 0.001717326 -0.000982291 0.999997675
1785155864569011968.000000 -0.003236083 0.022783317 0.625080109 0.000818081 0.001536024 -0.000763418 0.999998212
1785155864600972032.000000 -0.003255364 0.022849761 0.624909341 0.001055934 0.001356080 -0.000768683 0.999998212
1785155864629040128.000000 -0.003232003 0.022852436 0.624999344 0.000920456 0.001320618 -0.000904618 0.999998391
1785155864661053952.000000 -0.003271610 0.022949846 0.624961913 0.001031226 0.001389264 -0.000942554 0.999998093
1785155864693016064.000000 -0.003362378 0.023053803 0.624912500 0.001228095 0.001375338 -0.000872011 0.999997914
1785155864729049856.000000 -0.003265175 0.023061959 0.624867201 0.001133631 0.001332138 -0.000872264 0.999998093
1785155864753065984.000000 -0.003269904 0.022712147 0.625063658 0.000794765 0.001080452 -0.000689706 0.999998868
1785155864785021184.000000 -0.003208858 0.022528961 0.625006199 0.000521266 0.000793496 -0.000617370 0.999999404
1785155864817009920.000000 -0.003277404 0.022198223 0.624800146 -0.000847328 -0.001025117 -0.000745068 0.999998868
1785155864845065984.000000 -0.003235900 0.022949807 0.624187112 0.000338688 -0.003921356 -0.000937121 0.999991834
1785155864877060864.000000 -0.003111336 0.022677733 0.623336971 0.000527459 -0.007810425 -0.000590285 0.999969184
1785155864901058048.000000 -0.003234332 0.022438882 0.622558236 0.000092727 -0.009065733 -0.000769863 0.999958634
1785155864933010944.000000 -0.003068414 0.022241144 0.621634007 -0.000578254 -0.008616459 -0.000771249 0.999962449
1785155864961083904.000000 -0.003139072 0.022555629 0.620456398 -0.000583013 -0.006919103 -0.000962458 0.999975443
1785155864993093888.000000 -0.003073081 0.022507465 0.618960619 -0.000475135 -0.005079231 -0.000781014 0.999986708
1785155865025056000.000000 -0.003052849 0.022557208 0.617251098 -0.000535029 -0.003974455 -0.000703337 0.999991715
1785155865049218816.000000 -0.002900179 0.022530362 0.616034210 -0.000270698 -0.003198372 -0.000707188 0.999994576
1785155865085078016.000000 -0.002886635 0.022552697 0.614290178 -0.000990466 -0.001813402 -0.000778986 0.999997556
1785155865109342208.000000 -0.003140689 0.022867160 0.612780809 -0.001256573 -0.001086326 -0.001091570 0.999998093
1785155865141074944.000000 -0.003021484 0.022353729 0.611483335 -0.000846069 -0.000878977 -0.000804836 0.999998927
1785155865173038080.000000 -0.002830516 0.022285122 0.609865367 -0.001715779 -0.000552727 -0.000638402 0.999998212
1785155865201102080.000000 -0.002940914 0.022498120 0.608494043 -0.001061034 0.000230892 -0.000771757 0.999999106
1785155865233102080.000000 -0.002814984 0.022175729 0.606987476 -0.001092148 0.000829030 -0.000862789 0.999998689
1785155865265069056.000000 -0.002695735 0.022257170 0.605419755 -0.001317905 0.000543382 -0.001023788 0.999998510
1785155865289416960.000000 -0.002758830 0.022174485 0.604362965 -0.000496696 0.000431209 -0.001061032 0.999999285
1785155865325112064.000000 -0.002854031 0.022267159 0.603055716 0.001331058 0.000207368 -0.001322682 0.999998212
1785155865349495808.000000 -0.002987493 0.022346279 0.602043986 0.001393487 -0.000816778 -0.001466495 0.999997616
1785155865381095936.000000 -0.002792296 0.022372015 0.601085246 -0.000678509 -0.002575204 -0.001088398 0.999995947
1785155865417118976.000000 -0.002785890 0.022221608 0.600079358 -0.001617426 -0.003000072 -0.000802660 0.999993920
1785155865441137152.000000 -0.002812453 0.022139139 0.599387348 -0.000899919 -0.002685744 -0.001018326 0.999995530
1785155865473096960.000000 -0.002820502 0.022088187 0.598552525 0.000359728 -0.002190584 -0.001353241 0.999996603
1785155865505069056.000000 -0.002942049 0.021875717 0.597733200 -0.000927621 -0.002640184 -0.001191249 0.999995410
1785155865533137152.000000 -0.002713359 0.022187749 0.597308934 -0.002171776 -0.003349135 -0.000889187 0.999991715
1785155865565128960.000000 -0.002715125 0.022028841 0.596554101 -0.001416701 -0.002767743 -0.001077370 0.999994576
1785155865589169152.000000 -0.002731268 0.021801911 0.596050322 -0.001104148 -0.002437870 -0.001447360 0.999995410
1785155865621083904.000000 -0.002901401 0.021869289 0.595223546 -0.001711080 -0.002157412 -0.001346876 0.999995351
1785155865649157888.000000 -0.002830265 0.022112321 0.594682574 0.000116233 -0.001882963 -0.001372153 0.999997318
1785155865681158912.000000 -0.002886779 0.021755150 0.594709277 0.003935977 -0.000362062 -0.002396918 0.999989390
1785155865713125888.000000 -0.002885108 0.021873800 0.595000446 0.000589099 0.001048170 -0.001933574 0.999997497
1785155865745120000.000000 -0.002875320 0.022028241 0.595291555 -0.001946372 0.001534563 -0.001388055 0.999996006
1785155865773159936.000000 -0.002629080 0.021778995 0.595673084 -0.003273281 0.000835641 -0.000705363 0.999994040
1785155865805163008.000000 -0.002899949 0.022070689 0.595771253 -0.001634068 -0.000138129 -0.001477829 0.999997616
1785155865829391872.000000 -0.002921519 0.022116842 0.595777214 -0.000849526 -0.000851590 -0.001874193 0.999997556
1785155865861159168.000000 -0.002885542 0.022041691 0.595748544 -0.001032594 -0.000955280 -0.001561563 0.999997854
1785155865897169152.000000 -0.002870140 0.021658510 0.595805883 -0.002211037 -0.000768407 -0.001118909 0.999996662
1785155865921475840.000000 -0.003045576 0.022093812 0.595657706 -0.001445864 -0.000436462 -0.001634670 0.999997556
1785155865953170176.000000 -0.002867723 0.022032438 0.595597506 -0.000800648 -0.000712721 -0.001703641 0.999998033
1785155865989170176.000000 -0.002949535 0.022239134 0.595511675 -0.000835709 -0.000932793 -0.001686307 0.999997854
1785155866013201920.000000 -0.002933198 0.022230549 0.595417500 -0.001202916 -0.000963097 -0.001572731 0.999997556
1785155866045159168.000000 -0.002911035 0.022501204 0.595505238 -0.000863546 -0.000978588 -0.001774441 0.999997616
1785155866077128960.000000 -0.002949408 0.022432309 0.595557153 0.000175928 -0.004537891 -0.001945732 0.999987841
1785155866105195008.000000 -0.002948313 0.022258883 0.595568955 -0.000754848 -0.012408581 -0.001668448 0.999921381
1785155866137195008.000000 -0.002895663 0.021937473 0.595759749 -0.001685044 -0.030833419 -0.000703076 0.999522865
1785155866169172992.000000 -0.002936880 0.022013968 0.595961452 0.000322691 -0.056358919 -0.000513669 0.998410463
1785155866193159936.000000 -0.002948930 0.022093793 0.596041262 0.000840988 -0.080540709 0.000005200 0.996751010
1785155866221260032.000000 -0.002978297 0.021767262 0.596298277 -0.000484257 -0.109473184 0.000929854 0.993989229
1785155866253221888.000000 -0.003306761 0.021849452 0.596766233 -0.000500454 -0.153570116 0.002190889 0.988135219
1785155866285190144.000000 -0.003892232 0.021857819 0.596717894 -0.000609399 -0.202485487 0.003777837 0.979277849
1785155866317186048.000000 -0.004774403 0.022007762 0.597227156 -0.000958537 -0.251873225 0.004372175 0.967749953
1785155866345228032.000000 -0.005134281 0.022172164 0.597145915 0.000225879 -0.288067549 0.005701704 0.957593143
1785155866377222912.000000 -0.005779609 0.022297673 0.597498178 -0.000031128 -0.336448073 0.006940153 0.941676497
1785155866409198080.000000 -0.006093003 0.022419922 0.597379684 -0.000272379 -0.384479582 0.008419260 0.923095107
1785155866433271808.000000 -0.006233141 0.022270966 0.598045707 -0.000183778 -0.419507295 0.009385763 0.907703459
1785155866469224960.000000 -0.006407470 0.022035636 0.597912073 -0.000903776 -0.464664608 0.010893143 0.885419369
1785155866493245952.000000 -0.005838543 0.021633267 0.597940326 -0.000675826 -0.498322248 0.010467809 0.866928458
1785155866525212160.000000 -0.006044120 0.021837909 0.597969770 -0.000308596 -0.541650951 0.012618237 0.840508759
1785155866561233152.000000 -0.005539298 0.021695947 0.597946405 -0.000324824 -0.581666112 0.014708826 0.813294590
1785155866585239808.000000 -0.005034059 0.021556117 0.597972095 -0.000340290 -0.620316505 0.016764905 0.784172356
1785155866585239808.000000 -0.005034059 0.021556117 0.597972095 -0.000340290 -0.620316505 0.016764905 0.784172356
1785155866585239808.000000 -0.005034059 0.021556117 0.597972095 -0.000340290 -0.620316505 0.016764905 0.784172356
1785155866585239808.000000 -0.005034059 0.021556117 0.597972095 -0.000340290 -0.620316505 0.016764905 0.784172356
1785155866585239808.000000 -0.005034059 0.021556117 0.597972095 -0.000340290 -0.620316505 0.016764905 0.784172356
1785155866585239808.000000 -0.005034059 0.021556117 0.597972095 -0.000340290 -0.620316505 0.016764905 0.784172356
1785155866585239808.000000 -0.005034059 0.021556117 0.597972095 -0.000340290 -0.620316505 0.016764905 0.784172356
1785155866585239808.000000 -0.005034059 0.021556117 0.597972095 -0.000340290 -0.620316505 0.016764905 0.784172356
1785155866585239808.000000 -0.005034059 0.021556117 0.597972095 -0.000340290 -0.620316505 0.016764905 0.784172356
1785155866585239808.000000 -0.005034059 0.021556117 0.597972095 -0.000340290 -0.620316505 0.016764905 0.784172356
1785155866585239808.000000 -0.005034059 0.021556117 0.597972095 -0.000340290 -0.620316505 0.016764905 0.784172356
1785155866585239808.000000 -0.005034059 0.021556117 0.597972095 -0.000340290 -0.620316505 0.016764905 0.784172356
1785155866585239808.000000 -0.005034059 0.021556117 0.597972095 -0.000340290 -0.620316505 0.016764905 0.784172356
1785155866585239808.000000 -0.005034059 0.021556117 0.597972095 -0.000340290 -0.620316505 0.016764905 0.784172356
1785155866585239808.000000 -0.005034059 0.021556117 0.597972095 -0.000340290 -0.620316505 0.016764905 0.784172356
1785155866585239808.000000 -0.005034059 0.021556117 0.597972095 -0.000340290 -0.620316505 0.016764905 0.784172356
1785155866585239808.000000 -0.005034059 0.021556117 0.597972095 -0.000340290 -0.620316505 0.016764905 0.784172356
1785155866585239808.000000 -0.005034059 0.021556117 0.597972095 -0.000340290 -0.620316505 0.016764905 0.784172356
1785155866585239808.000000 -0.005034059 0.021556117 0.597972095 -0.000340290 -0.620316505 0.016764905 0.784172356
1785155866585239808.000000 -0.005034059 0.021556117 0.597972095 -0.000340290 -0.620316505 0.016764905 0.784172356
1785155866585239808.000000 -0.005034059 0.021556117 0.597972095 -0.000340290 -0.620316505 0.016764905 0.784172356
1785155866585239808.000000 -0.005034059 0.021556117 0.597972095 -0.000340290 -0.620316505 0.016764905 0.784172356
1785155866585239808.000000 -0.005034059 0.021556117 0.597972095 -0.000340290 -0.620316505 0.016764905 0.784172356
1785155866585239808.000000 -0.005034059 0.021556117 0.597972095 -0.000340290 -0.620316505 0.016764905 0.784172356
1785155866585239808.000000 -0.005034059 0.021556117 0.597972095 -0.000340290 -0.620316505 0.016764905 0.784172356
1785155866585239808.000000 -0.005034059 0.021556117 0.597972095 -0.000340290 -0.620316505 0.016764905 0.784172356
1785155866585239808.000000 -0.005034059 0.021556117 0.597972095 -0.000340290 -0.620316505 0.016764905 0.784172356
1785155866585239808.000000 -0.005034059 0.021556117 0.597972095 -0.000340290 -0.620316505 0.016764905 0.784172356
1785155866585239808.000000 -0.005034059 0.021556117 0.597972095 -0.000340290 -0.620316505 0.016764905 0.784172356
1785155866585239808.000000 -0.005034059 0.021556117 0.597972095 -0.000340290 -0.620316505 0.016764905 0.784172356
1785155866585239808.000000 -0.005034059 0.021556117 0.597972095 -0.000340290 -0.620316505 0.016764905 0.784172356
1785155866585239808.000000 -0.005034059 0.021556117 0.597972095 -0.000340290 -0.620316505 0.016764905 0.784172356
1785155866585239808.000000 -0.005034059 0.021556117 0.597972095 -0.000340290 -0.620316505 0.016764905 0.784172356
1785155866585239808.000000 -0.005034059 0.021556117 0.597972095 -0.000340290 -0.620316505 0.016764905 0.784172356
1785155866585239808.000000 -0.005034059 0.021556117 0.597972095 -0.000340290 -0.620316505 0.016764905 0.784172356
1785155866585239808.000000 -0.005034059 0.021556117 0.597972095 -0.000340290 -0.620316505 0.016764905 0.784172356
1785155866585239808.000000 -0.005034059 0.021556117 0.597972095 -0.000340290 -0.620316505 0.016764905 0.784172356
1785155866585239808.000000 -0.005034059 0.021556117 0.597972095 -0.000340290 -0.620316505 0.016764905 0.784172356
1785155866585239808.000000 -0.005034059 0.021556117 0.597972095 -0.000340290 -0.620316505 0.016764905 0.784172356
1785155866585239808.000000 -0.005034059 0.021556117 0.597972095 -0.000340290 -0.620316505 0.016764905 0.784172356
1785155866585239808.000000 -0.005034059 0.021556117 0.597972095 -0.000340290 -0.620316505 0.016764905 0.784172356
1785155866585239808.000000 -0.005034059 0.021556117 0.597972095 -0.000340290 -0.620316505 0.016764905 0.784172356
1785155866585239808.000000 -0.005034059 0.021556117 0.597972095 -0.000340290 -0.620316505 0.016764905 0.784172356
1785155866585239808.000000 -0.005034059 0.021556117 0.597972095 -0.000340290 -0.620316505 0.016764905 0.784172356
1785155866585239808.000000 -0.005034059 0.021556117 0.597972095 -0.000340290 -0.620316505 0.016764905 0.784172356
1785155866585239808.000000 -0.005034059 0.021556117 0.597972095 -0.000340290 -0.620316505 0.016764905 0.784172356
1785155866585239808.000000 -0.005034059 0.021556117 0.597972095 -0.000340290 -0.620316505 0.016764905 0.784172356
1785155866585239808.000000 -0.005034059 0.021556117 0.597972095 -0.000340290 -0.620316505 0.016764905 0.784172356
1785155866585239808.000000 -0.005034059 0.021556117 0.597972095 -0.000340290 -0.620316505 0.016764905 0.784172356
1785155866585239808.000000 -0.005034059 0.021556117 0.597972095 -0.000340290 -0.620316505 0.016764905 0.784172356
1785155866585239808.000000 -0.005034059 0.021556117 0.597972095 -0.000340290 -0.620316505 0.016764905 0.784172356
1785155866585239808.000000 -0.005034059 0.021556117 0.597972095 -0.000340290 -0.620316505 0.016764905 0.784172356
1785155866585239808.000000 -0.005034059 0.021556117 0.597972095 -0.000340290 -0.620316505 0.016764905 0.784172356
1785155866585239808.000000 -0.005034059 0.021556117 0.597972095 -0.000340290 -0.620316505 0.016764905 0.784172356
1785155866585239808.000000 -0.005034059 0.021556117 0.597972095 -0.000340290 -0.620316505 0.016764905 0.784172356
1785155866585239808.000000 -0.005034059 0.021556117 0.597972095 -0.000340290 -0.620316505 0.016764905 0.784172356
1785155866585239808.000000 -0.005034059 0.021556117 0.597972095 -0.000340290 -0.620316505 0.016764905 0.784172356
1785155866585239808.000000 -0.005034059 0.021556117 0.597972095 -0.000340290 -0.620316505 0.016764905 0.784172356
1785155866585239808.000000 -0.005034059 0.021556117 0.597972095 -0.000340290 -0.620316505 0.016764905 0.784172356
1785155866585239808.000000 -0.005034059 0.021556117 0.597972095 -0.000340290 -0.620316505 0.016764905 0.784172356
1785155866585239808.000000 -0.005034059 0.021556117 0.597972095 -0.000340290 -0.620316505 0.016764905 0.784172356
1785155866585239808.000000 -0.005034059 0.021556117 0.597972095 -0.000340290 -0.620316505 0.016764905 0.784172356
1785155866585239808.000000 -0.005034059 0.021556117 0.597972095 -0.000340290 -0.620316505 0.016764905 0.784172356
1785155866585239808.000000 -0.005034059 0.021556117 0.597972095 -0.000340290 -0.620316505 0.016764905 0.784172356
1785155866585239808.000000 -0.005034059 0.021556117 0.597972095 -0.000340290 -0.620316505 0.016764905 0.784172356
1785155866585239808.000000 -0.005034059 0.021556117 0.597972095 -0.000340290 -0.620316505 0.016764905 0.784172356
1785155866585239808.000000 -0.005034059 0.021556117 0.597972095 -0.000340290 -0.620316505 0.016764905 0.784172356
1785155866585239808.000000 -0.005034059 0.021556117 0.597972095 -0.000340290 -0.620316505 0.016764905 0.784172356
1785155866585239808.000000 -0.005034059 0.021556117 0.597972095 -0.000340290 -0.620316505 0.016764905 0.784172356
1785155866585239808.000000 -0.005034059 0.021556117 0.597972095 -0.000340290 -0.620316505 0.016764905 0.784172356
1785155866585239808.000000 -0.005034059 0.021556117 0.597972095 -0.000340290 -0.620316505 0.016764905 0.784172356
1785155866585239808.000000 -0.005034059 0.021556117 0.597972095 -0.000340290 -0.620316505 0.016764905 0.784172356
1785155866585239808.000000 -0.005034059 0.021556117 0.597972095 -0.000340290 -0.620316505 0.016764905 0.784172356
1785155866585239808.000000 -0.005034059 0.021556117 0.597972095 -0.000340290 -0.620316505 0.016764905 0.784172356
1785155866585239808.000000 -0.005034059 0.021556117 0.597972095 -0.000340290 -0.620316505 0.016764905 0.784172356
1785155866585239808.000000 -0.005034059 0.021556117 0.597972095 -0.000340290 -0.620316505 0.016764905 0.784172356
1785155866585239808.000000 -0.005034059 0.021556117 0.597972095 -0.000340290 -0.620316505 0.016764905 0.784172356
1785155866585239808.000000 -0.005034059 0.021556117 0.597972095 -0.000340290 -0.620316505 0.016764905 0.784172356
1785155866585239808.000000 -0.005034059 0.021556117 0.597972095 -0.000340290 -0.620316505 0.016764905 0.784172356
1785155866585239808.000000 -0.005034059 0.021556117 0.597972095 -0.000340290 -0.620316505 0.016764905 0.784172356
1785155866585239808.000000 -0.005034059 0.021556117 0.597972095 -0.000340290 -0.620316505 0.016764905 0.784172356
1785155866585239808.000000 -0.005034059 0.021556117 0.597972095 -0.000340290 -0.620316505 0.016764905 0.784172356
1785155866585239808.000000 -0.005034059 0.021556117 0.597972095 -0.000340290 -0.620316505 0.016764905 0.784172356
1785155866585239808.000000 -0.005034059 0.021556117 0.597972095 -0.000340290 -0.620316505 0.016764905 0.784172356
1785155866585239808.000000 -0.005034059 0.021556117 0.597972095 -0.000340290 -0.620316505 0.016764905 0.784172356
1785155866585239808.000000 -0.005034059 0.021556117 0.597972095 -0.000340290 -0.620316505 0.016764905 0.784172356
1785155866585239808.000000 -0.005034059 0.021556117 0.597972095 -0.000340290 -0.620316505 0.016764905 0.784172356
1785155866585239808.000000 -0.005034059 0.021556117 0.597972095 -0.000340290 -0.620316505 0.016764905 0.784172356
1785155866585239808.000000 -0.005034059 0.021556117 0.597972095 -0.000340290 -0.620316505 0.016764905 0.784172356
1785155866585239808.000000 -0.005034059 0.021556117 0.597972095 -0.000340290 -0.620316505 0.016764905 0.784172356
1785155866585239808.000000 -0.005034059 0.021556117 0.597972095 -0.000340290 -0.620316505 0.016764905 0.784172356
1785155866585239808.000000 -0.005034059 0.021556117 0.597972095 -0.000340290 -0.620316505 0.016764905 0.784172356
1785155866585239808.000000 -0.005034059 0.021556117 0.597972095 -0.000340290 -0.620316505 0.016764905 0.784172356
1785155866585239808.000000 -0.005034059 0.021556117 0.597972095 -0.000340290 -0.620316505 0.016764905 0.784172356
1785155866585239808.000000 -0.005034059 0.021556117 0.597972095 -0.000340290 -0.620316505 0.016764905 0.784172356
1785155866585239808.000000 -0.005034059 0.021556117 0.597972095 -0.000340290 -0.620316505 0.016764905 0.784172356
1785155866585239808.000000 -0.005034059 0.021556117 0.597972095 -0.000340290 -0.620316505 0.016764905 0.784172356
