0 0.09203304573341405 0.09606692319289044 5 0.12626262626262627
0 0.07460052511783218 0.07658141849677633 10 0.11976047904191617
0 0.05648616432443078 0.055817999959139816 15 0.11700468018720747
1 0.09051092389690867 0.09410144979182934 5 0.12658227848101267
1 0.07381310115447008 0.07734470690325446 10 0.1199040767386091
1 0.05701291110021292 0.056431354170485504 15 0.117096018735363
2 0.08930097335726626 0.09213444158033965 5 0.12690355329949238
2 0.07319920581377376 0.07824545772495699 10 0.12004801920768306
2 0.05433545793870913 0.05823739811265257 15 0.117096018735363
3 0.087877378140204 0.08923831530047725 5 0.1272264631043257
3 0.07216177991437384 0.07966753418778592 10 0.12004801920768306
3 0.054809445713335216 0.05923627535106894 15 0.1171875
4 0.08390269262132566 0.08790825074915286 5 0.1272264631043257
4 0.07137564461086476 0.08119509087988867 10 0.12019230769230768
4 0.05533605552330337 0.06030325253985818 15 0.11727912431587177
5 0.08273220445899916 0.08613014176176906 5 0.12755102040816327
5 0.07080628868906186 0.08252234037544647 10 0.12033694344163658
5 0.05281528563750412 0.062054406193655196 15 0.11727912431587177
6 0.08184881999490116 0.08428496140727283 5 0.1278772378516624
6 0.06997969558802501 0.08391108169478122 10 0.12033694344163658
6 0.05311507115634958 0.06290990496347681 15 0.11737089201877933
7 0.07872734688428605 0.0835276121446055 5 0.1278772378516624
7 0.06924329476106675 0.08564630139652385 10 0.12048192771084337
7 0.05360943993845746 0.06410510494831191 15 0.11746280344557557
8 0.07717284095540894 0.08175268369554631 5 0.1282051282051282
8 0.06782028718463115 0.08753351568799021 10 0.12048192771084337
8 0.05188726684716581 0.06601751015754356 15 0.11746280344557557
9 0.07408936104763589 0.08165584094083202 5 0.1282051282051282
9 0.06699635208752298 0.08885159560997764 10 0.12062726176115801
9 0.049304777329594415 0.06780736087023474 15 0.11746280344557557
10 0.07267828422875855 0.08121250427523424 5 0.12853470437017994
10 0.06566638058125615 0.09012066454123428 10 0.12062726176115801
10 0.049786624315271796 0.06869429611173462 15 0.11755485893416927
11 0.07112782392358882 0.08121073837563937 5 0.12886597938144329
11 0.0648703298819791 0.09075790426644716 10 0.12077294685990336
11 0.047316716253179125 0.06984891019969032 15 0.11755485893416927
12 0.06807870469798546 0.08170193072913187 5 0.12886597938144329
12 0.062454633731769495 0.09170706787640484 10 0.12077294685990336
12 0.04471068783779975 0.0713783074600584 15 0.11755485893416927
13 0.0644917305746189 0.08118784429703063 5 0.12886597938144329
13 0.060379325318914025 0.09329450872006692 10 0.12077294685990336
13 0.04531568422857369 0.07242109635317145 15 0.11764705882352941
14 0.06274257283665835 0.08154192234926166 5 0.12919896640826872
14 0.059507172736281755 0.09393836510956842 10 0.12091898428053204
14 0.042416402127860416 0.07365061993577122 15 0.11764705882352941
15 0.05932585281151835 0.08271501155490138 5 0.12919896640826872
15 0.05617521349154246 0.09438135936545958 10 0.12091898428053204
15 0.04093916309834812 0.07468004461269172 15 0.11764705882352941
16 0.05624238466493965 0.08364368826968305 5 0.12919896640826872
16 0.05508594789430347 0.09405108376409124 10 0.12106537530266342
16 0.04166403555435279 0.0752019340792868 15 0.11773940345368916
17 0.052252757504808046 0.08389885690621687 5 0.12919896640826872
17 0.04965591594649613 0.09431651658215966 10 0.12091898428053204
17 0.03905966498505805 0.07598968504891833 15 0.11773940345368916
18 0.0502744206327046 0.08468638913432713 5 0.12953367875647667
18 0.048641824578020285 0.09416658860028135 10 0.12106537530266342
18 0.03751879239639671 0.07662483112428484 15 0.11773940345368916
19 0.046790767188367596 0.08475848003457566 5 0.12953367875647667
19 0.04577168747275608 0.09428200616666986 10 0.12106537530266342
19 0.035440479929643415 0.07750422657515675 15 0.11773940345368916
20 0.04420455213376683 0.08486501394727279 5 0.12953367875647667
20 0.04239625300606565 0.09423269960895278 10 0.12106537530266342
20 0.03385734243617744 0.07791940234852214 15 0.11773940345368916
21 0.040581590491745353 0.08521329903238921 5 0.12953367875647667
21 0.03924435345302941 0.09348308835467051 10 0.12106537530266342
21 0.03303004269645497 0.07828410267353789 15 0.11773940345368916
22 0.037921878903605655 0.08679480164981453 5 0.12987012987012986
22 0.03783205985460362 0.09221137373392793 10 0.12121212121212122
22 0.0320591077856963 0.0785017001136823 15 0.11773940345368916
23 0.03327139701386602 0.08739099076076648 5 0.12987012987012986
23 0.033382709239394445 0.08963487980335835 10 0.12121212121212122
23 0.031532341720281756 0.07882276216359828 15 0.11773940345368916
24 0.030380966608698524 0.08770111763804231 5 0.12987012987012986
24 0.029314236195372368 0.08792334526126129 10 0.12121212121212122
24 0.03251079484434368 0.07921362142227162 15 0.11783189316575018
25 0.026311149943646334 0.08884287179977532 5 0.12987012987012986
25 0.024517433913389182 0.08560498352331644 10 0.12121212121212122
25 0.03245697641676869 0.07927842607603017 15 0.11783189316575018
26 0.02295416436420095 0.08943298649903789 5 0.12987012987012986
26 0.020765031293355433 0.0828762388243098 10 0.12121212121212122
26 0.03273493504176946 0.07935857420305495 15 0.11783189316575018
27 0.018269957974017682 0.09034335256951467 5 0.12987012987012986
27 0.01588291010265911 0.07850030323817841 10 0.12121212121212122
27 0.03315966861963646 0.07954526531080236 15 0.11783189316575018
28 0.014140479596530142 0.09176139119799644 5 0.12987012987012986
28 0.011114608443844801 0.07298460704367155 10 0.12121212121212122
28 0.033555683456173865 0.07961794856874276 15 0.11773940345368916
29 0.012040447883850428 0.09255771579054572 5 0.12987012987012986
29 0.00726034922257217 0.06912606264018437 10 0.12121212121212122
29 0.03466319875227748 0.07980915593959577 15 0.11773940345368916
30 0.011346896398970657 0.09392433357581587 5 0.12987012987012986
30 0.004814136108305193 0.06477166945816197 10 0.12121212121212122
30 0.03561393884374884 0.08000048205465275 15 0.11773940345368916
31 0.013443235146466564 0.09526001361570305 5 0.12987012987012986
31 0.00582629571352061 0.058242534968490745 10 0.12121212121212122
31 0.03724718967218186 0.08025123745859351 15 0.11773940345368916
32 0.017592304965016865 0.09705164115008419 5 0.12987012987012986
32 0.010158924746908033 0.05130735838791006 10 0.12121212121212122
32 0.038697783079099275 0.08048056686014181 15 0.11773940345368916
33 0.020500427486966684 0.09750236308000307 5 0.12987012987012986
33 0.01407045511889212 0.04622591332436786 10 0.12121212121212122
33 0.04003825037897384 0.08109365985207591 15 0.11783189316575018
34 0.024567004584166822 0.09886239299923673 5 0.12987012987012986
34 0.018401527283488626 0.0401833024365022 10 0.12121212121212122
34 0.041579212998997785 0.08166814118609193 15 0.11783189316575018
35 0.02829293170077985 0.09906245414555431 5 0.12987012987012986
35 0.02248780493849937 0.034761367250008765 10 0.12121212121212122
35 0.04251644945347905 0.08221958661887135 15 0.11783189316575018
36 0.0327283474624145 0.10028031600861517 5 0.12987012987012986
36 0.02756794081131834 0.028502814274443122 10 0.12121212121212122
36 0.043157603781074604 0.0841576954129864 15 0.11764705882352941
37 0.035506924334915535 0.09984815227820747 5 0.12987012987012986
37 0.03109150554862472 0.02492546256752514 10 0.12121212121212122
37 0.04289243184738041 0.08526930865927654 15 0.11746280344557557
38 0.04043174807889125 0.10003449032199914 5 0.12987012987012986
38 0.03679987964696978 0.02036933888885502 10 0.12106537530266342
38 0.043622166196886115 0.0866158699601409 15 0.1171875
39 0.044604952231316095 0.09876536457185395 5 0.12987012987012986
39 0.038812661941328035 0.019830565553174265 10 0.12121212121212122
39 0.04454633161659304 0.08769528173050385 15 0.117096018735363
40 0.05316972308734728 0.1032983140078538 5 0.13020833333333331
40 0.04457167861630136 0.02305060573199361 10 0.12121212121212122
40 0.04689028042289491 0.0903542838837963 15 0.11673151750972763
41 0.058893997956049535 0.10444170960253422 5 0.13020833333333331
41 0.04909345244106117 0.02942754141561072 10 0.12121212121212122
41 0.048277734711912816 0.09254167161444528 15 0.11627906976744186
42 0.06660768304820622 0.10685106613509224 5 0.13020833333333331
42 0.05563592698383966 0.04049048058682867 10 0.12106537530266342
42 0.05122927428131584 0.09539652177402046 15 0.11565150346954509
43 0.0684460803119025 0.10352754507242454 5 0.13020833333333331
43 0.05819034609909117 0.04465261153127947 10 0.12106537530266342
43 0.05160596419919636 0.09711247825033274 15 0.11485451761102604
44 0.06543038173627257 0.09819921754290395 5 0.13020833333333331
44 0.058097141214820236 0.04386121732944331 10 0.12106537530266342
44 0.050550397659764566 0.09741665467546053 15 0.11424219345011423
45 0.06029317807074587 0.09242003202389629 5 0.13020833333333331
45 0.056896508518183085 0.0413455765540887 10 0.12106537530266342
45 0.050563225714345246 0.09713859680057606 15 0.11312217194570136
46 0.05816262908430132 0.08808405073959583 5 0.13020833333333331
46 0.05695231884543215 0.04080526213854187 10 0.12106537530266342
46 0.049744760218554125 0.09684074104269524 15 0.11244377811094453
47 0.05794646478983343 0.08465877106145667 5 0.13020833333333331
47 0.05830580564542762 0.04323683935999365 10 0.12106537530266342
47 0.0456787904951719 0.09549865787794537 15 0.10917030567685589
48 0.05643720829843983 0.08114638297662743 5 0.13020833333333331
48 0.060100131554920444 0.04761880526291144 10 0.12091898428053204
48 0.046555444021056866 0.09549327371312341 15 0.10869565217391304
49 0.05545664621440925 0.07862321068555642 5 0.13020833333333331
49 0.06014830434999324 0.04747241508705001 10 0.12106537530266342
49 0.04702559380244718 0.09543467318400829 15 0.10853835021707668
50 0.05338572577587679 0.07469741929042772 5 0.13020833333333331
50 0.061085921874830654 0.04881608651130721 10 0.12091898428053204
50 0.04471211894750885 0.09480829155270314 15 0.10806916426512968
51 0.04977892531297541 0.07029377051256823 5 0.13020833333333331
51 0.060998902942853275 0.04779542870666814 10 0.12091898428053204
51 0.017749998041002055 0.09212576821718493 15 0.10533707865168539
52 0.04541402183159124 0.066778457617623 5 0.13020833333333331
52 0.06032908657600936 0.04726195896261974 10 0.12077294685990336
52 0.04472476476660917 0.09112984963607569 15 0.10395010395010394
53 0.04072234262636817 0.06315963663343219 5 0.13020833333333331
53 0.058582207580747545 0.044227620819764515 10 0.12077294685990336
53 0.04335525073718686 0.09254036566603543 15 0.10366275051831374
54 0.03705645219074081 0.05851141194913244 5 0.13020833333333331
54 0.058296599496393466 0.04260317126760147 10 0.12062726176115801
54 0.042231102291052675 0.0927702486488276 15 0.10351966873706003
55 0.03225902826568662 0.05476453331698074 5 0.13020833333333331
55 0.057694120717056686 0.039082781331198614 10 0.12048192771084337
55 0.042395791971405895 0.09327933811258164 15 0.1031636863823934
56 0.02687186974723929 0.05190435913936525 5 0.13020833333333331
56 0.056006411024701254 0.03554257137789225 10 0.12033694344163658
57 0.020337937759808904 0.04850167106807338 5 0.13020833333333331
57 0.05374618252990114 0.030932395088622465 10 0.12019230769230768
58 0.014951068185336383 0.04562518744973944 5 0.13020833333333331
58 0.052127311974260196 0.026756815773383236 10 0.1199040767386091
59 0.011561429754964596 0.043825232925293334 5 0.13020833333333331
59 0.050962459552250636 0.023468848766092166 10 0.11961722488038276
60 0.009148623625489665 0.04156152518548964 5 0.13020833333333331
60 0.04834809824158154 0.018086035386188817 10 0.11933174224343673
61 0.010494563106493066 0.03946204415910515 5 0.13020833333333331
61 0.04527890915301945 0.012172838784582344 10 0.11862396204033213
62 0.013965868444558568 0.03795440615268302 5 0.13020833333333331
62 0.042648932549611863 0.005915358319626823 10 0.11778563015312131
63 0.018927141538276467 0.03628763974414434 5 0.13020833333333331
63 0.03936582216897914 0.0025397322508212473 10 0.11682242990654204
64 0.023628643797660057 0.03444188338432454 5 0.13020833333333331
64 0.03692519182518121 0.006765253166589715 10 0.11560693641618497
65 0.027011333662365328 0.032198147106524785 5 0.13020833333333331
65 0.03465637721092667 0.01162508803971134 10 0.11441647597254004
66 0.030962810031885835 0.031129324241518003 5 0.13020833333333331
66 0.03043829402405156 0.018151060170632463 10 0.11299435028248588
67 0.034460846051204606 0.029563910753642834 5 0.13020833333333331
67 0.02663711198629671 0.02246348107314876 10 0.11148272017837235
68 0.0374368000405422 0.027617985726079507 5 0.13020833333333331
68 0.027703725859087473 0.02611191144296952 10 0.10989010989010989
69 0.04096453817421243 0.02712845135234328 5 0.13020833333333331
69 0.022606713162029196 0.029591324055996453 10 0.10626992561105206
70 0.04151622307344001 0.02533544484352478 5 0.13020833333333331
70 0.020472099214812595 0.03351168932808228 10 0.10604453870625662
71 0.042851019422471597 0.024461780300288005 5 0.13020833333333331
71 0.018593174578815118 0.03794420659611712 10 0.10582010582010581
72 0.04352715935475202 0.02222928675164444 5 0.13020833333333331
72 0.017555169132078274 0.04073622089639166 10 0.10570824524312895
73 0.044731475685280506 0.02186411214061669 5 0.13020833333333331
73 0.017169164190908418 0.04442332107326677 10 0.10548523206751054
74 0.044198359588105314 0.020933813064311958 5 0.13020833333333331
74 0.015664006241501834 0.04739947961416609 10 0.10537407797681769
75 0.04358517755988275 0.020621804385489516 5 0.13020833333333331
75 0.014639370126033797 0.049758481876988926 10 0.10537407797681769
76 0.043537770728080794 0.019911481712635994 5 0.13020833333333331
76 0.013106760942689488 0.053368885770462074 10 0.10526315789473684
77 0.04144857342388399 0.019043841785641346 5 0.13020833333333331
77 0.012326045888254363 0.05528543770940223 10 0.10526315789473684
78 0.03921319695877772 0.018825714308338713 5 0.13020833333333331
78 0.011875395041602559 0.05740393824114544 10 0.10482180293501048
79 0.03819824021857782 0.01955468657623105 5 0.13020833333333331
79 0.01097863728265228 0.06026040967482375 10 0.10482180293501048
80 0.03415154296494159 0.021347225541078044 5 0.12987012987012986
80 0.009913137305189793 0.0639674774829875 10 0.10482180293501048
81 0.032816909775456114 0.022943775198166733 5 0.12987012987012986
81 0.009088465093909679 0.06605744959505992 10 0.10493179433368309
82 0.031605876486250725 0.024970644796480413 5 0.12987012987012986
82 0.008567522918027879 0.06926797175502128 10 0.10493179433368309
83 0.03123502765504908 0.025599974105537805 5 0.12987012987012986
83 0.008026648302600511 0.07213549938144859 10 0.10493179433368309
84 0.02641392292938548 0.03007796972931761 5 0.12953367875647667
84 0.007539282562336452 0.0746770072120588 10 0.10493179433368309
85 0.02451351978990301 0.03223431835412639 5 0.12953367875647667
85 0.00715351368583343 0.07712724309434452 10 0.10493179433368309
86 0.019879745317697435 0.03610854893551267 5 0.12919896640826872
86 0.006681746417698764 0.08019599208640271 10 0.10482180293501048
87 0.016174143181805094 0.0399235500045709 5 0.12886597938144329
87 0.006375605504612048 0.08192531830781732 10 0.10482180293501048
88 0.014621957289834477 0.04134194781275551 5 0.12886597938144329
88 0.006258022950955599 0.08358546720343031 10 0.10482180293501048
89 0.011087951559650644 0.046480917748323955 5 0.1282051282051282
89 0.005779288650987018 0.08601626190618936 10 0.10471204188481675
90 0.010384472429588964 0.049035198934488045 5 0.1278772378516624
90 0.005339143974527804 0.08848969377809263 10 0.10460251046025104
91 0.00900223101437808 0.05385175985131323 5 0.12690355329949238
91 0.005197863723433054 0.09068936528182511 10 0.10438413361169101
92 0.007709042113200494 0.05631870881430927 5 0.12626262626262627
92 0.005449826781925718 0.09282178855882929 10 0.10395010395010394
93 0.007188931609468666 0.059904150658334765 5 0.12531328320802004
93 0.005783898658136344 0.09323865221657587 10 0.10351966873706003
94 0.007310420030935988 0.06316265880132996 5 0.12345679012345678
94 0.005527448205292464 0.09392638630389821 10 0.1026694045174538
95 0.007416304426896546 0.06652243717464301 5 0.121654501216545
95 0.0054778731246646695 0.0941361440281441 10 0.1019367991845056
96 0.007776156807313158 0.06886505612073393 5 0.1187648456057007
96 0.00556729430362797 0.09655518931934443 10 0.10111223458038422
97 0.007602633877106026 0.07086561658523546 5 0.11574074074074073
97 0.008148358772927381 0.09951971418799035 10 0.10030090270812438
98 0.00722423944689192 0.07234651340893858 5 0.11363636363636363
98 0.060427767203073954 0.10438968474237949 10 0.099601593625498
99 0.006784047049238099 0.07528869838611536 5 0.11037527593818984
99 0.011853802506878588 0.10260500391648567 10 0.09487666034155597
100 0.006749008072461304 0.07664672814158745 5 0.10845986984815618
100 0.011820615254122112 0.10455349378129583 10 0.0946073793755913
101 0.014527207448730553 0.08150772417078933 5 0.1059322033898305
101 0.011271946341490658 0.1070855579318947 10 0.0942507068803016
102 0.008468452777962343 0.08437705687119441 5 0.10309278350515463
102 0.01058894981615825 0.10918069669370323 10 0.09389671361502347
103 0.013856146827976732 0.08645506982255904 5 0.099601593625498
103 0.016565699999549245 0.12642131871032694 10 0.09157509157509157
104 0.006916733872900061 0.09182485768178093 5 0.09842519685039369
104 0.018589178820869374 0.1289195678408926 10 0.09124087591240876
105 0.0120786530125629 0.1015821003710492 5 0.09293680297397769
105 0.01844987462539122 0.12868148623094305 10 0.09124087591240876
106 0.010243510275783461 0.09589221844053925 5 0.09208103130755063
106 0.017604026642670793 0.12815894033137404 10 0.09107468123861566
107 0.009151948391971157 0.09109442085514015 5 0.09157509157509157
107 0.01715236671949876 0.1271164329743256 10 0.09099181073703366
108 0.0077195908486758615 0.08514103695960205 5 0.09074410163339383
108 0.016994682227959117 0.12602896979641112 10 0.09090909090909091
109 0.14706954749408752 0.0801005701347101 5 0.08928571428571429
109 0.01682941715038526 0.12421627007122349 10 0.09090909090909091
110 0.023720374740481828 0.23747871858681777 5 0.08291873963515754
110 0.016857164582379035 0.12222927576429306 10 0.09082652134423251
111 0.024754034256965703 0.22974568080862925 5 0.08237232289950576
111 0.01673033634481292 0.12059673765477101 10 0.09082652134423251
112 0.02201185027888751 0.21953945041085876 5 0.0818330605564648
112 0.015406109340962934 0.1179565089802272 10 0.09074410163339383
113 0.017550031602269787 0.15256227738665057 5 0.07800312012480498
113 0.014986045556530428 0.11593897056885231 10 0.09074410163339383
114 0.025770869635029475 0.1306677693773254 5 0.07739938080495355
114 0.014927159143530214 0.11406688001178533 10 0.09074410163339383
115 0.025027137397617572 0.11911234353168472 5 0.07704160246533127
115 0.014718883679277567 0.11151107418777328 10 0.09074410163339383
116 0.023642223884607953 0.11505355680350346 5 0.07692307692307693
116 0.014607362774964282 0.10941422018753315 10 0.09074410163339383
117 0.022608704125521704 0.11074873545187817 5 0.07680491551459293
117 0.01414235693428797 0.10621197416610947 10 0.09066183136899364
118 0.022071145114617986 0.10802236994711481 5 0.07668711656441718
118 0.014170081353403368 0.10378263381492873 10 0.09066183136899364
119 0.022052944216168623 0.10616307425756306 5 0.07668711656441718
119 0.014345379413234802 0.10145905029689546 10 0.09066183136899364
120 0.021907673314687133 0.10476284700730543 5 0.0765696784073507
120 0.014175489823261538 0.09925599862701567 10 0.09066183136899364
121 0.02213122816617002 0.10479825985426539 5 0.0765696784073507
121 0.014337985134367024 0.09810256424494297 10 0.09074410163339383
122 0.022078571918786333 0.10601512582145367 5 0.0765696784073507
122 0.014076800810809264 0.09551250432847788 10 0.09074410163339383
123 0.022564150388438346 0.10737883588622141 5 0.0765696784073507
123 0.013840638132675187 0.09352467042586235 10 0.09074410163339383
124 0.023628599774870182 0.10937870968784964 5 0.0764525993883792
124 0.01337511444896641 0.09132867708542308 10 0.09074410163339383
125 0.02325606398981673 0.11083366008225545 5 0.0765696784073507
125 0.01303727463638081 0.08944610215787911 10 0.09074410163339383
126 0.023033886321301003 0.11375039064116091 5 0.0765696784073507
126 0.012772113039270675 0.08767810420072508 10 0.09074410163339383
127 0.022777624864022586 0.11727549698656921 5 0.0765696784073507
127 0.01261662915273797 0.08659162936202164 10 0.09082652134423251
128 0.0230549985652379 0.12016702174820812 5 0.0765696784073507
128 0.0124488782903636 0.08500210068228695 10 0.09082652134423251
129 0.022963999791141464 0.12168541155464818 5 0.07668711656441718
129 0.012505936064811745 0.0842126195630886 10 0.09090909090909091
130 0.023293874806469408 0.12259535917361812 5 0.07668711656441718
130 0.012294584655319794 0.08276352885880081 10 0.09090909090909091
131 0.023991993764382734 0.12356705004157134 5 0.07668711656441718
131 0.012420301379348282 0.08205429770226047 10 0.09099181073703366
132 0.02419138700172823 0.1239056969659151 5 0.07680491551459293
132 0.012253485764997418 0.08087183461519448 10 0.09099181073703366
133 0.024328642823321547 0.12642287513409525 5 0.07680491551459293
133 0.012319463419474012 0.08040781292772317 10 0.09107468123861566
134 0.024287137957991808 0.1273933643670137 5 0.07692307692307693
134 0.012301791730987974 0.07951734517414066 10 0.09107468123861566
135 0.0246185020487062 0.12915938407140548 5 0.07692307692307693
135 0.012279007102423979 0.07903731189992164 10 0.09115770282588878
136 0.024675270602306194 0.1294411087374171 5 0.07704160246533127
136 0.012077946594631746 0.07796781200316236 10 0.09115770282588878
137 0.02480834452012503 0.12961665352592378 5 0.0771604938271605
137 0.012050631976897454 0.07759240225724842 10 0.09124087591240876
138 0.025932632876348432 0.13109265273099488 5 0.0771604938271605
138 0.012204748075522392 0.07727167512318803 10 0.091324200913242
139 0.025742154510473413 0.1319689364273055 5 0.07727975270479134
139 0.011751364811523047 0.07648966162394005 10 0.091324200913242
140 0.026881388970919056 0.13420356464899935 5 0.07727975270479134
140 0.011696244300757977 0.07635522179404086 10 0.09140767824497258
141 0.026603879375896748 0.1353802794882693 5 0.07739938080495355
141 0.011697548189167826 0.07612431955175646 10 0.09149130832570905
142 0.02665193815736181 0.13584282806984285 5 0.07751937984496124
142 0.011779947933298927 0.0759819279668122 10 0.09157509157509157
143 0.027059230988978167 0.13605189426068562 5 0.07763975155279502
143 0.011750266631973812 0.07539553433625808 10 0.09157509157509157
144 0.0284247960454024 0.13791079940342316 5 0.07763975155279502
144 0.011728676005435376 0.07524522817469365 10 0.09165902841429881
145 0.02816687165898705 0.13817924239372334 5 0.07776049766718507
145 0.011529644297835737 0.07509065183751892 10 0.09174311926605505
146 0.02795517862571812 0.13872341573740216 5 0.0778816199376947
146 0.011455609450891286 0.07497571801073709 10 0.09182736455463728
147 0.028212108177252178 0.13888689649055908 5 0.07800312012480498
147 0.011641529630446873 0.07491834330424442 10 0.09191176470588235
148 0.028697684252343585 0.13919736309814207 5 0.078125
148 0.011907094446756689 0.07489261125492643 10 0.09199632014719411
149 0.029904483970569225 0.13982792546817546 5 0.078125
149 0.011928439302976894 0.07419162669129745 10 0.09199632014719411
150 0.029913029444968663 0.13958347023753487 5 0.07824726134585289
150 0.011681286987495383 0.0740319295229376 10 0.09208103130755063
151 0.02973615639934879 0.13972167274464614 5 0.07836990595611285
151 0.01159599238721307 0.07396986133283659 10 0.09216589861751152
152 0.029731657100911933 0.1404498210820898 5 0.07849293563579278
152 0.011849280872656746 0.07396414841801331 10 0.09225092250922509
153 0.029771139108871348 0.14088088849652705 5 0.07861635220125786
153 0.011992682366165354 0.074000045064287 10 0.09233610341643582
154 0.02994539462441076 0.1410304000449859 5 0.07874015748031496
154 0.01209773023791429 0.07398955140327874 10 0.09242144177449169
155 0.030573763832247164 0.14194657070833056 5 0.07874015748031496
155 0.011826739518387747 0.07394724028935132 10 0.09250693802035152
156 0.03012803197456405 0.14278952757944913 5 0.07886435331230283
156 0.011794868687248718 0.07396032004508077 10 0.09259259259259259
157 0.029159054444006828 0.14528479167656622 5 0.07898894154818326
157 0.012237777118770294 0.07399556057662342 10 0.09259259259259259
158 0.02903674549076547 0.1459421671568816 5 0.0791139240506329
158 0.012441650527949964 0.07402488051108182 10 0.09267840593141798
159 0.029087081565494825 0.1457834682630731 5 0.07923930269413629
159 0.012344126330839427 0.07391307709328024 10 0.09276437847866419
160 0.029673625876319047 0.14453325359668354 5 0.07936507936507936
160 0.012086426694953424 0.07372024028161145 10 0.09285051067780872
161 0.03207334244378694 0.1451809762907794 5 0.07936507936507936
161 0.012334406035582472 0.07363313040957761 10 0.09293680297397769
162 0.0329490283322606 0.1440730675713364 5 0.07949125596184418
162 0.012391647930643249 0.0733617817871422 10 0.09302325581395349
163 0.032964468220638504 0.1435472211096343 5 0.07961783439490445
163 0.012209478439564164 0.07290739251930418 10 0.09302325581395349
164 0.03252684097654078 0.14469944594889597 5 0.07974481658692184
164 0.012335959484850162 0.07299570232025034 10 0.0931098696461825
165 0.03258633044569593 0.14499624815003145 5 0.07987220447284345
165 0.012490062532875244 0.0729831078293677 10 0.09319664492078285
166 0.03239466946857591 0.1452768498389943 5 0.08
166 0.012418410107087887 0.07302155428572592 10 0.09328358208955223
167 0.03199105645941323 0.14588238394076258 5 0.08012820512820512
167 0.012417262558238513 0.07305996916122615 10 0.09337068160597571
168 0.03190508723828876 0.14650772359371217 5 0.08025682182985554
168 0.012532087688044069 0.0731641471492337 10 0.09345794392523364
169 0.031789530548666824 0.14667000690636228 5 0.08038585209003216
169 0.012482053813427825 0.07314048127924296 10 0.09354536950420954
170 0.033210738605627 0.14806182724999653 5 0.08038585209003216
170 0.012537774858470305 0.07276680318580354 10 0.09354536950420954
171 0.03365653433828512 0.14771920079046585 5 0.08051529790660225
171 0.012617534840741514 0.0726511518425894 10 0.09363295880149812
172 0.03404976536279199 0.1470872795183262 5 0.08064516129032258
172 0.012525939965260057 0.07245150925323636 10 0.09372071227741331
173 0.034350688563282016 0.1467751371553632 5 0.08077544426494344
173 0.012602784962284222 0.07231241402812952 10 0.09380863039399624
174 0.03393722579886172 0.14756732898642863 5 0.08090614886731391
174 0.012617008825486022 0.07249450995807045 10 0.09389671361502347
175 0.033799468973593746 0.14769828717523228 5 0.08103727714748785
175 0.01250146614189121 0.07247220823368618 10 0.09398496240601503
176 0.03393594400564111 0.147921620151773 5 0.08116883116883117
176 0.012641398822734146 0.07242926776201714 10 0.0940733772342427
177 0.033456608348751006 0.14874821703261723 5 0.08130081300813008
177 0.012610683873166348 0.07252389010499802 10 0.09416195856873823
178 0.033681131380407195 0.14899974611233419 5 0.08143322475570032
178 0.012816327729391236 0.07248669010520284 10 0.0942507068803016
179 0.033818314669061426 0.14844042026990206 5 0.08156606851549755
179 0.01264103378864262 0.07236586722267879 10 0.09433962264150944
180 0.03555923951956708 0.14861399352108345 5 0.08156606851549755
180 0.01280066007871367 0.07182766298170543 10 0.09433962264150944
181 0.03608507991924114 0.14836649835666788 5 0.08169934640522876
181 0.01294241755949938 0.07170679092966502 10 0.09442870632672332
182 0.03557200285415912 0.14865325119695713 5 0.0818330605564648
182 0.012731868739971147 0.07178413414871307 10 0.09451795841209829
183 0.035534833770763864 0.14912831740319604 5 0.08196721311475409
183 0.012932730483990549 0.07189733839627138 10 0.0946073793755913
184 0.03505756540529152 0.14979226729077272 5 0.08210180623973727
184 0.012917149575351386 0.07204050215386161 10 0.0946969696969697
185 0.03475972267860749 0.15020199977480597 5 0.08223684210526315
185 0.012916970436382352 0.07214910059513854 10 0.0947867298578199
186 0.03503964222484933 0.14996472599532457 5 0.08237232289950576
186 0.01303064602510863 0.07213559046613102 10 0.09487666034155597
187 0.03502410170769045 0.14969313303306914 5 0.08250825082508251
187 0.012910474704381008 0.07210835239565787 10 0.09496676163342829
188 0.035065197834068626 0.1496715167684721 5 0.08264462809917356
188 0.01297870851160753 0.0721440290977132 10 0.09505703422053231
189 0.034581605234899906 0.14983365327888726 5 0.08278145695364238
189 0.012769690221581444 0.07218641163789329 10 0.09514747859181731
190 0.03543081542557054 0.1514086550495945 5 0.08278145695364238
190 0.012696222756424805 0.07215371138711599 10 0.09523809523809523
191 0.03610688584639716 0.15210367916273945 5 0.08291873963515754
191 0.013154492809329173 0.07203294014951989 10 0.09532888465204957
192 0.036267558414202934 0.15272332191488647 5 0.08305647840531562
192 0.013403262171976191 0.07206915620684376 10 0.09541984732824427
193 0.035876303503581446 0.15326291312963428 5 0.08319467554076539
193 0.013629810550548594 0.07197544377322249 10 0.09541984732824427
194 0.03558968202593253 0.15338209413972792 5 0.08333333333333333
194 0.013413917618735421 0.07187029160184957 10 0.09551098376313276
195 0.03539782318446278 0.15387988053845184 5 0.08347245409015024
195 0.013390761602721032 0.07185170516089097 10 0.09560229445506692
196 0.03529048508017442 0.15441743486770743 5 0.08361204013377926
196 0.013405521149353467 0.07183285947418536 10 0.09569377990430622
197 0.03519108125966751 0.15481270589623058 5 0.08375209380234505
197 0.013422482104051623 0.07182031136253138 10 0.09578544061302681
198 0.03512491746677931 0.1553828989322821 5 0.08389261744966443
198 0.013473953333093019 0.07183612939992136 10 0.09587727708533077
199 0.03707322022057409 0.15738872607120727 5 0.08389261744966443
199 0.01349488444751083 0.07174656818828257 10 0.09596928982725528
200 0.03715259564461644 0.15750412830679258 5 0.08403361344537816
200 0.013460911746577833 0.07162942777935569 10 0.09606147934678193
201 0.037245684059846615 0.15762787939854722 5 0.08417508417508417
201 0.013453997890032543 0.07155125227547844 10 0.09615384615384616
202 0.03734663762214454 0.1577766763842791 5 0.08431703204047217
202 0.013450146943551233 0.07150245602171669 10 0.09624639076034648
203 0.037360530946935255 0.15795993095712596 5 0.08445945945945946
203 0.013433531376855296 0.07138760602119969 10 0.09633911368015413
204 0.0370982492301113 0.15870848845168026 5 0.08460236886632826
204 0.01407966487224884 0.07137123979896476 10 0.09633911368015413
205 0.03688555587268118 0.15946869226122706 5 0.0847457627118644
205 0.014174858637101875 0.0714051081192483 10 0.09643201542912247
206 0.03663438458196188 0.16013682032466908 5 0.08488964346349745
206 0.014234361693222309 0.07152506335226592 10 0.09652509652509651
207 0.03647500875952413 0.160731038158085 5 0.08503401360544217
207 0.014247334401886141 0.07147456337031455 10 0.0966183574879227
208 0.0363819147648859 0.1612565304016913 5 0.08517887563884156
208 0.01429235066850181 0.07148711645840769 10 0.09671179883945841
209 0.03624270942577269 0.1618461758582902 5 0.08532423208191126
209 0.014323086555259717 0.07149505760800029 10 0.09680542110358178
210 0.03621902270319384 0.16228328603031586 5 0.08547008547008547
210 0.014336228288405445 0.07144435925666529 10 0.09689922480620154
211 0.03831367443436666 0.163992259634796 5 0.08547008547008547
211 0.014324402366539793 0.0713040275312607 10 0.09699321047526673
212 0.03829736574877675 0.16424889123728764 5 0.08561643835616438
212 0.014294916796054524 0.0713306855937389 10 0.0970873786407767
213 0.038088374305320104 0.16466928470996017 5 0.08576329331046312
213 0.015216029877342241 0.07133418808493908 10 0.0970873786407767
214 0.03667908665007119 0.1670496006191447 5 0.0859106529209622
214 0.015597513697762152 0.07198256581240903 10 0.09718172983479105
215 0.03549728790046186 0.16933520221433343 5 0.08605851979345955
215 0.016124923754509767 0.07256594700646359 10 0.09727626459143968
216 0.03380754649203236 0.17244391616321764 5 0.08620689655172414
216 0.016688870146479413 0.07334335824430406 10 0.0973709834469328
217 0.0329004235791276 0.17438670074369494 5 0.08635578583765112
217 0.017040977093512467 0.07381965451401049 10 0.09746588693957114
218 0.03263368522616153 0.17540969147679256 5 0.08650519031141868
218 0.017078756155918983 0.07387641088071517 10 0.0975609756097561
219 0.033077595134352364 0.17536578523620133 5 0.08665511265164644
219 0.01689688591353157 0.07365617670768589 10 0.09765625
220 0.0341701063242928 0.17435640517915363 5 0.08680555555555555
220 0.016465668775321633 0.07294188229149316 10 0.09775171065493644
221 0.03462590100524567 0.17446670403193407 5 0.08695652173913043
221 0.016250732953172677 0.07261506186636339 10 0.09784735812133072
222 0.03481340245883166 0.1746050279555521 5 0.08710801393728222
222 0.01607380852311737 0.07241257465673392 10 0.0979431929480901
223 0.03522255088825345 0.17472324160830524 5 0.08726003490401396
223 0.01596295550915226 0.07211651388040213 10 0.09803921568627451
224 0.0355204416227076 0.17523543472170036 5 0.08741258741258741
224 0.015851892978602428 0.07197176110571832 10 0.09813542688910697
225 0.03585986710060744 0.1756567145089576 5 0.08756567425569177
225 0.015689519166927964 0.07174084345640122 10 0.09823182711198428
226 0.0361168456015898 0.17596292080738224 5 0.08771929824561403
226 0.015601679192238862 0.07156141695865972 10 0.09832841691248771
227 0.036241607877037195 0.17669999649497853 5 0.08787346221441124
227 0.015519251975059597 0.0714319380445787 10 0.09842519685039369
228 0.0364274018112625 0.17724388733490626 5 0.0880281690140845
228 0.015512709272488979 0.07135293840628923 10 0.09852216748768473
229 0.03675745679978326 0.17797186402323362 5 0.08818342151675485
229 0.015595402122978604 0.07125635931358863 10 0.09861932938856015
230 0.0366764273801609 0.17865505405270893 5 0.08833922261484099
230 0.015594948293912694 0.07125128103724673 10 0.09871668311944717
231 0.03654721518404742 0.1796213652053884 5 0.08849557522123894
231 0.0156520399573321 0.07134499429240929 10 0.09881422924901186
232 0.03657599906527868 0.18033261663303185 5 0.08865248226950354
232 0.01570315709812895 0.07134431252386073 10 0.09891196834817012
233 0.03628506558148772 0.1810376360837414 5 0.08880994671403196
233 0.01564111853717292 0.07139236164206228 10 0.09900990099009901
234 0.03634942310364715 0.1810529205759057 5 0.0889679715302491
234 0.015489969699596396 0.07128116410468847 10 0.09910802775024777
235 0.03675063013971211 0.1805124096521058 5 0.08912655971479501
235 0.015176323112575909 0.07092607445017837 10 0.0992063492063492
236 0.037187589106668 0.1799775569914393 5 0.08928571428571429
236 0.014939344968588713 0.0706214086216621 10 0.09930486593843098
237 0.03799962193318178 0.17940108874052305 5 0.08944543828264757
237 0.014813187381096063 0.07023486523829836 10 0.09940357852882703
238 0.03943000827317423 0.17738996660299594 5 0.08960573476702509
238 0.014533896063780246 0.06947142175355646 10 0.09950248756218906
239 0.04059049737871462 0.1750725387343987 5 0.08976660682226212
239 0.013909557897552516 0.06861093296192587 10 0.099601593625498
240 0.04163838873022988 0.17326611876370654 5 0.08992805755395683
240 0.013480385209127792 0.0679363246722895 10 0.09970089730807576
241 0.0424838142594557 0.1719334510171043 5 0.09009009009009009
241 0.013341284112042221 0.06752949171080716 10 0.0998003992015968
242 0.04182386531696193 0.17236099801272753 5 0.09025270758122743
242 0.013478852453916737 0.06788259619720745 10 0.09990009990009989
243 0.04279778374356816 0.17343725963583562 5 0.09025270758122743
243 0.013640226982778541 0.06817812064988249 10 0.1
244 0.04263671113517565 0.17354169324265642 5 0.09041591320072331
244 0.015045857969984717 0.06865418759065536 10 0.1
245 0.0431263630679941 0.1733968593943529 5 0.09057971014492754
245 0.015559735408510023 0.06883579328553785 10 0.10010010010010009
246 0.04298648790042463 0.17252172150734307 5 0.09074410163339383
246 0.01545112376290465 0.06883279647991998 10 0.1002004008016032
247 0.04213786983054109 0.17143558931630265 5 0.09090909090909091
247 0.015001151987261341 0.06883678125924099 10 0.10030090270812438
248 0.044077440992792496 0.1723123815398779 5 0.09090909090909091
248 0.014913910395981705 0.06893052755802878 10 0.1004016064257028
249 0.04384713621850965 0.171634518907795 5 0.09107468123861566
249 0.016128193579919337 0.06937785872918191 10 0.1004016064257028
250 0.04364309301670012 0.17123788140418947 5 0.09124087591240876
250 0.01625500917737715 0.0695267594132917 10 0.10050251256281408
251 0.04337982822196827 0.17076394429213432 5 0.09140767824497258
251 0.016365899814693843 0.06974063007552757 10 0.10060362173038229
252 0.04301932974662145 0.17060065752884135 5 0.09157509157509157
252 0.016461917692061692 0.06993106465585448 10 0.10070493454179254
253 0.042110110176569925 0.17462534661894077 5 0.09157509157509157
253 0.017536581920054507 0.07136228268336171 10 0.10080645161290322
254 0.03798363104051292 0.1793016002518796 5 0.09174311926605505
254 0.0209488766035236 0.07386741155003426 10 0.10080645161290322
255 0.03074488579401491 0.18909048611914397 5 0.09191176470588235
255 0.02444305385911853 0.07823842826008696 10 0.10090817356205851
256 0.02418834792145159 0.19942414222948862 5 0.09208103130755063
256 0.02815249860077209 0.0829287823052395 10 0.10101010101010101
257 0.016232452868120903 0.21688492988648939 5 0.09225092250922509
257 0.034538149708296335 0.09105741699606654 10 0.10111223458038422
258 0.016069607792587603 0.233024236744586 5 0.09225092250922509
258 0.04036672711933607 0.09840853788131873 10 0.10121457489878541
259 0.02862458088135348 0.2578874881884405 5 0.09242144177449169
259 0.04980708065988772 0.1105985244839454 10 0.10131712259371833
260 0.04815952961437579 0.28492006177964824 5 0.09259259259259259
260 0.06024627019100713 0.12411482543652222 10 0.10141987829614603
261 0.06289417072977019 0.30356584340366843 5 0.09276437847866419
261 0.06778163544159677 0.13358776833658675 10 0.10152284263959391
262 0.08224616398961918 0.3269092953622523 5 0.09293680297397769
262 0.07755400882140141 0.1455919205165994 10 0.1016260162601626
263 0.10217986328937556 0.3502141864317575 5 0.0931098696461825
263 0.0893557240998694 0.1596601618616667 10 0.1016260162601626
264 0.11706021742236808 0.3670384116479496 5 0.09328358208955223
264 0.09681142517217205 0.1686474556312519 10 0.10172939979654119
265 0.13718713746419528 0.38908579024573786 5 0.09345794392523364
265 0.10688369626691947 0.1805620136095118 10 0.10183299389002036
266 0.15174986039484864 0.4044086614274625 5 0.09363295880149812
266 0.11416418963089484 0.18894432212010856 10 0.1019367991845056
267 0.17194091735023975 0.424491918533369 5 0.09380863039399624
267 0.12425485612324198 0.19996689541420903 10 0.10204081632653061
268 0.1925144610417861 0.44473543386849046 5 0.09398496240601503
268 0.13453039348496582 0.21119632137929817 10 0.10214504596527067
269 0.20737054313338726 0.4590882627775662 5 0.09416195856873823
269 0.14195273807364858 0.21923292376434006 10 0.10224948875255623
270 0.22463994767118253 0.4741451591453624 5 0.09433962264150944
270 0.15058017575285298 0.22779024699386857 10 0.10235414534288638
271 0.23529930612693845 0.4833420465277903 5 0.09451795841209829
271 0.15590389951310749 0.23306673807608402 10 0.10245901639344261
272 0.24603406775330808 0.49227507794004915 5 0.0946969696969697
272 0.16126122042879543 0.23818885601209092 10 0.10256410256410256
273 0.25158352970311343 0.49683388973586895 5 0.09487666034155597
273 0.16403349743282156 0.24082502980451817 10 0.1026694045174538
274 0.25576991470631727 0.5001118124210749 5 0.09505703422053231
274 0.16612477737194212 0.2427294951469793 10 0.1027749229188078
275 0.2563626483037051 0.5006507129625336 5 0.09523809523809523
275 0.16641958241292457 0.24303201409917774 10 0.102880658436214
276 0.25529696237337024 0.49964194131697787 5 0.09541984732824427
276 0.16588622856051286 0.24245914899399507 10 0.10298661174047373
277 0.2552664050825459 0.49929417356878003 5 0.09560229445506692
277 0.16586986187008104 0.24225909721286235 10 0.10309278350515463
278 0.2543589309082148 0.49837897838550055 5 0.09578544061302681
278 0.1654188585296571 0.24173956515227282 10 0.10319917440660474
279 0.24577503274541437 0.4912210361765491 5 0.09596928982725528
279 0.16112465599983022 0.23760606288570546 10 0.10330578512396693
280 0.23717649849469905 0.48390185791482654 5 0.09615384615384616
280 0.15682416387685139 0.23341092385842632 10 0.10341261633919338
281 0.22599002090675074 0.474300855143888 5 0.09633911368015413
281 0.15122431540220885 0.22795841874327832 10 0.10351966873706003
282 0.21159959009473547 0.4617942941889142 5 0.09652509652509651
282 0.14403142805644747 0.22083893527574125 10 0.10362694300518134
283 0.19055982440841118 0.4424470738996015 5 0.09671179883945841
283 0.13350900045823916 0.20995067928891498 10 0.10373443983402489
284 0.17167374880892652 0.424161593638462 5 0.09689922480620154
284 0.12406052223328516 0.1997642377280189 10 0.10384215991692626
285 0.15091139995501213 0.40322647356129016 5 0.0970873786407767
285 0.11366536471589936 0.18822382981884822 10 0.10395010395010394
286 0.13168855850601757 0.3831997724014764 5 0.09727626459143968
286 0.1040339642751644 0.17730379409946417 10 0.1040582726326743
287 0.11832143465178213 0.36849934476584584 5 0.09746588693957114
287 0.0973238720513984 0.16937088916608667 10 0.10416666666666667
288 0.09748974148854377 0.3453139610917151 5 0.09765625
288 0.08684870011546784 0.1570038127285809 10 0.10427528675703858
289 0.08300883269036202 0.32848496674454225 5 0.09784735812133072
289 0.07952072890368739 0.14814048069167707 10 0.10438413361169101
290 0.06365068082238301 0.3053211547032665 5 0.09803921568627451
290 0.06962620666834235 0.1361436815406968 10 0.1044932079414838
291 0.04544634918807839 0.28237532708556257 5 0.09823182711198428
291 0.060140079997768825 0.1245461317423934 10 0.10460251046025104
292 0.03292656472926467 0.26514772341373793 5 0.09842519685039369
292 0.053186165902834946 0.11604105759839496 10 0.10471204188481675
293 0.022057787964123388 0.24699032560139117 5 0.09861932938856015
293 0.04585468416276513 0.10733696499730465 10 0.10482180293501048
294 0.018327929104902198 0.23267667688617638 5 0.09881422924901186
294 0.040267860087137904 0.10068467450943153 10 0.10493179433368309
295 0.026483726395082435 0.2100355795338605 5 0.09900990099009901
295 0.03212106945984295 0.09055988871924439 10 0.10504201680672269
296 0.03188603758729623 0.20091094726651412 5 0.0992063492063492
296 0.029038528875972025 0.08667016031046751 10 0.10515247108307044
297 0.03530744638416944 0.19381180664671563 5 0.09940357852882703
297 0.026538669788702486 0.08364666627341898 10 0.10526315789473684
298 0.03906122566680547 0.1858476013598825 5 0.099601593625498
298 0.023635853334889777 0.08038666529202125 10 0.10537407797681769
299 0.04152480306515842 0.18232160546082368 5 0.0998003992015968
299 0.022620647820194052 0.07895731365723536 10 0.10548523206751054
300 0.044356193373136725 0.17850997188411816 5 0.1
300 0.021441746673614016 0.07747175936723112 10 0.10559662090813093
301 0.048011738603386464 0.1733523370350684 5 0.1002004008016032
301 0.019880153005069054 0.07548055613852914 10 0.10570824524312895
302 0.05069280091516724 0.16930525500540283 5 0.1004016064257028
302 0.018653199180179724 0.0739421889962126 10 0.10582010582010581
303 0.05397498696343504 0.16789819415784885 5 0.1004016064257028
303 0.018005334726716702 0.07305454682560493 10 0.1059322033898305
304 0.056202770049407734 0.1645511053302321 5 0.10060362173038229
304 0.017095823049425616 0.0717619547534463 10 0.10604453870625662
305 0.05767040326685099 0.16241430288167424 5 0.10080645161290322
305 0.016535838751248613 0.07097066660005985 10 0.10615711252653927
306 0.05656763226935311 0.1632392124479534 5 0.10101010101010101
306 0.016917462479656874 0.07108516651499494 10 0.10626992561105206
307 0.05484472254021605 0.1649863266122428 5 0.10121457489878541
307 0.01957178982576128 0.07170507566741824 10 0.10626992561105206
308 0.05366598272738565 0.16612512181595887 5 0.10141987829614603
308 0.020085290892436616 0.07201265146282389 10 0.10638297872340426
309 0.05331996402815227 0.16595920424014293 5 0.1016260162601626
309 0.020225213554384818 0.07179280589640229 10 0.10649627263045792
310 0.05402616431247574 0.16392775909952262 5 0.10183299389002036
310 0.019929333397344474 0.07073727742617567 10 0.1066098081023454
311 0.05742384388639025 0.16383633849479978 5 0.10183299389002036
311 0.019577312747096558 0.0695280777556746 10 0.10672358591248665
312 0.05793748056674182 0.1623964130764745 5 0.10204081632653061
312 0.01936354580306167 0.06877388528036289 10 0.10683760683760683
313 0.05795953562262475 0.1612195697886863 5 0.10224948875255623
313 0.020798380486051645 0.06818787919192439 10 0.10683760683760683
314 0.057929905945217644 0.1603380663659601 5 0.10245901639344261
314 0.020807312855543113 0.06762483168490299 10 0.10695187165775401
315 0.0598325879987298 0.16054113644907594 5 0.10245901639344261
315 0.020808577199130464 0.06678782108228996 10 0.1070663811563169
316 0.05924931968549828 0.16052628820506698 5 0.1026694045174538
316 0.021063339193063548 0.06658368047719962 10 0.10718113612004286
317 0.058185607476844724 0.16100736167592583 5 0.102880658436214
317 0.02364209250206975 0.06691051738167787 10 0.10718113612004286
318 0.05715157316468576 0.1613879981750686 5 0.10309278350515463
318 0.02410673049507368 0.0668489819703629 10 0.1072961373390558
319 0.05646941394544802 0.16171180213769015 5 0.10330578512396693
319 0.024427503753022134 0.06687344555913027 10 0.10741138560687431
320 0.05628421936410436 0.16192464005357704 5 0.10351966873706003
320 0.024516651785946333 0.06696552578495868 10 0.10752688172043011
321 0.056186085566159547 0.16205803483285697 5 0.10373443983402489
321 0.024567039060813846 0.06699072625495159 10 0.1076426264800861
322 0.05597398766166817 0.16227378509744578 5 0.10395010395010394
322 0.024674806031110434 0.0670871115345664 10 0.10775862068965517
323 0.0559590546378753 0.16234903210672627 5 0.10416666666666667
323 0.024704840071171817 0.06711321318997096 10 0.10787486515641855
324 0.05557827188364635 0.16301431193091728 5 0.10438413361169101
324 0.025193328818919454 0.06730371524318125 10 0.10799136069114469
325 0.055538917372189855 0.1630716327656314 5 0.10460251046025104
325 0.025462377744428322 0.06722770446257889 10 0.10810810810810811
326 0.05613816580455283 0.16115770808079113 5 0.10482180293501048
326 0.02483853071171315 0.06627101334000189 10 0.10822510822510822
327 0.056921108123145624 0.15912963962136908 5 0.10504201680672269
327 0.024250351256096935 0.06528086275436067 10 0.10834236186348861
328 0.0578897903573776 0.1571480579662582 5 0.10526315789473684
328 0.023998929701334 0.0641869561436251 10 0.10845986984815618
329 0.05826201778231892 0.1558477026676633 5 0.10548523206751054
329 0.024065287507256027 0.0632901266304456 10 0.10857763300760043
330 0.05790506605118475 0.1552632788639253 5 0.10570824524312895
330 0.02415320983404422 0.06281231957052749 10 0.10869565217391304
331 0.05721744622739241 0.15510984481090173 5 0.1059322033898305
331 0.024444189926192315 0.0625167110865377 10 0.1088139281828074
332 0.05568773775269272 0.15600146400937107 5 0.10615711252653927
332 0.02548813377030896 0.062499506932585394 10 0.10893246187363834
333 0.05332032852305622 0.15768066788638238 5 0.10638297872340426
333 0.02692925278946142 0.06280263760377822 10 0.10905125408942203
334 0.05019246311517861 0.15978400509674937 5 0.1066098081023454
334 0.028268504763525916 0.06335796246070251 10 0.10917030567685589
335 0.047824834738752944 0.16111906968773962 5 0.10683760683760683
335 0.02932417038426257 0.06361898434939235 10 0.1092896174863388
336 0.04565880007717057 0.1621131460695593 5 0.1070663811563169
336 0.03038443735719914 0.0636994648695115 10 0.10940919037199125
337 0.04285578018385792 0.16373238846684154 5 0.1072961373390558
337 0.03186576303027517 0.06402661044722516 10 0.10952902519167577
338 0.0398046822893955 0.16533970305018372 5 0.10752688172043011
338 0.033476103141125556 0.06438691881642164 10 0.10964912280701754
339 0.037373131580665325 0.1661846015817423 5 0.10775862068965517
339 0.034583451036569554 0.06448392435698569 10 0.1097694840834248
340 0.03439514231812907 0.1674058914961802 5 0.10799136069114469
340 0.03607516270557961 0.06467713512462277 10 0.10989010989010989
341 0.0323046790253652 0.16818603120932485 5 0.10822510822510822
341 0.03723444502391153 0.06477682933039794 10 0.11001100110011
342 0.029558377249220814 0.16965359671844138 5 0.10845986984815618
342 0.03901522242981316 0.06514291551789 10 0.11013215859030835
343 0.027402531501482346 0.17073856232331944 5 0.10869565217391304
343 0.040447861645613536 0.06543912147687768 10 0.11025358324145534
344 0.024585982467442848 0.1723583354303504 5 0.10893246187363834
344 0.04242325983680403 0.06603255204560338 10 0.11037527593818984
345 0.022745025046224318 0.17365976098190275 5 0.10917030567685589
345 0.043958107395327635 0.06656751838418963 10 0.11049723756906077
346 0.02078486769507907 0.1753952814460564 5 0.10940919037199125
346 0.046110427256160685 0.06735765812650679 10 0.11061946902654866
347 0.02040590007891292 0.17790058805021203 5 0.10940919037199125
347 0.04775198380814975 0.06814433623985422 10 0.11074197120708747
348 0.018990256210206398 0.17983197802208337 5 0.10964912280701754
348 0.04999430441211849 0.06935386446504518 10 0.11086474501108647
349 0.01850359391605207 0.18181627816483587 5 0.10989010989010989
349 0.05232371923370911 0.07067273501022842 10 0.11098779134295227
350 0.019026309728115427 0.1837847560960653 5 0.11013215859030835
350 0.054199959456519786 0.07203227274116931 10 0.1111111111111111
351 0.020710094168951636 0.1862323909746688 5 0.11037527593818984
351 0.056285608132299755 0.07376627739203363 10 0.11123470522803114
352 0.02421538461080666 0.18979728057831632 5 0.11061946902654866
352 0.061072810009481095 0.07782600154161827 10 0.11123470522803114
353 0.028629908899977408 0.19309260844993395 5 0.11086474501108647
353 0.0639720858915307 0.08039103310946602 10 0.11135857461024498
354 0.029291264778433756 0.19409987282267144 5 0.11086474501108647
354 0.06535835643963896 0.08129197591441936 10 0.11148272017837235
355 0.03303631164021771 0.19610957667673296 5 0.1111111111111111
355 0.07042325685538708 0.08562672830469316 10 0.11148272017837235
356 0.03586065566056532 0.19787498272397147 5 0.11135857461024498
356 0.07213943383862842 0.0874346467405691 10 0.11160714285714285
357 0.03569115171764653 0.19934954774245014 5 0.11135857461024498
357 0.07385061670663828 0.08865790648587242 10 0.11173184357541899
358 0.03695763389667524 0.19984932419849138 5 0.11160714285714285
358 0.07464909920931442 0.08916515309376917 10 0.11185682326621924
359 0.03955877372206569 0.20075139572953643 5 0.11185682326621924
359 0.07850267921699908 0.09187860753856918 10 0.11185682326621924
360 0.040234278592564496 0.2018172123578196 5 0.11185682326621924
360 0.08006773503633512 0.09307504531786023 10 0.1119820828667413
361 0.04232238071313772 0.20270673585378182 5 0.11210762331838564
361 0.08467054027238408 0.09651329687505407 10 0.1119820828667413
362 0.04099446011687623 0.20365401905795597 5 0.11210762331838564
362 0.08559313310789146 0.09741099849572253 10 0.11210762331838564
363 0.04396422322062164 0.2049195760556169 5 0.11235955056179775
363 0.09001245837631366 0.10096566466760055 10 0.11210762331838564
364 0.04378246173225681 0.20580927141736235 5 0.11235955056179775
364 0.09498835032938294 0.10521139773827586 10 0.11210762331838564
365 0.042729457316430686 0.20706236627457314 5 0.11235955056179775
365 0.09631898707605271 0.10647210803159476 10 0.11223344556677889
366 0.04414197947285673 0.20776990974065174 5 0.1126126126126126
366 0.10010219283266239 0.10938760442597999 10 0.11223344556677889
367 0.04189630669452839 0.20884199832478717 5 0.1126126126126126
367 0.10109714469421097 0.11026800679933693 10 0.11235955056179775
368 0.043119430547001944 0.20920600278153953 5 0.1128668171557562
368 0.10599863768193825 0.11347089755787117 10 0.11235955056179775
369 0.04107753408150071 0.20988699193347382 5 0.1128668171557562
369 0.11106721047136225 0.11699462419537816 10 0.11235955056179775
370 0.039167854637632435 0.20989678568558706 5 0.1128668171557562
370 0.1117375054120664 0.11771431318026504 10 0.11248593925759279
371 0.036055790577914325 0.21065593224336246 5 0.1128668171557562
371 0.11601018028359275 0.12111397317741499 10 0.11248593925759279
372 0.03707683033166802 0.21111968269062356 5 0.11312217194570134
372 0.12021061366712667 0.12413603513733659 10 0.11248593925759279
373 0.03345691978440171 0.21217650469392485 5 0.11312217194570134
373 0.1257441903023135 0.12801731006519607 10 0.11248593925759279
374 0.0294615239380992 0.21345429560167895 5 0.11312217194570134
374 0.1262670665064188 0.12866873935315815 10 0.1126126126126126
375 0.030802505966332515 0.21382367145141443 5 0.11337868480725623
375 0.13182486207327998 0.13236077736997404 10 0.1126126126126126
376 0.02836482400809844 0.213676027533762 5 0.11337868480725623
376 0.13588841398119506 0.13562081774898668 10 0.1126126126126126
377 0.024465619830565843 0.21474814597257455 5 0.11337868480725623
377 0.1397735049023405 0.13778649546737057 10 0.1126126126126126
378 0.02000973193867584 0.2153175904962455 5 0.11337868480725623
378 0.1445262796888575 0.14056798516395214 10 0.1126126126126126
379 0.016227528630294356 0.215815341562476 5 0.11337868480725623
379 0.14856824129120147 0.14361175055680825 10 0.1126126126126126
380 0.01562812041182525 0.21607360641912027 5 0.11363636363636363
380 0.14835317662763575 0.14358643905627064 10 0.11273957158962795
381 0.013214360813685839 0.21672228372861563 5 0.11363636363636363
381 0.15051613510985273 0.14590810644581534 10 0.11273957158962795
382 0.013815797374850766 0.21835102551071267 5 0.11337868480725623
382 0.1536508463563273 0.1489287395186317 10 0.11273957158962795
383 0.01403491393447082 0.21839311086848284 5 0.11363636363636363
383 0.1551934726447282 0.15113693501143521 10 0.11273957158962795
384 0.017270677213437773 0.21901312286807068 5 0.11363636363636363
384 0.15655542866562627 0.1540924881522443 10 0.11273957158962795
385 0.021319262819360356 0.21979735764384745 5 0.11363636363636363
385 0.15639876348041584 0.15605290095472726 10 0.11273957158962795
386 0.026819295844230324 0.22106853688409123 5 0.11363636363636363
386 0.15621692271340748 0.15854690817726566 10 0.11273957158962795
387 0.030752820635949106 0.22205290708117303 5 0.11363636363636363
387 0.15551307204678974 0.16042439283210572 10 0.11273957158962795
388 0.035738629499199794 0.22217773346727884 5 0.11363636363636363
388 0.15402529024611306 0.16266802199576896 10 0.11273957158962795
389 0.04053566113650743 0.22287999567580793 5 0.11363636363636363
389 0.15173289730382555 0.16401438891261327 10 0.11273957158962795
390 0.0453131566454777 0.2235797590883042 5 0.11363636363636363
390 0.14898052205602047 0.16617549210133015 10 0.11273957158962795
391 0.04856141119192754 0.22432201218608894 5 0.11363636363636363
391 0.14671320807047322 0.16765998275284777 10 0.11273957158962795
392 0.05110243653388793 0.2238690126656782 5 0.11363636363636363
392 0.1436999628534176 0.16993448616039813 10 0.11273957158962795
393 0.054882701397488465 0.22436887612284084 5 0.11337868480725623
393 0.13585039991505404 0.17324305892465192 10 0.1126126126126126
394 0.056594797734946224 0.22513198197380707 5 0.11337868480725623
394 0.1315336973749948 0.17446679713942084 10 0.1126126126126126
395 0.05809525299741075 0.22451517340053093 5 0.11337868480725623
395 0.12582088091722202 0.17523417368269342 10 0.1126126126126126
396 0.05966486311533866 0.2243508979116277 5 0.11337868480725623
396 0.12029006068848587 0.17552150233724115 10 0.1126126126126126
397 0.05993832960320154 0.22389760575340248 5 0.11337868480725623
397 0.11608349918869725 0.17576215781866814 10 0.1126126126126126
398 0.06019721415598582 0.22358522832842304 5 0.11337868480725623
398 0.10611854138850449 0.17707642814913588 10 0.11248593925759279
399 0.058529878108614396 0.2225057877334547 5 0.11337868480725623
399 0.10062857360984619 0.1775020138656971 10 0.11248593925759279
400 0.05791074464439604 0.22277325010444202 5 0.11337868480725623
400 0.09449974646296343 0.1771213812609867 10 0.11248593925759279
401 0.05465462520704958 0.22243344202990264 5 0.11337868480725623
401 0.09051979399907692 0.17707063655298108 10 0.11248593925759279
402 0.0527460353707336 0.22238066711287222 5 0.11337868480725623
402 0.08475117472170832 0.17675002907788478 10 0.11248593925759279
403 0.04888577579635542 0.22148691779291113 5 0.11337868480725623
403 0.08075170863008856 0.1759442539137702 10 0.11248593925759279
404 0.041995402319613066 0.21999670162467252 5 0.11312217194570134
404 0.07249298799321965 0.17551385958654303 10 0.11235955056179775
405 0.042647294983945754 0.21993104194032048 5 0.11337868480725623
405 0.07214540270431696 0.17482811775119883 10 0.11248593925759279
406 0.03529797769499586 0.21841524890395242 5 0.11312217194570134
406 0.0661613462155593 0.17399812890224306 10 0.11235955056179775
407 0.031257745926102 0.21740607555052285 5 0.11312217194570134
407 0.06286567613169167 0.17284736115495586 10 0.11235955056179775
408 0.026097751312159585 0.21661543792046228 5 0.11312217194570134
408 0.06057524719795228 0.1718486804747982 10 0.11235955056179775
409 0.026516973829576174 0.2164349573799536 5 0.11337868480725623
409 0.06031308736237466 0.17112387923883474 10 0.11248593925759279
410 0.018605240735349436 0.21378384396379507 5 0.11312217194570134
410 0.05690710837488311 0.16998767393723963 10 0.11235955056179775
411 0.015061532746819994 0.2112593802135426 5 0.11312217194570134
411 0.05542125757972877 0.1686946529964079 10 0.11235955056179775
412 0.011445757302387585 0.20908686468895726 5 0.11312217194570134
412 0.05444526545543342 0.16771530090518164 10 0.11235955056179775
413 0.009192713916415891 0.20669778256094773 5 0.11312217194570134
413 0.054362080091969654 0.1669449744737862 10 0.11235955056179775
414 0.00882020032055229 0.20354885290091604 5 0.11312217194570134
414 0.05380901435129283 0.16618852792990174 10 0.11235955056179775
415 0.010096863797473422 0.2005920296234096 5 0.11312217194570134
415 0.05294368407158244 0.16431444787083258 10 0.11235955056179775
416 0.013251357767840444 0.1972716487178462 5 0.11312217194570134
416 0.052037881963325525 0.16245251540712172 10 0.11235955056179775
417 0.01623366763428451 0.19412494600183283 5 0.11312217194570134
417 0.05154590005240922 0.16088029723556624 10 0.11235955056179775
418 0.020078211807992748 0.18986739671743963 5 0.11312217194570134
418 0.05095023946929685 0.15940182240004866 10 0.11235955056179775
419 0.024202007007867697 0.18568262308041134 5 0.11312217194570134
419 0.050875003527584436 0.1582788099869749 10 0.11248593925759279
420 0.028312818186607015 0.180885432954635 5 0.11312217194570134
420 0.047644782874731395 0.15974733824103443 10 0.1119820828667413
421 0.03142477439075341 0.17658398990709168 5 0.11312217194570134
421 0.04661414518210478 0.15874211650988526 10 0.11173184357541899
422 0.03499560020299647 0.17119027088898697 5 0.11312217194570134
422 0.045567641396334055 0.1576149561992663 10 0.11148272017837235
423 0.039866637487972416 0.1618582937747099 5 0.1128668171557562
423 0.044165866106821695 0.155544902435298 10 0.11074197120708747
424 0.042563623366678925 0.15634605930695633 5 0.1128668171557562
424 0.043481032539324206 0.15452117551486722 10 0.10989010989010989
425 0.04582182518732829 0.15058437347180978 5 0.1128668171557562
425 0.04390583440908804 0.1538109469253946 10 0.10893246187363834
426 0.04905389697025867 0.1442569760291212 5 0.1128668171557562
426 0.04326965232836359 0.15266515772746708 10 0.1076426264800861
427 0.05356144768004539 0.13450033003891224 5 0.1126126126126126
427 0.044330390360584414 0.15194184782148407 10 0.10649627263045792
428 0.05644761231690265 0.1283762408272149 5 0.1126126126126126
428 0.04605065399420988 0.15088501290953127 10 0.10537407797681769
429 0.05841184412294248 0.12335975817273218 5 0.1126126126126126
429 0.044801873036277355 0.1488955433096409 10 0.10319917440660474
430 0.061853542476071624 0.11644277128183604 5 0.1126126126126126
430 0.04045737560331199 0.1459117124787302 10 0.10050251256281408
431 0.06488796763012415 0.10930150992576493 5 0.1126126126126126
431 0.04283152065144273 0.14613605625258236 10 0.1
432 0.06757229733501655 0.10392622044795359 5 0.1126126126126126
432 0.04355137744902114 0.1461549850949268 10 0.09970089730807576
433 0.07167930251313896 0.09665076464752585 5 0.11235955056179775
433 0.021119041007306237 0.1456935613086861 10 0.09910802775024777
434 0.07399901105326903 0.09153246551147035 5 0.11235955056179775
434 0.04476706384612693 0.14123497131295126 10 0.09442870632672332
435 0.07643738089762574 0.0836264802059937 5 0.11210762331838564
435 0.044704575298474374 0.14342405442694323 10 0.09416195856873823
436 0.07843533286237167 0.07986133608602929 5 0.11210762331838564
436 0.04526382636774645 0.1458585591218673 10 0.09389671361502347
437 0.08288388729280928 0.07277072245444051 5 0.11185682326621924
437 0.04557472213790766 0.14759931473025528 10 0.09354536950420954
438 0.08516513436346901 0.06895975936519178 5 0.11185682326621924
439 0.08798897639269684 0.06359877419542405 5 0.11135857461024498
440 0.09045438432346617 0.06020720497060829 5 0.1111111111111111
441 0.09303233790066846 0.05671329952957738 5 0.11061946902654866
442 0.0945625689916754 0.054806713306498334 5 0.11013215859030835
443 0.09472808377167255 0.05250510544397158 5 0.10940919037199125
444 0.09625056112624457 0.05014935517049053 5 0.10799136069114469
445 0.09415304622199935 0.04790859744840621 5 0.10683760683760683
446 0.09487069497796971 0.04744701360750746 5 0.10482180293501048
447 0.0942362836752129 0.047620607974514194 5 0.10330578512396693
448 0.09424348838253535 0.04695578566794279 5 0.10060362173038229
449 0.08615985575115256 0.04402074596418956 5 0.09881422924901186
450 0.08525486786176951 0.042578077083928585 5 0.09652509652509651
451 0.08886676127785212 0.07968179770114223 5 0.08992805755395683
452 0.0832416629362007 0.08908046446197818 5 0.08944543828264757
453 0.0807766372798051 0.0932212852118254 5 0.08912655971479501
454 0.0792148314759926 0.09692573368710744 5 0.08880994671403196
455 0.07841522525423844 0.09769099254810057 5 0.08865248226950354
456 0.07720962045255361 0.09749988429022635 5 0.08849557522123894
457 0.07346119689422373 0.09552910008163781 5 0.08833922261484099
458 0.07082467671086946 0.0929052422742157 5 0.08818342151675485
459 0.06705901253525821 0.09038504278670925 5 0.0880281690140845
460 0.06317674741548787 0.09000246081749619 5 0.0880281690140845
461 0.05935984845324305 0.08909719009733445 5 0.08741258741258741
462 0.056430502872077425 0.09196519906519705 5 0.08756567425569177
463 0.053572254199688044 0.0909805255582231 5 0.08756567425569177
464 0.0498457130622083 0.09413784384389942 5 0.08771929824561403
465 0.04661875230742663 0.09609571074877149 5 0.08771929824561403
466 0.0439736154470481 0.09961216261919378 5 0.08787346221441124
467 0.042245420037054476 0.10215357547006872 5 0.08787346221441124
468 0.039689369184733134 0.1058793969746448 5 0.08787346221441124
469 0.03647417185741575 0.11028956147610602 5 0.08787346221441124
470 0.03342202818240651 0.11487372276448529 5 0.08787346221441124
471 0.030893684236081093 0.11916286187383915 5 0.08787346221441124
472 0.027645224852404893 0.12369325778720157 5 0.0880281690140845
473 0.02526774027641975 0.12803001746229206 5 0.0880281690140845
474 0.022670526414455515 0.13268783328884615 5 0.0880281690140845
475 0.020546561221510724 0.13572435539105263 5 0.08818342151675485
476 0.01649287250289643 0.14155592093434907 5 0.0880281690140845
477 0.015570983861954454 0.14314142034000324 5 0.08818342151675485
478 0.014127543070163126 0.14557588492448692 5 0.08818342151675485
479 0.013059029304265325 0.14765343881228649 5 0.08818342151675485
480 0.012303711069997504 0.14896138110968118 5 0.08833922261484099
481 0.011118123374258408 0.15088473562266508 5 0.08833922261484099
482 0.010470236476490898 0.1524404405933144 5 0.08833922261484099
483 0.009931416268633761 0.15387406693449443 5 0.08833922261484099
484 0.009750563292711357 0.15580547784444795 5 0.08833922261484099
485 0.0093423519458096 0.1578857238642148 5 0.08833922261484099
486 0.008906986187287925 0.15974250391012162 5 0.08833922261484099
487 0.008014986746204824 0.1625792581101957 5 0.08818342151675485
488 0.007402821055770112 0.1636343850631053 5 0.08818342151675485
489 0.007099214997292891 0.16477971506745154 5 0.08818342151675485
490 0.006937431756087476 0.1667380612988299 5 0.0880281690140845
491 0.006140072309962061 0.16820872101206913 5 0.08787346221441124
492 0.005688737410059657 0.16858461052173007 5 0.08787346221441124
493 0.0054408908346142894 0.16899697875978237 5 0.08787346221441124
494 0.005409449223454019 0.16922028515871007 5 0.08787346221441124
495 0.0050420530158264 0.16968607962859744 5 0.08771929824561403
496 0.005008227660588636 0.1698740349643253 5 0.08771929824561403
497 0.0047910175738403605 0.17039300038109692 5 0.08771929824561403
498 0.00474819399758769 0.17089511608751656 5 0.08771929824561403
499 0.004750279847750416 0.17141241321830797 5 0.08756567425569177
500 0.004699708299892762 0.1716721342614273 5 0.08771929824561403
501 0.004354476668357362 0.17147588844574668 5 0.08756567425569177
502 0.004451323358950054 0.17170650751485148 5 0.08756567425569177
503 0.0046191466730646025 0.17196518356566046 5 0.08756567425569177
504 0.004848684384005993 0.17211785923053213 5 0.08756567425569177
505 0.005172845012697534 0.17272784641032052 5 0.08756567425569177
506 0.005439227761554017 0.17429994715056046 5 0.08741258741258741
507 0.006006310757897506 0.17565592304474642 5 0.08756567425569177
508 0.005697789120746966 0.17657747142519656 5 0.08756567425569177
509 0.0057014260499206205 0.17720187535681373 5 0.08756567425569177
510 0.006373661997031653 0.17730149149966531 5 0.08756567425569177
511 0.007042967621056208 0.17746437087790098 5 0.08756567425569177
512 0.006931033004946202 0.1774885571021145 5 0.08771929824561403
513 0.00751251443313003 0.17752394712088598 5 0.08771929824561403
514 0.007555952545042495 0.17734025558022515 5 0.08771929824561403
515 0.007443466035621867 0.17732545178834386 5 0.08771929824561403
516 0.007429869855654349 0.1773187233208762 5 0.08787346221441124
517 0.007501002379621616 0.17745716565522113 5 0.08787346221441124
518 0.00735532934962683 0.17738680161102588 5 0.08787346221441124
519 0.00722555227062552 0.17752126154617645 5 0.08787346221441124
520 0.006979840323537889 0.1776051176638513 5 0.08787346221441124
521 0.007377858851653979 0.17760740233184213 5 0.0880281690140845
522 0.007159422431265591 0.17823926351055427 5 0.0880281690140845
523 0.006938467610308955 0.17858338967571497 5 0.0880281690140845
524 0.007517811849590867 0.1791209480795352 5 0.0880281690140845
525 0.007805832608197975 0.1793173551590334 5 0.08818342151675485
526 0.01008767048038043 0.18021868982183614 5 0.08818342151675485
527 0.015615391010655186 0.1811940456158951 5 0.08818342151675485
528 0.021487935274498635 0.18164725924935327 5 0.08818342151675485
529 0.031972695819233045 0.1827668281616959 5 0.08818342151675485
530 0.03150374755550518 0.18202558238479988 5 0.08833922261484099
531 0.0408333043735906 0.18142770177659479 5 0.08833922261484099
532 0.05562006232360064 0.18091572645900372 5 0.08833922261484099
533 0.06850951534298619 0.1815099397529604 5 0.08833922261484099
534 0.08211411121115993 0.18201296333596786 5 0.08833922261484099
535 0.08216186687254544 0.18203037146435913 5 0.08849557522123894
536 0.10196331837115676 0.18458672762273237 5 0.08849557522123894
537 0.1354726158777364 0.18647997014117348 5 0.08833922261484099
538 0.18527850683214975 0.18916188701898 5 0.0880281690140845
539 0.23099820650171057 0.18949403538365367 5 0.08771929824561403
540 0.23233541288863235 0.19141022402636046 5 0.08576329331046312
541 0.1856745577930634 0.19099334304994975 5 0.08547008547008547
542 0.13596435138751442 0.19006761503457384 5 0.08517887563884156
543 0.03773208880726347 0.18582314279262213 5 0.08417508417508417
544 0.021931802190104394 0.17952019275650405 5 0.08333333333333333
545 0.016573237528641788 0.17831396196731641 5 0.08291873963515754
546 0.01635117699804873 0.1784822477890245 5 0.08291873963515754
547 0.01835124052057161 0.1792464074180598 5 0.08278145695364238
548 0.01834327814584407 0.17881073538092002 5 0.08291873963515754
549 0.019001902398014178 0.17933047751042402 5 0.08291873963515754
550 0.019188638698865283 0.18056192284636538 5 0.08291873963515754
551 0.019335130357564307 0.18028058520426457 5 0.08305647840531562
552 0.019123697662707773 0.18053402013231612 5 0.08305647840531562
553 0.019133700313539188 0.18105417508065758 5 0.08319467554076539
554 0.0197508993955045 0.18292453387709776 5 0.08319467554076539
555 0.020471357188590146 0.18338989247529164 5 0.08333333333333333
556 0.02002117253683392 0.18388449137740748 5 0.08333333333333333
557 0.019611280542601476 0.1836387842242431 5 0.08347245409015024
558 0.018674894056954036 0.18495249597161226 5 0.08347245409015024
559 0.018757574632671324 0.18450575939650582 5 0.08361204013377926
560 0.018750777296038294 0.18412447984959165 5 0.08375209380234505
561 0.017971025399527604 0.18507168561208603 5 0.08375209380234505
562 0.017666025678583195 0.18485908166396747 5 0.08389261744966443
563 0.018357786705729774 0.18514602161099783 5 0.08403361344537816
564 0.017588891282555433 0.18660470032871374 5 0.08403361344537816
565 0.017334546066080442 0.18670580733600406 5 0.08417508417508417
566 0.017622225480712714 0.18703880000851575 5 0.08431703204047217
567 0.018105063959173988 0.189315049147291 5 0.08431703204047217
568 0.018555862264151353 0.1901445851919789 5 0.08445945945945946
569 0.01844368374779195 0.1922822940851813 5 0.08445945945945946
570 0.017047320043381907 0.1895183478710289 5 0.08460236886632826
571 0.014374725763923726 0.1821596709664802 5 0.0847457627118644
572 0.013032559515712968 0.1727386830792191 5 0.0847457627118644
573 0.014939454313806699 0.16449445487935677 5 0.08488964346349745
574 0.01814610837267324 0.15846719350097527 5 0.08503401360544217
575 0.0207686313697956 0.15683093680240925 5 0.08503401360544217
576 0.020327491321854206 0.15750571622299975 5 0.08517887563884156
577 0.0182843567395861 0.1601088039808624 5 0.08532423208191126
578 0.014742484477496539 0.16738685704867864 5 0.08532423208191126
579 0.013124126451755272 0.17208477370574563 5 0.08547008547008547
580 0.012767756000721714 0.1767129640335396 5 0.08561643835616438
581 0.012869581953827878 0.17990839531880082 5 0.08561643835616438
582 0.013200823470222717 0.18182060229742378 5 0.08576329331046312
583 0.012986767839726146 0.18450522659703653 5 0.08576329331046312
584 0.013466159252561814 0.1871765905312991 5 0.0859106529209622
585 0.013386586350289914 0.18909247695703654 5 0.0859106529209622
586 0.013367154641870799 0.19038640946552499 5 0.08605851979345955
587 0.013175656008878591 0.19332000302965963 5 0.08605851979345955
588 0.013441723348218495 0.1946459814799778 5 0.08620689655172414
589 0.013702755258839025 0.1956236602647531 5 0.08635578583765112
590 0.0136995523199716 0.19411787676444153 5 0.08650519031141868
591 0.013097852322223746 0.191244914543108 5 0.08665511265164644
592 0.012888581654406405 0.19249990304169323 5 0.08680555555555555
593 0.013397251450511927 0.1961558328375805 5 0.08695652173913043
594 0.014379724259769045 0.1989830116038598 5 0.08710801393728222
595 0.014669440454797431 0.2065066544148245 5 0.08710801393728222
596 0.018392414316565565 0.21729021151781822 5 0.08726003490401396
597 0.024131073584151654 0.23003414770714087 5 0.08741258741258741
598 0.02658439778474759 0.24067348578606285 5 0.08741258741258741
599 0.04205695954773554 0.2700649406441612 5 0.08445945945945946
600 0.04250256989561694 0.26999234865383176 5 0.08445945945945946
601 0.04247644266841 0.26920321704327926 5 0.08445945945945946
602 0.04258784418282703 0.26685079125577377 5 0.08445945945945946
603 0.042134864151022876 0.26462479874873623 5 0.08445945945945946
604 0.03977941226107404 0.2604338008743042 5 0.08460236886632826
605 0.03904258136968637 0.2577519962055396 5 0.08460236886632826
606 0.03944536176986492 0.25746954835628016 5 0.08460236886632826
607 0.03910036214522571 0.2573118971350623 5 0.08460236886632826
608 0.038095679249752275 0.2553602590439089 5 0.0847457627118644
609 0.03745211438766626 0.2542501685888864 5 0.08488964346349745
610 0.03687081428068247 0.25382069803162344 5 0.08488964346349745
611 0.03642167682665235 0.2538152171192063 5 0.08488964346349745
612 0.036131940623487055 0.2532517543231228 5 0.08503401360544217
613 0.036971279873787635 0.25445094286148534 5 0.08517887563884156
614 0.037713923188286216 0.25547417163183506 5 0.08532423208191126
615 0.037884303780621124 0.2573751778201607 5 0.08532423208191126
616 0.0378924718383454 0.2572408261653152 5 0.08547008547008547
617 0.03735300172726466 0.2563469312149584 5 0.08561643835616438
618 0.03691136849260691 0.25564174354797686 5 0.08576329331046312
619 0.036847864906610364 0.2554690222286224 5 0.0859106529209622
620 0.03730806867842924 0.2560275980399659 5 0.08605851979345955
621 0.03857728911492441 0.25762227249560243 5 0.08620689655172414
622 0.03949348825036304 0.2590020319975827 5 0.08635578583765112
623 0.03971577730408228 0.2593969745184018 5 0.08650519031141868
624 0.039676438760806385 0.2591926738703724 5 0.08665511265164644
625 0.039638869300553416 0.2590206861289512 5 0.08680555555555555
626 0.039808504584570414 0.25932452893963065 5 0.08695652173913043
627 0.0400487682816497 0.2596476685852062 5 0.08710801393728222
628 0.040139065863678325 0.2598383925588762 5 0.08726003490401396
629 0.04046701774109456 0.2603645864371419 5 0.08741258741258741
630 0.0409705366235804 0.26103759448641684 5 0.08756567425569177
631 0.04107183092985391 0.26122487721420606 5 0.08771929824561403
632 0.04084195178664441 0.26082390827259166 5 0.08787346221441124
633 0.04051516726201474 0.26029429916877117 5 0.0880281690140845
634 0.0399623487645871 0.25951799948455523 5 0.08818342151675485
635 0.039434576388302785 0.25855742973325013 5 0.08833922261484099
636 0.03914617763215695 0.2580237801421629 5 0.08849557522123894
637 0.03949311038917265 0.2586556529923996 5 0.08865248226950354
638 0.03984870482552328 0.25927577308346017 5 0.08880994671403196
639 0.040147056658131494 0.2596984103350654 5 0.0889679715302491
640 0.04053351492657167 0.2602058231606831 5 0.08912655971479501
641 0.04147362936830389 0.26165514448975424 5 0.08928571428571429
642 0.041648045061034464 0.26362110179940607 5 0.08928571428571429
643 0.041678860055750354 0.2637140373412569 5 0.08944543828264757
644 0.04051080454045963 0.26399831110117267 5 0.08944543828264757
645 0.03988694097778003 0.2632472493163328 5 0.08960573476702509
646 0.038114258946147034 0.2630851850971593 5 0.08960573476702509
647 0.03781550242047582 0.263242858305592 5 0.08976660682226212
648 0.036519509927578755 0.26333292764085153 5 0.08976660682226212
649 0.03677125317877225 0.26334618890191325 5 0.08992805755395683
650 0.03679185602240841 0.26318858504969833 5 0.09009009009009009
651 0.0356019503290963 0.2629752041882506 5 0.09009009009009009
652 0.03512398701849095 0.2629408393544098 5 0.09025270758122743
653 0.03423801454464599 0.26308333484795116 5 0.09025270758122743
654 0.03438561971789965 0.26334586937665994 5 0.09041591320072331
655 0.03434445083698557 0.2635783512929226 5 0.09057971014492754
656 0.03360680918046712 0.26325547297237517 5 0.09057971014492754
657 0.03320587758658315 0.26313283246423064 5 0.09074410163339383
658 0.03190839010568841 0.2614118945333603 5 0.09090909090909091
659 0.028488417911840785 0.2558208523993636 5 0.09107468123861566
660 0.023232045208715014 0.2474808087560271 5 0.09124087591240876
661 0.018488501623689473 0.23455391289741248 5 0.09124087591240876
662 0.019542154850058984 0.22427520413848728 5 0.09140767824497258
663 0.025854393609160243 0.21400571817327343 5 0.09157509157509157
664 0.03956133282998532 0.20229229093534928 5 0.09174311926605505
665 0.05679031616486928 0.19522680693247965 5 0.09191176470588235
666 0.07083919574078026 0.19440806174708286 5 0.09208103130755063
667 0.08537855284051514 0.19808573959236106 5 0.09225092250922509
668 0.12555883589298 0.2254522974711012 5 0.09225092250922509
669 0.14064939745813881 0.24223028416525913 5 0.09242144177449169
670 0.15582554852599423 0.2611196339041805 5 0.09259259259259259
671 0.17321485045774512 0.3454378510266902 5 0.09276437847866419
672 0.20856318187509335 0.5058554349017448 5 0.09293680297397769
673 0.24208825595148104 0.5845828711792256 5 0.0931098696461825
674 0.25621508451753633 0.6165969810138274 5 0.09328358208955223
675 0.2669008834992005 0.6369530879014331 5 0.09345794392523364
676 0.2725164294998568 0.6477556901549002 5 0.09363295880149812
677 0.2770417096527086 0.6563088560566649 5 0.09380863039399624
678 0.27923595493685344 0.6604952162848898 5 0.09398496240601503
679 0.27797536005429613 0.6581236208661628 5 0.09416195856873823
680 0.2766889088394267 0.6555038652785875 5 0.09433962264150944
681 0.27644543015619877 0.6550490675836499 5 0.09451795841209829
682 0.27321083730896006 0.6479519181613206 5 0.0946969696969697
683 0.2651690046217671 0.6317372566311137 5 0.09487666034155597
684 0.25721448079034126 0.6163950735349156 5 0.09505703422053231
685 0.24795359439705247 0.5973363914481133 5 0.09523809523809523
686 0.2359635764006703 0.5724597531834256 5 0.09541984732824427
687 0.21774854174300168 0.5342376232739825 5 0.09560229445506692
688 0.20086219349889048 0.4976289280312156 5 0.09578544061302681
689 0.18020990986147795 0.4520553355000689 5 0.09596928982725528
690 0.16434192892064048 0.41611890571510185 5 0.09615384615384616
691 0.14169429152809798 0.3633728815422582 5 0.09633911368015413
692 0.1271732170256717 0.32893913645093814 5 0.09652509652509651
693 0.10881173598667812 0.2849618350323683 5 0.09671179883945841
694 0.09075203664489426 0.24092200246298723 5 0.09689922480620154
695 0.07491434306377447 0.201504207659665 5 0.0970873786407767
696 0.06015748696182878 0.1645619140388262 5 0.09727626459143968
697 0.05013683841817805 0.13935953745740653 5 0.09746588693957114
698 0.03717111477842699 0.10639692745008378 5 0.09765625
699 0.028079888556187326 0.08281441495925111 5 0.09784735812133072
700 0.024774619487557756 0.07303527401963714 5 0.09784735812133072
701 0.021040762164090187 0.06357240440149267 5 0.09803921568627451
702 0.020717722098197548 0.06102925210488789 5 0.09823182711198428
703 0.021476472221755954 0.060691092486744244 5 0.09842519685039369
704 0.01889709071850981 0.054040438920076386 5 0.09861932938856015
705 0.015132846533141028 0.04549203117633108 5 0.09881422924901186
706 0.013749155762919343 0.04016360133510392 5 0.09900990099009901
707 0.013559126656867334 0.03573237390228855 5 0.0992063492063492
708 0.013893971629370162 0.032495186623725004 5 0.09940357852882703
709 0.01443926643813046 0.03123236231072028 5 0.099601593625498
710 0.014064034118797225 0.03066535725308802 5 0.0998003992015968
711 0.013855377446206501 0.03025433111712792 5 0.1
712 0.013719794751476087 0.03028702879363359 5 0.1002004008016032
713 0.013620681737325438 0.029518474361143306 5 0.1004016064257028
714 0.013053639042016573 0.030168106440237458 5 0.1004016064257028
715 0.012987141356744569 0.02960267226905927 5 0.10060362173038229
716 0.012978450773756872 0.02843940547087374 5 0.10080645161290322
717 0.013063537974951961 0.026288878469170725 5 0.10101010101010101
718 0.012359826160615435 0.026024064372986645 5 0.10101010101010101
719 0.012523903271809064 0.024091656011415507 5 0.10121457489878541
720 0.012587929951346971 0.022851580663662184 5 0.10141987829614603
721 0.011538867772917825 0.02241725886027874 5 0.10141987829614603
722 0.011685696760589958 0.021008577440166105 5 0.1016260162601626
723 0.011898675363839716 0.020473670343145067 5 0.10183299389002036
724 0.01236028172210008 0.020671369872852043 5 0.10204081632653061
725 0.011881136420405412 0.021970442900698793 5 0.10204081632653061
726 0.012381917999725467 0.0228533584181265 5 0.10224948875255623
727 0.012473895580696729 0.023081833115334453 5 0.10245901639344261
728 0.012557724823035164 0.023318356359517668 5 0.1026694045174538
729 0.012705195577703712 0.023650728139561417 5 0.102880658436214
730 0.013270096715941834 0.024138056570226014 5 0.10309278350515463
731 0.014367249654246923 0.025227009283234035 5 0.10330578512396693
732 0.014771966785403868 0.02726338370351971 5 0.10351966873706003
733 0.015403074351218321 0.030596062907377153 5 0.10373443983402489
734 0.01644020251541119 0.03298854094048702 5 0.10395010395010394
735 0.017709334244030192 0.03592098185751814 5 0.10416666666666667
736 0.018123778802641377 0.03759474319336636 5 0.10438413361169101
737 0.018413702044076267 0.039136277275839466 5 0.10460251046025104
738 0.018646622484851296 0.039263489596160876 5 0.10482180293501048
739 0.018161084088283784 0.03682228092203351 5 0.10504201680672269
740 0.016708347378766204 0.033019958979563724 5 0.10526315789473684
741 0.015801935757037065 0.031416064929972724 5 0.10548523206751054
742 0.015425182278925798 0.03129639182016394 5 0.10570824524312895
743 0.01558601027317382 0.0319431463801101 5 0.1059322033898305
744 0.0156322580878694 0.033443793178198164 5 0.10615711252653927
745 0.01536776529139151 0.035175337264702566 5 0.10638297872340426
746 0.015296733666538612 0.036962893716655294 5 0.1066098081023454
747 0.015317705855811067 0.039214248634576954 5 0.10683760683760683
748 0.01492087900590322 0.04256542868600113 5 0.1070663811563169
749 0.014610419388835538 0.04660852786675173 5 0.1072961373390558
750 0.014662379083473296 0.05017742713785521 5 0.10752688172043011
751 0.014843547228228995 0.05556426838139013 5 0.10775862068965517
752 0.014873426151848234 0.059670365785505254 5 0.10799136069114469
753 0.015261122271116423 0.06556280442347598 5 0.10822510822510822
754 0.015313793725177018 0.06830573022217593 5 0.10845986984815618
755 0.014905582749400445 0.07192539345094093 5 0.10869565217391304
756 0.01437606053398847 0.07447844706215803 5 0.10893246187363834
757 0.013188445649066793 0.07642807166759535 5 0.10893246187363834
758 0.013376080490254775 0.07910533947958531 5 0.10917030567685589
759 0.013893103586437744 0.0829901500046711 5 0.10940919037199125
760 0.014360457710277792 0.08550070453096638 5 0.10940919037199125
761 0.014339182088716018 0.0892482564545529 5 0.10964912280701754
762 0.01433634491101673 0.09337787391463744 5 0.10989010989010989
763 0.014196565327718815 0.09757455339922319 5 0.10989010989010989
764 0.013796917047803359 0.10282786464390933 5 0.11013215859030835
765 0.013528630654733587 0.10511455795497175 5 0.11013215859030835
766 0.013218348981669107 0.10852580094935285 5 0.11013215859030835
767 0.013184285953765909 0.11237975865455363 5 0.11037527593818984
768 0.013580999443073513 0.11470644144260808 5 0.11037527593818984
769 0.013879663924484562 0.11782697786823597 5 0.11061946902654866
770 0.014618511317650563 0.12063770117264505 5 0.11061946902654866
771 0.014762754527281746 0.1246420679400014 5 0.11086474501108647
772 0.015282261131690487 0.12555973204542348 5 0.11086474501108647
773 0.015178252257125107 0.12528188317453212 5 0.11086474501108647
774 0.015128738932699132 0.128529453575344 5 0.1111111111111111
775 0.014701068212484462 0.12850719151272552 5 0.1111111111111111
776 0.014462441656898268 0.12785218169414006 5 0.1111111111111111
777 0.014623678050033988 0.12792496035277207 5 0.1111111111111111
778 0.015221765308614951 0.12783628357314875 5 0.1111111111111111
779 0.015037641554628087 0.1301787186591133 5 0.11135857461024498
780 0.015862086669926976 0.12974768550480315 5 0.11135857461024498
781 0.01713104981235236 0.12798296574176565 5 0.11135857461024498
782 0.01835442559073347 0.12714161158376622 5 0.11135857461024498
783 0.019382183571687035 0.1274147735973003 5 0.11135857461024498
784 0.020485786252307178 0.1257364692841985 5 0.11135857461024498
785 0.022369363060021998 0.12374395878576057 5 0.11135857461024498
786 0.024774252476336772 0.12229291747066948 5 0.11135857461024498
787 0.02779689224122814 0.11978071556866118 5 0.11135857461024498
788 0.029098043572868 0.11922570509683801 5 0.11160714285714285
789 0.0311836388735467 0.11755873727280561 5 0.11160714285714285
790 0.0354106316818549 0.11315605205230331 5 0.11135857461024498
791 0.03660484794708583 0.11376273311750237 5 0.11160714285714285
792 0.04012540988479946 0.10949253134252604 5 0.11160714285714285
793 0.04351491947692823 0.10736457222078735 5 0.11160714285714285
794 0.048110326290120985 0.10522682514008252 5 0.11160714285714285
795 0.05372439845395095 0.1021902750288614 5 0.11160714285714285
796 0.05939396939407291 0.09764586138618545 5 0.11160714285714285
797 0.06490365747046022 0.09524599100139033 5 0.11160714285714285
798 0.07102715870912632 0.09223098325972948 5 0.11160714285714285
799 0.0768069164720112 0.08981375796128349 5 0.11160714285714285
800 0.08373268444035545 0.08493272281659472 5 0.11160714285714285
801 0.09011792717046319 0.08252272887217563 5 0.11160714285714285
802 0.09709869314050926 0.07916217204411088 5 0.11160714285714285
803 0.10391392923141596 0.07623834123102816 5 0.11160714285714285
804 0.11183407253039641 0.07153937380856966 5 0.11160714285714285
805 0.11988623412472046 0.06860582533866051 5 0.11160714285714285
806 0.129281981438732 0.06513763302226996 5 0.11160714285714285
807 0.13831040603541858 0.0622269136411399 5 0.11160714285714285
808 0.1485648577423137 0.058175075955781266 5 0.11160714285714285
809 0.15821451068713993 0.05526025562908393 5 0.11160714285714285
810 0.17102881993660102 0.05270361949745964 5 0.11160714285714285
811 0.18350731495446812 0.05094070250349012 5 0.11160714285714285
812 0.1939877411520123 0.0495352585704615 5 0.11160714285714285
813 0.20605564815355798 0.049810225209976536 5 0.11160714285714285
814 0.22100050094226376 0.05149888599721768 5 0.11160714285714285
815 0.23618911930774195 0.05498770577808115 5 0.11160714285714285
816 0.2471114564145705 0.05875041378176634 5 0.11160714285714285
817 0.2593545066331334 0.06341187251164676 5 0.11160714285714285
818 0.2744007158438484 0.07001661367243484 5 0.11160714285714285
819 0.2879769639573508 0.07798092995812014 5 0.11160714285714285
820 0.2973299972474673 0.08511335981930951 5 0.11160714285714285
821 0.3080178881614415 0.093230930648485 5 0.11160714285714285
822 0.31720768038712205 0.10206325360135224 5 0.11160714285714285
823 0.3256166363979126 0.11227071118607912 5 0.11160714285714285
824 0.3305518112839583 0.12013171901222312 5 0.11160714285714285
825 0.3365267080804714 0.130308618473659 5 0.11160714285714285
826 0.3392911733337205 0.13756477371578582 5 0.11160714285714285
827 0.33914692905487226 0.15241735672460946 5 0.11135857461024498
828 0.3419102150614517 0.15517483333043172 5 0.11160714285714285
829 0.33805261735111247 0.16900469528635415 5 0.11135857461024498
830 0.33498225843109675 0.17691356788452595 5 0.11135857461024498
831 0.3284989599801152 0.1850906041087768 5 0.11135857461024498
832 0.3301044392340572 0.18718792183838578 5 0.11160714285714285
833 0.3182739704684577 0.1965673596230672 5 0.11135857461024498
834 0.3091058839303277 0.200455193362227 5 0.11135857461024498
835 0.29970450824232053 0.20424068751497462 5 0.11135857461024498
836 0.29219408798430874 0.2065201673550726 5 0.11135857461024498
837 0.2815029461308607 0.20905783842941705 5 0.11135857461024498
838 0.27120640114211564 0.20999715443431088 5 0.11135857461024498
839 0.2584816435256702 0.2103203581323534 5 0.11135857461024498
840 0.24569558080009896 0.20949729295447334 5 0.11135857461024498
841 0.23454553808859968 0.2061075635461096 5 0.11135857461024498
842 0.22111805223937897 0.20420488183375296 5 0.11135857461024498
843 0.20025356273489964 0.2012990395096513 5 0.1111111111111111
844 0.1903196168581363 0.19887718596806575 5 0.1111111111111111
845 0.1801077423834172 0.19480257025027994 5 0.1111111111111111
846 0.17084916799954614 0.19231398005616868 5 0.1111111111111111
847 0.16031058684860156 0.1893791588309056 5 0.1111111111111111
848 0.15081086868842086 0.18602564294946222 5 0.1111111111111111
849 0.14236200025772114 0.18211774444920678 5 0.1111111111111111
850 0.1343205298649897 0.18092257647396187 5 0.1111111111111111
851 0.12687682637420067 0.1796951720885715 5 0.1111111111111111
852 0.12021676147353644 0.17931667378618765 5 0.1111111111111111
853 0.11463458755891867 0.17903457523025412 5 0.1111111111111111
854 0.10981188074391379 0.18029352704374055 5 0.1111111111111111
855 0.10416930044475434 0.18167683503168436 5 0.1111111111111111
856 0.09769720450798827 0.18478314638845023 5 0.1111111111111111
857 0.09221269294330424 0.18740057662719417 5 0.1111111111111111
858 0.08719688491673663 0.19152026416064563 5 0.1111111111111111
859 0.08314983622756127 0.19233108479904965 5 0.11135857461024498
860 0.07276377906352194 0.19373125043223796 5 0.11061946902654866
861 0.06593684631647927 0.19778018483772722 5 0.11013215859030835
862 0.06081677740707413 0.2010972814531052 5 0.10964912280701754
863 0.0558218992692651 0.20453468422967128 5 0.10917030567685589
864 0.05163029067154514 0.20779725051264428 5 0.10845986984815618
865 0.046613230797465176 0.2113005556328212 5 0.1070663811563169
866 0.04502165270510406 0.21354727621384764 5 0.1059322033898305
867 0.041510598549177526 0.21651779796202772 5 0.10438413361169101
868 0.037508301523104484 0.2195100519538958 5 0.10245901639344261
869 0.03608588618981647 0.22134871093339745 5 0.10101010101010101
870 0.03794141866422111 0.22431386624434096 5 0.09900990099009901
871 0.034169163332052346 0.22718093057220617 5 0.0970873786407767
872 0.020627998227961505 0.23124970229784964 5 0.09090909090909091
873 0.020653581877456813 0.2284807542690619 5 0.09025270758122743
874 0.020976021453817488 0.2250743322968917 5 0.08960573476702509
875 0.01956380185235141 0.22322395724741484 5 0.08912655971479501
876 0.028863934561736526 0.2211986739165673 5 0.08833922261484099
877 0.018711893502267866 0.20597609803720013 5 0.08156606851549755
878 0.01759766336954605 0.20897165660586703 5 0.08116883116883117
879 0.01619761697748956 0.21320915712228686 5 0.08090614886731391
880 0.016217805031486007 0.21626474208903837 5 0.08064516129032258
881 0.01571608692841829 0.21881306573790477 5 0.08051529790660225
882 0.013811472155110244 0.22370376436819822 5 0.08025682182985554
883 0.01625044144964135 0.22704499816014007 5 0.07987220447284345
