0 0.017149687875396582 0.09977246579030814 5 0.08944543828264757
0 0.006429644761996649 0.20394872710244227 10 0.10214504596527067
1 0.015435171480926952 0.09557443437415919 5 0.0889679715302491
1 0.006097411832921062 0.2039526650056988 10 0.1019367991845056
2 0.01535345772783916 0.09341132284746889 5 0.08880994671403196
2 0.006056893614928548 0.2038574915400778 10 0.10172939979654119
3 0.015744035638067977 0.0908140729529123 5 0.08865248226950354
3 0.006247970976911451 0.20409803828270684 10 0.10121457489878541
4 0.01458218285393803 0.08826421416431202 5 0.08865248226950354
4 0.006182409308869759 0.2038667205935536 10 0.10101010101010101
5 0.013758024406239518 0.08642165722725811 5 0.08849557522123894
5 0.006053831142217291 0.204078333625836 10 0.10050251256281408
6 0.014470846073434504 0.08481098937436757 5 0.08849557522123894
6 0.006092152894614697 0.2042925233848115 10 0.1002004008016032
7 0.015153725582730366 0.08319252928364024 5 0.08849557522123894
7 0.0063596859225200555 0.20466540077161657 10 0.09970089730807576
8 0.014917951464361593 0.08201913836452232 5 0.08833922261484099
8 0.006538312896326043 0.20482580359001074 10 0.09930486593843098
9 0.01464539268541105 0.07505949358095937 5 0.08849557522123894
9 0.006449474920416312 0.20289108599376454 10 0.09940357852882703
10 0.014569713552778857 0.06894636121841916 5 0.08865248226950354
10 0.0064643417753413495 0.2010917370752087 10 0.09950248756218906
11 0.01491428270858906 0.0641499507710119 5 0.08880994671403196
11 0.006693092257389875 0.19955435420619932 10 0.099601593625498
12 0.015496933381735254 0.06421345942173538 5 0.08865248226950354
12 0.006935102979309484 0.2013290634934875 10 0.09861932938856015
13 0.014293868155731432 0.06765804834325714 5 0.08849557522123894
13 0.00628433606062298 0.2017361857024147 10 0.09551098376313276
14 0.014122000850793862 0.0711796213643509 5 0.08833922261484099
14 0.006021850096089861 0.1982203946928202 10 0.0946073793755913
15 0.014556575483234325 0.07524918092796193 5 0.08818342151675485
15 0.008464533517442302 0.1965318194259305 10 0.09033423667570009
16 0.014455418852483156 0.07448713149374353 5 0.08818342151675485
16 0.00678725906059285 0.19584286196890224 10 0.08976660682226212
17 0.014214674579925927 0.07366890567817344 5 0.08818342151675485
17 0.006850908289026618 0.1953685658655479 10 0.08960573476702509
18 0.013920449961053249 0.07318053648699085 5 0.08818342151675485
18 0.006608038854331891 0.1952020098988216 10 0.08952551477170993
19 0.013941436502091273 0.07356803772143439 5 0.08818342151675485
19 0.006433409579119626 0.19550676101741865 10 0.08944543828264757
20 0.013550910049659016 0.07214153661064768 5 0.08818342151675485
20 0.006210816944177869 0.19557607092656334 10 0.08936550491510277
21 0.012862195790067851 0.0717415219652891 5 0.08818342151675485
21 0.005801807968113694 0.19527616586577495 10 0.08936550491510277
22 0.01269952530606112 0.0730496065914958 5 0.0880281690140845
22 0.00555175049514633 0.19540387311979002 10 0.08928571428571429
23 0.013011359689677584 0.07354676191983897 5 0.0880281690140845
23 0.005537614059903188 0.19627330226184442 10 0.08912655971479501
24 0.013013775201938842 0.0732119270449754 5 0.0880281690140845
24 0.005638165312470452 0.19605393446911432 10 0.08912655971479501
25 0.012915118016226527 0.07280439134905033 5 0.0880281690140845
25 0.005825598933076069 0.19640583986917998 10 0.08904719501335707
26 0.012966489323786573 0.0735405591900134 5 0.0880281690140845
26 0.005845137598092831 0.19719577822341236 10 0.0889679715302491
27 0.013054239903618602 0.07359484570994085 5 0.0880281690140845
27 0.005714220730666339 0.19765916931491273 10 0.08888888888888889
28 0.012616323065488927 0.07619427353526695 5 0.08787346221441124
28 0.0058353625696726495 0.19811763346103514 10 0.08880994671403196
29 0.012347727307945765 0.07727501570697597 5 0.08787346221441124
29 0.0058535521372707405 0.19923590012180634 10 0.08857395925597873
30 0.012459145585751178 0.07704164985536749 5 0.08787346221441124
30 0.0057658469847487815 0.19941319580976338 10 0.08833922261484099
31 0.01240185448475976 0.07702765880826745 5 0.08787346221441124
31 0.005454238437261665 0.1995920771713156 10 0.08764241893076248
32 0.012085839930353837 0.07727163202584633 5 0.08787346221441124
32 0.0058380025793097635 0.20036935536502445 10 0.08688097306689835
33 0.011987346041204463 0.07799549001345653 5 0.08787346221441124
34 0.011710415815695565 0.07878351829111599 5 0.08787346221441124
35 0.011772895049269594 0.07970350994920863 5 0.08787346221441124
36 0.01135393931120862 0.08088543099915946 5 0.08787346221441124
37 0.010674438885552083 0.08191164184231763 5 0.08787346221441124
38 0.01077028335210553 0.08447761724903889 5 0.08787346221441124
39 0.010321654521028891 0.08775995912800025 5 0.08787346221441124
40 0.00942893613998879 0.09069598509311279 5 0.08787346221441124
41 0.009910178010267964 0.09382220271756256 5 0.08787346221441124
42 0.009980527004579041 0.09782917741824014 5 0.08787346221441124
43 0.009251065947079879 0.10113513771838016 5 0.08787346221441124
44 0.00939929051602943 0.10184645513349784 5 0.0880281690140845
45 0.010292480744309664 0.11028738407287822 5 0.08787346221441124
46 0.010239358383705814 0.11178873427042217 5 0.0880281690140845
47 0.010422801321609429 0.11855882178601443 5 0.0880281690140845
48 0.010674214927805004 0.11932381591836456 5 0.08818342151675485
49 0.010577987513575962 0.12518542429978505 5 0.08818342151675485
50 0.010635453385283931 0.12643361510967802 5 0.08833922261484099
51 0.010737237748279626 0.13215776827059883 5 0.08833922261484099
52 0.010568565817534865 0.13111058878720766 5 0.08849557522123894
53 0.010506618616406078 0.1313206892852444 5 0.08865248226950354
54 0.010473777803248424 0.13146331728955907 5 0.08880994671403196
55 0.01091211927613621 0.13920103932661151 5 0.08880994671403196
56 0.01098584416216775 0.1390538845021378 5 0.0889679715302491
57 0.01113878477711757 0.13965468295325284 5 0.08912655971479501
58 0.011141305071967816 0.14051006645507755 5 0.08928571428571429
59 0.01119278528473916 0.14123312669632299 5 0.08944543828264757
60 0.01112969988303552 0.14125703114348453 5 0.08960573476702509
61 0.011281934138801443 0.14790044860483834 5 0.08960573476702509
62 0.01140581540077749 0.14797660360598414 5 0.08976660682226212
63 0.011166784901866221 0.14773052993628 5 0.08992805755395683
64 0.01118161047750201 0.1474533522997647 5 0.09009009009009009
65 0.011153824835437892 0.1473314473848707 5 0.09025270758122743
66 0.011457421299882368 0.1480458088166522 5 0.09041591320072331
67 0.011443798326277064 0.14848429653784595 5 0.09057971014492754
68 0.011685696274368485 0.1494863562643834 5 0.09074410163339383
69 0.011661845677658246 0.1476979980582166 5 0.09074410163339383
70 0.011554133318308258 0.1456971030581829 5 0.09074410163339383
71 0.011335069644302566 0.1451111595169686 5 0.09090909090909091
72 0.011498558287875079 0.14287870218724108 5 0.09090909090909091
73 0.011717413397815814 0.14341162580377592 5 0.09090909090909091
74 0.011880281953576221 0.14250726663067542 5 0.09107468123861566
75 0.011233908718110613 0.14394393942339695 5 0.09107468123861566
76 0.010897605090561228 0.14291698255432458 5 0.09124087591240876
77 0.010861956462683911 0.14213947159274248 5 0.09140767824497258
78 0.010903680406810206 0.1437843867378849 5 0.09140767824497258
79 0.010702379639725694 0.14292924573430557 5 0.09157509157509157
80 0.010427926608524344 0.14193080599560437 5 0.09174311926605505
81 0.011018394946672613 0.1436702499501545 5 0.09174311926605505
82 0.011195863641338611 0.14453164919848316 5 0.09191176470588235
83 0.011013260565093202 0.14433353836406773 5 0.09208103130755063
84 0.010937831319077704 0.145733194136353 5 0.09208103130755063
85 0.011172370000141296 0.14574581323926958 5 0.09225092250922509
86 0.011117882837890839 0.14783038494227513 5 0.09225092250922509
87 0.011418572866297584 0.14757342299534562 5 0.09242144177449169
88 0.011205497543393277 0.14703799217072736 5 0.09259259259259259
89 0.010794573228632667 0.1486036621706272 5 0.09259259259259259
90 0.011080397131470738 0.14837512433726635 5 0.09276437847866419
91 0.011459994842532847 0.14863736135178396 5 0.09276437847866419
92 0.011040665411401304 0.14789728881600556 5 0.09293680297397769
93 0.011755163525600961 0.14810129167483777 5 0.09293680297397769
94 0.011801636891245321 0.14733233414929198 5 0.0931098696461825
95 0.012081211124824303 0.14819176126462738 5 0.0931098696461825
96 0.012217362601348557 0.14821599909890631 5 0.09328358208955223
97 0.01151157876963177 0.14898473902403397 5 0.09328358208955223
98 0.01155729102176094 0.14893399251462167 5 0.09345794392523364
99 0.011096555573984443 0.1493083261848306 5 0.09345794392523364
100 0.011528433243432324 0.14969761747307184 5 0.09345794392523364
101 0.011587292583795643 0.149307564834346 5 0.09363295880149812
102 0.012168908595003046 0.14997018178757482 5 0.09363295880149812
103 0.011909807168292019 0.15244924780747193 5 0.09363295880149812
104 0.012589085924136415 0.15326950085841334 5 0.09380863039399624
105 0.012649270205184726 0.15478213339474664 5 0.09380863039399624
106 0.012563385350704646 0.15587948130070728 5 0.09380863039399624
107 0.012178917993991196 0.15605065629747877 5 0.09380863039399624
108 0.011884784509573431 0.1558909643095128 5 0.09398496240601503
109 0.012384017717215128 0.15603759962683922 5 0.09398496240601503
110 0.012254527889265128 0.1560471789573539 5 0.09416195856873823
111 0.012227119093158165 0.15611220506387635 5 0.09433962264150944
112 0.01225115041184285 0.1561712358713894 5 0.09451795841209829
113 0.012188067001091209 0.1561593482147207 5 0.0946969696969697
114 0.012131813248255113 0.15619625344475668 5 0.09487666034155597
115 0.012223236345368794 0.1563376067816717 5 0.09505703422053231
116 0.01220838412125214 0.15624844016069575 5 0.09523809523809523
117 0.012181941113871936 0.15622363229488764 5 0.09541984732824427
118 0.01220801082050604 0.15631217597035224 5 0.09560229445506692
119 0.012180536205964996 0.15632120442177372 5 0.09578544061302681
120 0.012201188791443341 0.15641137079346695 5 0.09596928982725528
121 0.01221248997517982 0.15640061969224472 5 0.09615384615384616
122 0.012173420716127611 0.15644946070519672 5 0.09633911368015413
123 0.012221120088767055 0.15641548750705095 5 0.09652509652509651
124 0.0122059249315471 0.1563522569739264 5 0.09671179883945841
125 0.011441487440764394 0.15590272178696704 5 0.09689922480620154
126 0.011462389300331471 0.1535491705302765 5 0.0970873786407767
127 0.011624647049776452 0.15236418840590257 5 0.09727626459143968
128 0.011526706723258996 0.15272758753461968 5 0.09746588693957114
129 0.011414788451251366 0.15557499083019607 5 0.09765625
130 0.011569365263805084 0.15944559183195678 5 0.09765625
131 0.01206660638422793 0.16154205703016228 5 0.09784735812133072
132 0.012114611368569488 0.1646500331741026 5 0.09803921568627451
133 0.012206895430201089 0.16738404297354956 5 0.09803921568627451
134 0.012145040646631211 0.16953740181389026 5 0.09823182711198428
135 0.012144502338011051 0.17273175463728435 5 0.09803921568627451
136 0.012289282040190318 0.17404693459946585 5 0.09823182711198428
137 0.011464871576290173 0.17497580346490968 5 0.09803921568627451
138 0.011321912671573392 0.17475103259890395 5 0.09803921568627451
139 0.011153530461723547 0.17504254097755428 5 0.09784735812133072
140 0.011462936024521145 0.17552774817135613 5 0.09784735812133072
141 0.011999014573242931 0.17704907073292647 5 0.09765625
142 0.012028818505334308 0.17766078889397677 5 0.09765625
143 0.012048096744106545 0.1791602642321114 5 0.09746588693957114
144 0.012181972572028119 0.17961627227941182 5 0.09746588693957114
145 0.01126355248655111 0.17994598585630822 5 0.09727626459143968
146 0.01115752899718515 0.17949306687448763 5 0.09727626459143968
147 0.011231466439420749 0.1794447550090356 5 0.0970873786407767
148 0.011254823242814882 0.1786086526543818 5 0.0970873786407767
149 0.010508912191455964 0.17743130887252903 5 0.09689922480620154
150 0.010510992218093863 0.1774660335127233 5 0.09689922480620154
151 0.010674727308348451 0.17783646199393494 5 0.0970873786407767
152 0.010617503153697269 0.17881855536932884 5 0.09689922480620154
153 0.011564168610369721 0.17841107773584247 5 0.0970873786407767
154 0.011739750238177332 0.1773209547834834 5 0.0970873786407767
155 0.010121173805396197 0.17821643769160692 5 0.0970873786407767
156 0.010063755698214707 0.17769383991653126 5 0.0970873786407767
157 0.010357061403731571 0.17650016775980457 5 0.0970873786407767
158 0.01036030963961026 0.17599198666613441 5 0.09727626459143968
159 0.010205330632287915 0.17582496545473386 5 0.09727626459143968
160 0.01027085205934555 0.1758043104607823 5 0.09746588693957114
161 0.010317016651253428 0.17588523859011485 5 0.09765625
162 0.01036217574697579 0.17608480373248817 5 0.09784735812133072
163 0.01094506510601424 0.17758595481549358 5 0.09803921568627451
164 0.012226531965537819 0.18548523477659495 5 0.09823182711198428
165 0.014960762617244786 0.19665596959228385 5 0.09842519685039369
166 0.021760326075404547 0.21633653659843105 5 0.09861932938856015
167 0.03150386986985894 0.24341517796035497 5 0.09881422924901186
168 0.041121536213804946 0.2698288400707231 5 0.09900990099009901
169 0.05677599670956264 0.3110951940373258 5 0.0992063492063492
170 0.07058557095957502 0.3464621931902538 5 0.09940357852882703
171 0.0820948186726247 0.3756071949494567 5 0.099601593625498
172 0.09750844359887781 0.41378083567381596 5 0.0998003992015968
173 0.10545872815486543 0.434316534157983 5 0.1
174 0.11396867051494268 0.4546147878009491 5 0.1
175 0.12157762785705446 0.47210254656494 5 0.1002004008016032
176 0.12469113384920691 0.4808128995938919 5 0.1004016064257028
177 0.12650256472871813 0.4857503128526871 5 0.10060362173038229
178 0.12814270060284177 0.489422067111673 5 0.10060362173038229
179 0.12993730277740487 0.4942321128191118 5 0.10080645161290322
180 0.12726638125674297 0.4877084484970772 5 0.10101010101010101
181 0.12426792542451229 0.4783818508035392 5 0.10121457489878541
182 0.11736834227466975 0.46137731037350554 5 0.10141987829614603
183 0.10954906443815082 0.4417263889160066 5 0.1016260162601626
184 0.09679167201084683 0.4091320848523128 5 0.10183299389002036
185 0.08062846810039123 0.3683726803294472 5 0.10204081632653061
186 0.06395865446503865 0.3252150192982182 5 0.10224948875255623
187 0.05073795887332141 0.2906259841091905 5 0.10245901639344261
188 0.043108588743090495 0.2702696437502675 5 0.1026694045174538
189 0.03262978137408012 0.2420246181799776 5 0.102880658436214
190 0.029760392331149094 0.2337924446900043 5 0.10309278350515463
191 0.0288867591509673 0.23121162522390398 5 0.10330578512396693
192 0.02737090134406962 0.2274742465335986 5 0.10351966873706003
193 0.024768718433400738 0.22040059300420442 5 0.10373443983402489
194 0.022811192917708868 0.21543158074419724 5 0.10395010395010394
195 0.0199202651226329 0.20793667875216565 5 0.10416666666666667
196 0.017915802537344358 0.20304636835038853 5 0.10438413361169101
197 0.015526691609882112 0.19682955400401564 5 0.10460251046025104
198 0.013501764333831873 0.19125406416500282 5 0.10460251046025104
199 0.011318428342891262 0.18483571747408215 5 0.10482180293501048
200 0.00870342736900592 0.18127162569454083 5 0.10482180293501048
201 0.008030712703620154 0.1784163603389608 5 0.10504201680672269
202 0.006740650839479325 0.1745628810499641 5 0.10504201680672269
203 0.007148222436926623 0.17090296062737503 5 0.10504201680672269
204 0.007506598231245559 0.1677061031701345 5 0.10460251046025104
205 0.0077796739320382235 0.1629765360324325 5 0.10438413361169101
206 0.0063822430152945826 0.16244556564699658 5 0.09940357852882703
207 0.006451847251160209 0.16092124589258325 5 0.09900990099009901
208 0.006763012365148096 0.1607439301207015 5 0.09900990099009901
209 0.007059244562239999 0.16115491790247138 5 0.09900990099009901
210 0.007438930617094215 0.16316142119629476 5 0.09881422924901186
211 0.007135780509750158 0.1655704241777042 5 0.09900990099009901
212 0.006907666462340733 0.16851036292998475 5 0.09881422924901186
213 0.00688045628929404 0.1715062274347252 5 0.09881422924901186
214 0.006961688735823894 0.17258550499801184 5 0.09881422924901186
215 0.006948861763243661 0.17425881751565414 5 0.09881422924901186
216 0.0070125725753299815 0.1756669035511993 5 0.09881422924901186
217 0.007147571498295417 0.1771914862927348 5 0.09881422924901186
218 0.0070386071333994275 0.17672098064106861 5 0.09881422924901186
219 0.006850682525760095 0.17680026372533375 5 0.09900990099009901
220 0.00690330474805637 0.17559667480655092 5 0.09900990099009901
221 0.006624116758094452 0.17353300708621455 5 0.09900990099009901
222 0.0069215665469302325 0.17093409248544728 5 0.09900990099009901
223 0.006771659605474797 0.1687676362633156 5 0.0992063492063492
224 0.007631666704028152 0.16589829724743893 5 0.0992063492063492
225 0.007659816720464674 0.16535885922832338 5 0.09940357852882703
226 0.008154692559851833 0.16267565554234822 5 0.09940357852882703
227 0.008107719566071796 0.1619450411969912 5 0.099601593625498
228 0.007978920215650484 0.16074271811942148 5 0.0998003992015968
229 0.008100326816381615 0.15783968438616075 5 0.0998003992015968
230 0.00944978161851092 0.16509044858594693 5 0.1
231 0.009675056610002657 0.1650686002633296 5 0.1002004008016032
232 0.009784984512693575 0.1661710063514244 5 0.1004016064257028
233 0.009186664169051067 0.1644967299041784 5 0.10060362173038229
234 0.00991191614166202 0.16168577402728718 5 0.10060362173038229
235 0.009780168691123503 0.16114309193242263 5 0.10080645161290322
236 0.009645193046519288 0.16018740371641277 5 0.10101010101010101
237 0.009416577711554488 0.15883478715986088 5 0.10121457489878541
238 0.009014658420039786 0.15668460996946085 5 0.10141987829614603
239 0.008682490863396895 0.1545491271622526 5 0.1016260162601626
240 0.008533815579944825 0.15368913650033333 5 0.10183299389002036
241 0.008537537626558693 0.15361140205081272 5 0.10204081632653061
242 0.008533620949775715 0.15366001789182146 5 0.10224948875255623
243 0.008520259978765665 0.15358728853246983 5 0.10245901639344261
244 0.008555182039864186 0.15368474448976294 5 0.1026694045174538
245 0.008557028469956748 0.1536734041453425 5 0.102880658436214
246 0.008546489459405372 0.1536601180170308 5 0.10309278350515463
247 0.008538558574420822 0.15364262574234752 5 0.10330578512396693
248 0.008517941521791628 0.15364755980478176 5 0.10351966873706003
249 0.008535640516662649 0.15359869791260633 5 0.10373443983402489
250 0.008525902975480903 0.15359405521461572 5 0.10395010395010394
251 0.008534526000918604 0.1536277553366921 5 0.10416666666666667
252 0.008543447194836556 0.1536780628207493 5 0.10438413361169101
253 0.008548363406626189 0.15372465092604834 5 0.10460251046025104
254 0.008541846402367452 0.15370548190710892 5 0.10482180293501048
255 0.008546750844645656 0.15371576554301258 5 0.10504201680672269
256 0.00856605729295604 0.1538374110443531 5 0.10526315789473684
257 0.008562833748605768 0.15379962206115344 5 0.10548523206751054
258 0.009058410416879206 0.15411261414093597 5 0.10570824524312895
259 0.009370484414217882 0.1528169071245101 5 0.1059322033898305
260 0.008098777692184925 0.1475592827083393 5 0.10615711252653927
261 0.00778947196393077 0.14342511873297384 5 0.10638297872340426
262 0.008062802932007933 0.1399683843938373 5 0.1066098081023454
263 0.008156761966100051 0.1387201092392708 5 0.10683760683760683
264 0.007944243718611896 0.13907655646473346 5 0.1070663811563169
265 0.008049736417957691 0.141936836361423 5 0.1072961373390558
266 0.00897412563984348 0.14667148002306302 5 0.10752688172043011
267 0.00966068478165699 0.1487749190732941 5 0.10752688172043011
268 0.010301291464988977 0.15347445743934446 5 0.10775862068965517
269 0.011246810487494565 0.15742285437865314 5 0.10799136069114469
270 0.012630301499110833 0.15837299447605563 5 0.10799136069114469
271 0.012492211881021389 0.15672927080797278 5 0.10822510822510822
272 0.012018861069962071 0.1523411187059493 5 0.10822510822510822
273 0.011219651099790558 0.14772134341151752 5 0.10822510822510822
274 0.010560901579800056 0.14323675291845478 5 0.10822510822510822
275 0.010109261040498333 0.1412450830285484 5 0.10845986984815618
276 0.009497482092238548 0.13602158636351575 5 0.10845986984815618
277 0.008342240412253255 0.13190396247672032 5 0.10845986984815618
278 0.007631462030996457 0.12877556162985337 5 0.10845986984815618
279 0.0077146443075719745 0.125288190325182 5 0.10822510822510822
280 0.008360373804923747 0.1226457836576961 5 0.10799136069114469
281 0.00917718677250166 0.12070757671273821 5 0.10752688172043011
282 0.009091990244442242 0.11847014818429716 5 0.10638297872340426
283 0.008864532438579587 0.11670480796158475 5 0.10570824524312895
284 0.009023652857167153 0.11503526957422064 5 0.10460251046025104
285 0.008956194511724466 0.11319363293265121 5 0.10373443983402489
286 0.010946524704059919 0.11110132838184776 5 0.1026694045174538
287 0.009712141652348683 0.10707549504447492 5 0.10101010101010101
288 0.01260283485973145 0.10443989647011684 5 0.09276437847866419
289 0.012373027215769066 0.10425941367401063 5 0.09225092250922509
290 0.013024592707389801 0.1046950688014057 5 0.09191176470588235
291 0.015213784527038083 0.1063274616610651 5 0.09140767824497258
292 0.012758051459238034 0.10743276240524291 5 0.09057971014492754
293 0.013531890540488123 0.10874790988841002 5 0.08650519031141868
294 0.01553210413159182 0.10883660990559116 5 0.08620689655172414
295 0.015186101567222504 0.10883095519276882 5 0.08605851979345955
296 0.016815557296712767 0.10869964811627264 5 0.0859106529209622
297 0.016538901419300152 0.10796760196139507 5 0.08576329331046312
298 0.016680774417812363 0.10709150414993347 5 0.08561643835616438
299 0.017343909826751 0.10636473560477495 5 0.08547008547008547
300 0.017024733346385445 0.10596946415959743 5 0.08532423208191126
301 0.01736550754845647 0.10577121042594632 5 0.08532423208191126
302 0.017467568303023484 0.10551528432784667 5 0.08532423208191126
303 0.017205298664218136 0.10541426243035343 5 0.08517887563884156
304 0.016259777663460255 0.10537742181165968 5 0.08517887563884156
305 0.015274279675306795 0.10581181745548804 5 0.08517887563884156
306 0.014344791053075437 0.10610145166012189 5 0.08517887563884156
307 0.014200168716245697 0.1071544972286311 5 0.08503401360544217
308 0.015095793565138516 0.1078865987943927 5 0.08503401360544217
309 0.01543739003101855 0.108450786949011 5 0.08503401360544217
310 0.015322436085995522 0.10842798695339624 5 0.08503401360544217
311 0.01522339987961105 0.10851759976117151 5 0.08503401360544217
312 0.014768249400859235 0.10879249661537019 5 0.08503401360544217
313 0.014468281675335903 0.10967168557451998 5 0.08503401360544217
314 0.014568789406479507 0.11044667196401607 5 0.08503401360544217
315 0.014756237685937656 0.11158254421854057 5 0.08503401360544217
316 0.0141649632822582 0.11218053880623904 5 0.08503401360544217
317 0.013524414647676944 0.11327106140331751 5 0.08503401360544217
318 0.013132848881539677 0.11525848273957265 5 0.08488964346349745
319 0.013273209902474187 0.11501890710042306 5 0.08503401360544217
320 0.013828588981092313 0.11651265736016243 5 0.08503401360544217
321 0.013694300246391133 0.1182449223541413 5 0.08503401360544217
322 0.013166933896229558 0.1212747062813754 5 0.08488964346349745
323 0.013025219117282069 0.12053858207129242 5 0.08503401360544217
324 0.013294597862935242 0.12383318372886361 5 0.08488964346349745
325 0.013104659038134736 0.12579815707357725 5 0.08488964346349745
326 0.013398874949629602 0.12555985500662598 5 0.08503401360544217
327 0.013671910814426733 0.1283228580402962 5 0.08488964346349745
328 0.013415863345431517 0.1306994448383347 5 0.08488964346349745
329 0.013042271552886476 0.13285132543515699 5 0.08488964346349745
330 0.01300046355318181 0.134237979208584 5 0.08488964346349745
331 0.013141337332940383 0.13573437793903165 5 0.08488964346349745
332 0.012909588080482082 0.1381700582466915 5 0.08488964346349745
333 0.01276423993224933 0.14101473927227592 5 0.08488964346349745
334 0.012408349789652393 0.14250488029986125 5 0.08488964346349745
335 0.012206120140454964 0.1440638872108861 5 0.08488964346349745
336 0.01266303092510562 0.14698354888632484 5 0.08488964346349745
337 0.013316900859569608 0.1498901566952124 5 0.08488964346349745
338 0.013227468207071944 0.15151019239801639 5 0.08488964346349745
339 0.012710570289331738 0.15335661194398892 5 0.08488964346349745
340 0.012163648128425637 0.156126444055185 5 0.08488964346349745
341 0.0120471606252149 0.15828095554842037 5 0.08488964346349745
342 0.012314463681131217 0.16062457368297506 5 0.08488964346349745
343 0.012298580098813643 0.16550886984773633 5 0.0847457627118644
344 0.012395590921357832 0.16513969909185844 5 0.08488964346349745
345 0.01184898179655563 0.16729432156706506 5 0.08488964346349745
346 0.011215836679871983 0.16983402826150318 5 0.08488964346349745
347 0.010917662937340302 0.17349725036432365 5 0.08488964346349745
348 0.01048387732088171 0.17585020227906223 5 0.08488964346349745
349 0.01050224089791948 0.17905776259095563 5 0.08488964346349745
350 0.01051395437365737 0.18261397454018524 5 0.08488964346349745
351 0.010737590345042698 0.18708971557196674 5 0.08488964346349745
352 0.010770068556857639 0.1908378207930815 5 0.08488964346349745
353 0.01163277494496864 0.19573382562680222 5 0.08488964346349745
354 0.012405285620268951 0.2008944357202719 5 0.08488964346349745
355 0.013098529168067039 0.20628688168384315 5 0.08488964346349745
356 0.013619718114591523 0.2109118072640052 5 0.08488964346349745
357 0.013795718666087226 0.2164021475753181 5 0.08488964346349745
358 0.01399205205056028 0.21790794488572365 5 0.08503401360544217
359 0.013628801252424116 0.22223652200062866 5 0.08503401360544217
360 0.013374710804884065 0.22971173354208027 5 0.08503401360544217
361 0.013028922150379502 0.23070610221080073 5 0.08517887563884156
362 0.01271000262205394 0.23810598676041467 5 0.08517887563884156
363 0.01228815187561343 0.2390803967670851 5 0.08532423208191126
364 0.012222665360813172 0.23947473713551481 5 0.08547008547008547
365 0.012366021532457756 0.23983902777287963 5 0.08561643835616438
366 0.012658553538113302 0.2501464273948102 5 0.08561643835616438
367 0.012729321158738562 0.25066438778192024 5 0.08576329331046312
368 0.012962473100228819 0.2510432060285144 5 0.0859106529209622
369 0.013198525987194076 0.2515086054618581 5 0.08605851979345955
370 0.013162525760782797 0.2520564872386225 5 0.08620689655172414
371 0.013138035737450102 0.25262328705498976 5 0.08635578583765112
372 0.013096911565468666 0.25313958963378097 5 0.08650519031141868
373 0.0134422592152471 0.2537391630998196 5 0.08665511265164644
374 0.014038861949579772 0.26028404734828137 5 0.08665511265164644
375 0.013866660323151588 0.2603318745363986 5 0.08680555555555555
376 0.012716630587464015 0.2605236967598933 5 0.08695652173913043
377 0.013120090904357885 0.2606260009204075 5 0.08710801393728222
378 0.013403526996401405 0.26077556147889014 5 0.08726003490401396
379 0.013108878717861159 0.26063193260947093 5 0.08741258741258741
380 0.01307068091630378 0.2604469156387478 5 0.08756567425569177
381 0.013049775972422536 0.26035132017712337 5 0.08771929824561403
382 0.012940879535350055 0.26019082871229515 5 0.08787346221441124
383 0.013285229628108394 0.2599367295104229 5 0.0880281690140845
384 0.012118212330991873 0.2592161259730509 5 0.0880281690140845
385 0.012316977601554745 0.25943734001672514 5 0.08818342151675485
386 0.013540029283165902 0.2590805480013477 5 0.08818342151675485
387 0.013576156536769104 0.25908876023931626 5 0.08833922261484099
388 0.013358788186304978 0.25899547012753477 5 0.08833922261484099
389 0.012980602917654424 0.25912756401406456 5 0.08849557522123894
390 0.01322012231537592 0.26203740582566953 5 0.08849557522123894
391 0.01341936405991763 0.26192081970927017 5 0.08865248226950354
392 0.013309621029692454 0.2617807259238002 5 0.08880994671403196
393 0.013251544174845361 0.26184097761113345 5 0.0889679715302491
394 0.013203827563103518 0.2618318608070741 5 0.08912655971479501
395 0.013539638848417555 0.26183575324585845 5 0.08928571428571429
396 0.013744751952273806 0.26504351427738787 5 0.08928571428571429
397 0.013584317422934918 0.26498598016469793 5 0.08944543828264757
398 0.013494533555291805 0.26488141445200514 5 0.08960573476702509
399 0.01342502003044609 0.26482272880988444 5 0.08976660682226212
400 0.01378351273440682 0.2648331139475674 5 0.08992805755395683
401 0.013904977410057851 0.2649593097266585 5 0.09009009009009009
402 0.013903391433686033 0.2692849626697918 5 0.09009009009009009
403 0.014184201544908936 0.26931206225826027 5 0.09025270758122743
404 0.014245284568996996 0.2694215982344619 5 0.09041591320072331
405 0.014159636186887292 0.2693317567845082 5 0.09057971014492754
406 0.014005126734329748 0.26928626320031923 5 0.09074410163339383
407 0.013954062545219414 0.2692333486201044 5 0.09090909090909091
408 0.014042968312978198 0.26929883674196864 5 0.09107468123861566
409 0.014093861900938264 0.2693285758932374 5 0.09124087591240876
410 0.014195928866848262 0.2693821006216825 5 0.09140767824497258
411 0.014357815836825794 0.27320255627793966 5 0.09140767824497258
412 0.014473050670628262 0.27327859148169753 5 0.09157509157509157
413 0.014345437375833787 0.27322902306143904 5 0.09174311926605505
414 0.01451087344619013 0.2733245709375431 5 0.09191176470588235
415 0.014530912425588627 0.27336234979141494 5 0.09208103130755063
416 0.014681188606763781 0.2735362314264611 5 0.09225092250922509
417 0.014740872294645574 0.27352400277812383 5 0.09242144177449169
418 0.014463198561644974 0.2735465125776547 5 0.09259259259259259
419 0.01506093876766015 0.2780186783488815 5 0.09259259259259259
420 0.015431501479388534 0.27861253597107377 5 0.09276437847866419
421 0.01577121384363861 0.27916404189302996 5 0.09293680297397769
422 0.015413343024128126 0.2794618131605454 5 0.0931098696461825
423 0.015235656202212941 0.280101256963594 5 0.09328358208955223
424 0.015118865476249965 0.2804372387817085 5 0.09345794392523364
425 0.014993909874540742 0.2805637647965337 5 0.09363295880149812
426 0.014886154480669603 0.2807721618650251 5 0.09380863039399624
427 0.014796437511885252 0.2807920477752077 5 0.09398496240601503
428 0.01481123316083394 0.28086373923548114 5 0.09416195856873823
429 0.014840301595136097 0.28086226236863526 5 0.09433962264150944
430 0.014898329947060451 0.28080468338013315 5 0.09451795841209829
431 0.014907247056470877 0.2807802211291805 5 0.0946969696969697
432 0.014780761932288698 0.28084317258933217 5 0.09487666034155597
433 0.014830801789844906 0.2807648535095322 5 0.09505703422053231
434 0.014907063271290575 0.2808019740779658 5 0.09523809523809523
435 0.01485694148555356 0.2808708921478254 5 0.09541984732824427
436 0.014863433036152198 0.2808688932816632 5 0.09560229445506692
437 0.014913674225964086 0.2808272413396441 5 0.09578544061302681
438 0.014862236426441472 0.28091163178709533 5 0.09596928982725528
439 0.014920905090224775 0.2808843384755804 5 0.09615384615384616
440 0.014911155632865814 0.2809325868302414 5 0.09633911368015413
441 0.014791386710535065 0.28116642443885903 5 0.09652509652509651
442 0.015383713593340956 0.28168012679362175 5 0.09671179883945841
443 0.016214820708071023 0.28247750845971104 5 0.09689922480620154
444 0.01637905191142228 0.28307803611315463 5 0.0970873786407767
445 0.01604485629634442 0.2839300324657799 5 0.09727626459143968
446 0.015600859790573782 0.2846012904935816 5 0.09746588693957114
447 0.015200516492431404 0.2855255172398707 5 0.09765625
448 0.014505311742483942 0.28617106293794636 5 0.09784735812133072
449 0.014146437492024305 0.28663916406016293 5 0.09803921568627451
450 0.013452083040609636 0.28718677771688733 5 0.09823182711198428
451 0.013336874612331106 0.29044842073314087 5 0.09823182711198428
452 0.013705871778502696 0.2908456444233755 5 0.09842519685039369
453 0.013412035754117386 0.2912629915467978 5 0.09861932938856015
454 0.013604238259136314 0.29135184292877503 5 0.09881422924901186
455 0.013566929816070748 0.2951874214579631 5 0.09881422924901186
456 0.013557384477718995 0.29524498083814044 5 0.09900990099009901
457 0.01394591523007604 0.2952690365271958 5 0.0992063492063492
458 0.014716957224208954 0.2950789521396501 5 0.09940357852882703
459 0.014682598065369932 0.2977426578146416 5 0.09940357852882703
460 0.014067007458723154 0.297504707222437 5 0.099601593625498
461 0.013858640276165369 0.29705289456565 5 0.0998003992015968
462 0.014144825215399356 0.2968393354971827 5 0.1
463 0.01456131329773622 0.2992992550116309 5 0.1
464 0.014152115751604796 0.29881815248029286 5 0.1002004008016032
465 0.013536172406439426 0.2983746133119058 5 0.1004016064257028
466 0.013675674607934368 0.2980492434563501 5 0.10060362173038229
467 0.013950476758058846 0.29998137607295744 5 0.10060362173038229
468 0.013656777703428002 0.2998945860618546 5 0.10080645161290322
469 0.014277861806582182 0.29983536713384573 5 0.10101010101010101
470 0.01585750327803006 0.29937005886140905 5 0.10121457489878541
471 0.014423781095562596 0.2985260239412169 5 0.10141987829614603
472 0.013531967420842273 0.3001330878734827 5 0.10141987829614603
473 0.013081240794158339 0.2994104275268568 5 0.1016260162601626
474 0.013809512128196682 0.29904359904537353 5 0.10183299389002036
475 0.014263983441461198 0.29896882002728153 5 0.10204081632653061
476 0.014295315554336491 0.29886406034303314 5 0.10224948875255623
477 0.014002548842055642 0.29864120098279423 5 0.10245901639344261
478 0.01416646989890952 0.2987563842524212 5 0.1026694045174538
479 0.014472441294141764 0.29901068327708746 5 0.102880658436214
480 0.01442005346671826 0.2991833357049326 5 0.10309278350515463
481 0.01424351012370451 0.29915348217337745 5 0.10330578512396693
482 0.014252807281858706 0.2991460465962365 5 0.10351966873706003
483 0.015106995257941593 0.2993618045747903 5 0.10373443983402489
484 0.01621469948021618 0.2999391325482671 5 0.10395010395010394
485 0.02080652130798477 0.30154112641250647 5 0.10416666666666667
486 0.029691845454968425 0.3046361469748204 5 0.10438413361169101
487 0.038528222148662805 0.3082987375617509 5 0.10460251046025104
488 0.04875218864553808 0.3126317358285557 5 0.10482180293501048
489 0.06517737997390341 0.3218288241757136 5 0.10504201680672269
490 0.08385611130887329 0.33453761956536127 5 0.10526315789473684
491 0.09789695614358904 0.34483600810323795 5 0.10548523206751054
492 0.10514179409679694 0.3505415356920117 5 0.10570824524312895
493 0.1164540167694645 0.3595766847940124 5 0.1059322033898305
494 0.12484924062914331 0.3673654460646499 5 0.10615711252653927
495 0.12698064614557714 0.3698529384011309 5 0.10638297872340426
496 0.12760030453478838 0.37087857743375896 5 0.1066098081023454
497 0.12979868519331325 0.37285599157502475 5 0.10683760683760683
498 0.13069410472335616 0.37440863587200257 5 0.1070663811563169
499 0.12751213083775095 0.3719483681695242 5 0.1072961373390558
500 0.12518444121025585 0.3695620447194151 5 0.10752688172043011
501 0.11815914036408401 0.36437745356017814 5 0.10775862068965517
502 0.1104302019530055 0.35784906124135174 5 0.10799136069114469
503 0.09505588254063399 0.34439452967325956 5 0.10822510822510822
504 0.08283152076248812 0.335481138671126 5 0.10845986984815618
505 0.06806031762557233 0.325379663713721 5 0.10869565217391304
506 0.05391214907261858 0.31695346587440226 5 0.10893246187363834
507 0.0414792662148736 0.31094686817506084 5 0.10917030567685589
508 0.03596083296596108 0.30886835170806437 5 0.10940919037199125
509 0.03289140164443775 0.30788359984487645 5 0.10964912280701754
510 0.028222913093717522 0.3063442797017958 5 0.10989010989010989
511 0.024144427574289494 0.30483808072822477 5 0.11013215859030835
512 0.021814914230163324 0.3041791528000677 5 0.11037527593818984
513 0.019224114639715937 0.30369605846496317 5 0.11061946902654866
514 0.01660984351135145 0.30299786707565846 5 0.11086474501108647
515 0.014578281559679687 0.3018407427408149 5 0.1111111111111111
516 0.011851273543460796 0.3012986330287645 5 0.11135857461024498
517 0.009944244835855296 0.302514688857425 5 0.11135857461024498
518 0.008614071029817524 0.3023155742399419 5 0.11160714285714285
519 0.008299227011465238 0.30155517901660706 5 0.11185682326621924
520 0.00805688339737955 0.3015104837013291 5 0.11210762331838564
521 0.00800600969257679 0.30123870844947354 5 0.11235955056179775
522 0.00778056213698345 0.303555745940847 5 0.11235955056179775
523 0.007831448113467403 0.30331719369153304 5 0.1126126126126126
524 0.007598329837337806 0.3051833560623688 5 0.1126126126126126
525 0.007654276890547122 0.30546090646728996 5 0.1128668171557562
526 0.00804978917527009 0.30796219340424147 5 0.1128668171557562
527 0.008198141455267297 0.30928608133706426 5 0.1128668171557562
528 0.008305348139883326 0.3112208430411377 5 0.1128668171557562
529 0.009162927978419498 0.3120293523522549 5 0.11312217194570134
530 0.011508563636179164 0.3138255540823107 5 0.11312217194570134
531 0.011190215954688363 0.31558667122023043 5 0.11312217194570134
532 0.00985175867802701 0.31715451932834193 5 0.11312217194570134
533 0.009439434701641752 0.31899362431428746 5 0.11312217194570134
534 0.01014072167627972 0.3213110415288819 5 0.1128668171557562
535 0.009638824288279496 0.3216077310555262 5 0.11312217194570134
536 0.009335599327912806 0.3222751864167135 5 0.11312217194570134
537 0.009056582292682937 0.3225300494746864 5 0.11337868480725623
538 0.008723150695404847 0.3234723783701331 5 0.11337868480725623
539 0.008731089842872458 0.3235193267211632 5 0.11363636363636363
540 0.008726542855604695 0.3234518310142719 5 0.11389521640091115
541 0.008738731209319782 0.3234730169761786 5 0.1141552511415525
542 0.008790775020493573 0.3233714264658451 5 0.11441647597254004
543 0.008793200846360007 0.32342561681169124 5 0.1146788990825688
544 0.008906603354399911 0.32336696635429035 5 0.11494252873563218
545 0.008879695639381378 0.3233836538421696 5 0.11520737327188939
546 0.008827251984145678 0.323387965398531 5 0.11547344110854503
547 0.008870748028690954 0.32345415208726247 5 0.11574074074074073
548 0.008840900424619557 0.32347413487495597 5 0.11600928074245939
549 0.008906025684852426 0.32350768896212795 5 0.11627906976744186
550 0.008946156293736207 0.3234217129505362 5 0.11655011655011653
551 0.009588432331479942 0.3234874045634492 5 0.11682242990654204
552 0.009195809371737296 0.32299357882869767 5 0.11709601873536299
553 0.008254956623956285 0.32288677661137377 5 0.11737089201877934
554 0.008944126926375164 0.32276274524418674 5 0.11764705882352941
555 0.009868933960289528 0.3229473626108966 5 0.11792452830188678
556 0.010074499676572876 0.32334055089804764 5 0.11820330969267138
557 0.009846813511566471 0.32324073238204865 5 0.11848341232227487
558 0.00967448571388357 0.3235899367887863 5 0.1187648456057007
559 0.009870623980256125 0.3242985764222023 5 0.1187648456057007
560 0.01059174618946365 0.32474371346001096 5 0.11904761904761904
561 0.011749335212212194 0.3259985165496088 5 0.11904761904761904
562 0.012669915535608691 0.32743269402732744 5 0.1187648456057007
563 0.013754305647826768 0.3284861717917955 5 0.11848341232227487
564 0.013948616428384122 0.3288736763788106 5 0.11848341232227487
565 0.013372165626028804 0.3300989065860789 5 0.11792452830188678
566 0.01236299440568678 0.3310264987511665 5 0.11737089201877934
567 0.011298224051974916 0.33215223835765856 5 0.11682242990654204
568 0.010979358525347005 0.33345009163644335 5 0.11600928074245939
569 0.010426124264781287 0.3341804778911537 5 0.11547344110854503
570 0.010520458634487579 0.3354213759403516 5 0.11494252873563218
571 0.010759551274475442 0.33733327371944394 5 0.11363636363636363
572 0.010836959190093568 0.3386807575710663 5 0.1128668171557562
573 0.01088512573275117 0.3400945300108018 5 0.11185682326621924
574 0.010799436323140288 0.3421825665855802 5 0.11086474501108647
575 0.009907066230798714 0.34483870281586826 5 0.10395010395010394
576 0.00948765048016557 0.3420419305322719 5 0.10330578512396693
577 0.011146916506473542 0.3385200492817166 5 0.1026694045174538
578 0.009002899544121562 0.33487930997733506 5 0.10204081632653061
579 0.009449320769355134 0.3310280023862756 5 0.10101010101010101
580 0.012444301476808155 0.32713224054781553 5 0.09881422924901186
581 0.007744282601778281 0.32731708405617976 5 0.09140767824497258
582 0.0066845637135977895 0.32669637525012535 5 0.09107468123861566
583 0.004017833060476839 0.32628006611141913 5 0.09074410163339383
584 0.00298966272171275 0.3263613978279112 5 0.09057971014492754
585 0.0029646679272072795 0.326766062861294 5 0.09041591320072331
586 0.002760460922040771 0.3268446635619255 5 0.09041591320072331
587 0.0026408248446924 0.3270897399972344 5 0.09025270758122743
588 0.002931553200160079 0.3271804442025634 5 0.09025270758122743
589 0.0029356315146519185 0.32754374750480936 5 0.09009009009009009
590 0.002848847943381129 0.3282961321419401 5 0.08992805755395683
591 0.002359613169466947 0.3281000489210305 5 0.08992805755395683
592 0.0021943080084892144 0.32904203196330223 5 0.08976660682226212
593 0.002128801206093317 0.328962677670887 5 0.08976660682226212
594 0.0022675279748025044 0.32961067781307557 5 0.08960573476702509
595 0.0016464160620101851 0.33040449618883183 5 0.08944543828264757
596 0.0015752631982751733 0.3309267469304097 5 0.08912655971479501
597 0.0016436708092213734 0.33147627251636125 5 0.08865248226950354
598 0.002333307404356246 0.3318863420248879 5 0.0880281690140845
599 0.003823403488833103 0.33195797523295634 5 0.08665511265164644
600 0.003568002445926157 0.3324970872605923 5 0.08576329331046312
