1783353398939032064.000000 0.002530999 0.002130154 0.030209625 -0.000920014 0.075006343 -0.004138869 0.997174025
1783353399055067904.000000 -0.005186936 -0.000676000 0.037897475 -0.001054017 0.097293824 -0.005375414 0.995240629
1783353399087021056.000000 -0.005398173 -0.001390915 0.039378762 -0.001572842 0.102336168 -0.005678969 0.994732440
1783353399119023104.000000 -0.004904908 -0.001397032 0.041124333 -0.002024295 0.106940292 -0.006099389 0.994244695
1783353399147067136.000000 0.003792479 0.002512884 0.037474286 0.000108803 0.106077731 -0.006406732 0.994337261
1783353399179027968.000000 -0.002739824 -0.000882304 0.040614482 -0.001793235 0.114013322 -0.006021449 0.993459344
1783353399203213056.000000 0.004250005 0.002698050 0.039460815 -0.000628710 0.113850586 -0.007008172 0.993472993
1783353399235063040.000000 0.004646221 0.002881406 0.041341599 -0.000000623 0.117769971 -0.007358158 0.993013680
1783353399263225088.000000 0.004678875 0.002754035 0.041462637 0.000312416 0.120586812 -0.007873437 0.992671549
1783353399295074048.000000 0.004965762 0.002839641 0.043118019 0.000854070 0.125108123 -0.008404124 0.992107153
1783353399327047936.000000 0.005232250 0.002853350 0.043618459 0.000446359 0.129693076 -0.008468700 0.991517901
1783353399363079936.000000 0.005415046 0.003000964 0.045263749 0.000983607 0.134112179 -0.009435015 0.990920842
1783353399387100928.000000 0.003931710 0.001536418 0.047393695 -0.000293015 0.138356790 -0.008946441 0.990342021
1783353399419072000.000000 0.004245983 0.001525726 0.048890296 -0.000886306 0.142445207 -0.009303462 0.989758611
1783353399443186944.000000 0.004622218 0.001720839 0.049387217 -0.000285950 0.145510465 -0.009238379 0.989313543
1783353399479092992.000000 0.005564237 0.002134500 0.051597483 0.000372370 0.149749175 -0.009588007 0.988677442
1783353399503376128.000000 0.005591944 0.001975615 0.051928759 -0.000421405 0.153094441 -0.010208309 0.988158762
1783353399535106048.000000 0.005748861 0.001983538 0.053247124 -0.000086699 0.157576695 -0.010917141 0.987446487
1783353399567059968.000000 0.006501611 0.002244318 0.054672707 -0.000011877 0.160997078 -0.010907416 0.986894608
1783353399595139072.000000 0.006982711 0.002348407 0.055770107 -0.000083902 0.163316354 -0.010930643 0.986513257
1783353399627137792.000000 0.008315195 0.003476642 0.053901840 0.000847673 0.165559888 -0.010761360 0.986140668
1783353399659095040.000000 0.008794785 0.003542362 0.055320822 0.000250183 0.168925524 -0.010843001 0.985569119
1783353399683193856.000000 0.009128079 0.003375230 0.058655012 -0.000212616 0.172117308 -0.011407954 0.985010386
1783353399719144960.000000 0.009666235 0.003565155 0.060240209 -0.001175001 0.175778046 -0.011692912 0.984359741
1783353399743300864.000000 0.009780291 0.003729542 0.057919543 -0.000764282 0.178215250 -0.011057908 0.983929098
1783353399775123968.000000 0.010302586 0.003763672 0.059189465 -0.000462945 0.182020903 -0.011217409 0.983230650
1783353399807101952.000000 0.010588642 0.003824604 0.060078461 -0.000613507 0.186420321 -0.011522964 0.982402325
1783353399835176960.000000 0.011125823 0.003954944 0.061186649 0.000106547 0.189521268 -0.011801355 0.981805742
1783353399867130112.000000 0.012006169 0.003798421 0.066148847 -0.000385343 0.194085822 -0.012468075 0.980905235
1783353399899111936.000000 0.012426330 0.004189330 0.064384803 0.000210821 0.198099211 -0.012249104 0.980105460
1783353399923310080.000000 0.012388108 0.003660271 0.068124533 -0.000708094 0.202354372 -0.012718401 0.979229510
1783353399959175168.000000 0.012988393 0.003795547 0.069523439 -0.001964837 0.206784457 -0.012879655 0.978299797
1783353399991147008.000000 0.013130852 0.004214711 0.065988936 -0.001100851 0.210779011 -0.012601811 0.977451861
1783353400015217920.000000 0.013571962 0.004282395 0.066980846 -0.000921818 0.214043841 -0.013123857 0.976735473
1783353400051171072.000000 0.013917121 0.004310026 0.067823499 -0.000424873 0.218396425 -0.013557275 0.975765884
1783353400075216896.000000 0.014387115 0.004396295 0.068885729 -0.000190291 0.221930191 -0.013784999 0.974965096
1783353400107165952.000000 0.015265013 0.004525869 0.070578232 -0.001338273 0.226595461 -0.013959797 0.973888040
1783353400139132928.000000 0.015480679 0.004527478 0.071009949 -0.001515372 0.232051611 -0.014311926 0.972597063
1783353400167193856.000000 0.015956149 0.004575157 0.071933739 -0.001508385 0.235906795 -0.014529599 0.971665919
1783353400199206144.000000 0.016553292 0.004612292 0.073118851 -0.002017660 0.239363387 -0.014963268 0.970812738
1783353400223211008.000000 0.017080355 0.004760292 0.074148431 -0.001872963 0.241426468 -0.014841604 0.970303833
1783353400255153920.000000 0.017231610 0.004712185 0.074274793 -0.000868109 0.244808301 -0.015226078 0.969451547
1783353400283224064.000000 0.017644472 0.004673393 0.075042531 -0.000438249 0.248201057 -0.015964687 0.968576908
1783353400315232000.000000 0.018274998 0.004844457 0.076292247 -0.001045952 0.253283232 -0.016096210 0.967257738
1783353400347196928.000000 0.018813176 0.004886833 0.077139154 -0.000484457 0.258682460 -0.016025282 0.965829372
1783353400371383808.000000 0.019283788 0.004950805 0.078014091 -0.000631125 0.263254464 -0.016671780 0.964582205
1783353400407227904.000000 0.020139486 0.004991339 0.079302207 -0.000391906 0.269166678 -0.016953964 0.962944329
1783353400431257856.000000 0.020515917 0.005022243 0.079878457 -0.000240741 0.273128539 -0.017094340 0.961825669
1783353400463207936.000000 0.020790163 0.005037966 0.080393404 -0.000719883 0.277471781 -0.017245959 0.960578740
1783353400495223040.000000 0.021498641 0.005103319 0.081565388 0.000159750 0.281038880 -0.017823797 0.959530890
1783353400523262976.000000 0.022423660 0.005225912 0.083165295 -0.000103736 0.284020245 -0.018121317 0.958647013
1783353400555223040.000000 0.022579020 0.005192377 0.083145194 0.000022806 0.287759125 -0.018152023 0.957530797
1783353400579404032.000000 0.023187730 0.005259607 0.084062800 0.000325675 0.290551960 -0.018781811 0.956674874
1783353400615247872.000000 0.024037829 0.005364183 0.085516319 -0.000188119 0.294546217 -0.018558513 0.955457091
1783353400639516160.000000 0.024321081 0.005310398 0.085868686 -0.000239491 0.297621965 -0.019002220 0.954494715
1783353400671240192.000000 0.024958350 0.005437208 0.086853497 0.000342896 0.301529348 -0.019435745 0.953258693
1783353400703210240.000000 0.025651662 0.005424232 0.087855920 0.000199593 0.305534840 -0.019577730 0.951979578
1783353400731273984.000000 0.026193818 0.005508966 0.088552415 0.000252372 0.308202028 -0.019987673 0.951110899
1783353400763284992.000000 0.026954398 0.005524475 0.089507900 0.001038680 0.311553776 -0.020217124 0.950012922
1783353400787432960.000000 0.027499318 0.005553584 0.090283602 0.000691419 0.314213395 -0.020317560 0.949134767
1783353400819241984.000000 0.028222075 0.005550629 0.091270357 0.000913912 0.318046212 -0.020583235 0.947851360
1783353400847613184.000000 0.028730415 0.005651716 0.091910347 0.000823780 0.321047813 -0.020821603 0.946833730
1783353400879451904.000000 0.029550053 0.005782311 0.092909433 0.000313382 0.324608326 -0.020559652 0.945625007
1783353400911268096.000000 0.030261861 0.005726954 0.093848623 0.000749375 0.328414470 -0.021371840 0.944291651
1783353400943244032.000000 0.030795537 0.005814383 0.094406821 0.000938554 0.332531422 -0.021307699 0.942850947
1783353400971329024.000000 0.031236943 0.005865542 0.094938815 0.000048838 0.335468739 -0.021335822 0.941809773
1783353401003313152.000000 0.032210998 0.005961926 0.096205465 0.000116225 0.339065552 -0.021297121 0.940521717
1783353401027479808.000000 0.032582186 0.005950226 0.096547231 0.000563347 0.341441661 -0.021506624 0.939656734
1783353401059271168.000000 0.033286661 0.005922342 0.097364485 0.000712468 0.344624698 -0.022248482 0.938476622
1783353401087568896.000000 0.034066036 0.006043501 0.098250225 0.000951804 0.347366393 -0.022345617 0.937462747
1783353401119344896.000000 0.034892444 0.006203469 0.099246971 0.000693800 0.351421446 -0.022185698 0.935954273
1783353401151307008.000000 0.035643049 0.006172449 0.099894494 0.000725078 0.354970008 -0.022157218 0.934614837
1783353401175473920.000000 0.036358800 0.006380873 0.101052217 0.000763472 0.357758731 -0.022969151 0.933531284
1783353401211350016.000000 0.037153173 0.006429906 0.101820610 0.000234957 0.360463858 -0.022517065 0.932501376
1783353401235374080.000000 0.037621293 0.006372095 0.102139324 0.000752493 0.362508714 -0.022542279 0.931707501
1783353401267322112.000000 0.038263839 0.006305641 0.102556624 0.000834329 0.365632772 -0.022702402 0.930481911
1783353401303335936.000000 0.039235834 0.006515298 0.104139276 0.000642638 0.368891686 -0.023300419 0.929180145
1783353401327371008.000000 0.039864454 0.006541131 0.104684368 0.000981836 0.371278524 -0.023339896 0.928227663
1783353401359329024.000000 0.040633008 0.006618271 0.105657212 0.000421588 0.374466628 -0.023450142 0.926943779
1783353401383346944.000000 0.041085962 0.006543012 0.105961569 0.000446709 0.376586348 -0.023237543 0.926089942
1783353401419351040.000000 0.042078350 0.006623862 0.107032754 0.000795666 0.379766077 -0.023390708 0.924786508
1783353401443389952.000000 0.042736437 0.006677679 0.107712843 0.000520129 0.382808447 -0.023456903 0.923529804
1783353401475346176.000000 0.043325838 0.006663776 0.108107097 0.000795603 0.386952519 -0.023533365 0.921799004
1783353401507322112.000000 0.044292845 0.006602151 0.108895227 0.000580032 0.390647709 -0.023390826 0.920242846
1783353401535424000.000000 0.045013055 0.006682270 0.109882176 0.000922726 0.393326700 -0.023469614 0.919098735
1783353401567389952.000000 0.045554191 0.006460916 0.109980434 0.000726998 0.396290958 -0.023510324 0.917823613
1783353401591383040.000000 0.046265204 0.006729454 0.110578641 0.001140612 0.398231804 -0.023779605 0.916975915
1783353401623342080.000000 0.047112137 0.006655699 0.111425951 0.001004458 0.400887996 -0.023828505 0.915816605
1783353401651415040.000000 0.047703780 0.006624278 0.111868717 0.001158324 0.403255969 -0.023918223 0.914773881
1783353401683408896.000000 0.048474837 0.006705129 0.112373427 0.001365063 0.406896710 -0.023908254 0.913160264
1783353401715384064.000000 0.049299546 0.006688157 0.113050967 0.001120056 0.410777897 -0.024237409 0.911412597
1783353401739397888.000000 0.050237577 0.006813323 0.114238814 0.000966969 0.413369209 -0.024217419 0.910240948
1783353401767463936.000000 0.050750211 0.006723924 0.114390366 0.000952417 0.415732384 -0.024009664 0.909169555
1783353401799416064.000000 0.051556010 0.006732910 0.114713624 0.000913718 0.418935746 -0.024194390 0.907693088
1783353401831404800.000000 0.052428283 0.006629761 0.115392819 0.001538944 0.421932191 -0.024724688 0.906288862
1783353401863371008.000000 0.053438403 0.006962894 0.117046028 0.002065489 0.425561219 -0.025737766 0.904561222
1783353401891458048.000000 0.054297879 0.007172350 0.118245974 0.002128440 0.428655654 -0.026263960 0.903083682
1783353401915602944.000000 0.054819234 0.007208647 0.118798271 0.002490306 0.431547761 -0.026354788 0.901701629
1783353401947437056.000000 0.055655174 0.007054428 0.118913889 0.002055565 0.435406446 -0.026090479 0.899853528
1783353401979398912.000000 0.056358881 0.007093296 0.119405799 0.001941749 0.439049810 -0.026543837 0.898068488
1783353402007479808.000000 0.056929860 0.007060585 0.119587749 0.002584391 0.441608578 -0.026995456 0.896797955
1783353402039447040.000000 0.057748534 0.007049385 0.120401472 0.001949953 0.445747137 -0.027128581 0.894745648
1783353402071425024.000000 0.058792707 0.007112195 0.121364191 0.002494111 0.449141234 -0.027699951 0.893027842
1783353402095619072.000000 0.059462927 0.007119761 0.121770576 0.002458264 0.451441973 -0.028076060 0.891855299
1783353402131495936.000000 0.060454294 0.007126828 0.122188061 0.002829052 0.454381973 -0.028167360 0.890357077
1783353402155464960.000000 0.061023057 0.007037057 0.122323647 0.002594706 0.456513464 -0.028383996 0.889259815
1783353402187441152.000000 0.061802596 0.007050798 0.122703135 0.002422042 0.459162146 -0.028109586 0.887904406
1783353402215473920.000000 0.062737428 0.007274947 0.124016300 0.002290932 0.461214691 -0.028496668 0.886827886
1783353402247510784.000000 0.063840687 0.007519093 0.125596389 0.002665053 0.463799119 -0.029488076 0.885445476
1783353402279457024.000000 0.064173341 0.007094592 0.124780469 0.002360409 0.465536207 -0.029149333 0.884545624
1783353402303569920.000000 0.065162435 0.007226384 0.125921980 0.002594036 0.467497557 -0.029420173 0.883500934
1783353402339473920.000000 0.066189855 0.007400876 0.126467690 0.002831989 0.469693691 -0.029142827 0.882343769
1783353402363676160.000000 0.066877872 0.007348547 0.126721546 0.002745250 0.471369326 -0.028886277 0.881458461
1783353402395486208.000000 0.067803010 0.007255035 0.126954615 0.002467932 0.473129421 -0.028185692 0.880538464
1783353402427448064.000000 0.068742745 0.007186062 0.127212837 0.002472214 0.474440515 -0.028113205 0.879835129
1783353402455514880.000000 0.069575593 0.007428386 0.128404543 0.002794510 0.475799412 -0.028451173 0.879089117
1783353402487528192.000000 0.070418097 0.007307143 0.128934279 0.002356410 0.477464497 -0.028460031 0.878186882
1783353402511692032.000000 0.071493730 0.007603173 0.130153984 0.002570815 0.479000986 -0.028939012 0.877333522
1783353402543467008.000000 0.072387628 0.007463539 0.130257592 0.002804185 0.480253816 -0.028756060 0.876653612
1783353402571536896.000000 0.072853424 0.007501716 0.130492777 0.002659063 0.482038498 -0.028390499 0.875685930
1783353402603548928.000000 0.073760279 0.007400499 0.131056041 0.002647518 0.485110193 -0.028460726 0.873985767
1783353402635514880.000000 0.074707069 0.007303551 0.131571278 0.002505169 0.488148302 -0.028672839 0.872286022
1783353402659707904.000000 0.075626433 0.007541062 0.132053226 0.002590281 0.490621865 -0.028434657 0.870904744
1783353402695565056.000000 0.076676264 0.007590065 0.132824481 0.002982534 0.493851840 -0.028770842 0.869064867
1783353402719821056.000000 0.077463962 0.007568973 0.133371338 0.002759659 0.495973021 -0.028937815 0.867851257
1783353402751533056.000000 0.078290634 0.007415994 0.133476734 0.002713060 0.498508126 -0.028569493 0.866409957
1783353402787534080.000000 0.079317585 0.007390384 0.133836925 0.002903978 0.500168204 -0.028751308 0.865446031
1783353402811587072.000000 0.080060758 0.007515293 0.134539723 0.003037383 0.502045393 -0.029145217 0.864344776
1783353402843534080.000000 0.081041671 0.007596726 0.135278732 0.002783339 0.504307330 -0.029499242 0.863015771
1783353402867738880.000000 0.081872955 0.007659748 0.135909036 0.002835266 0.506231904 -0.029847356 0.861876011
1783353402903547904.000000 0.082899019 0.007648847 0.136307344 0.002689966 0.508442283 -0.029817447 0.860575438
1783353402927613952.000000 0.083528928 0.007602293 0.136348680 0.002570478 0.510166883 -0.029553123 0.859563708
1783353402959568128.000000 0.084683895 0.007688781 0.137239456 0.003119496 0.512727678 -0.030615026 0.857999623
1783353402991525888.000000 0.085584246 0.007766072 0.137989759 0.003172953 0.515408754 -0.031139059 0.856372654
1783353403019581184.000000 0.086183429 0.007678808 0.138084233 0.003039785 0.517189324 -0.031246763 0.855295062
1783353403051613184.000000 0.087368645 0.007898126 0.138812989 0.003745769 0.519920111 -0.031498935 0.853625655
1783353403075761920.000000 0.088116020 0.007923517 0.139223859 0.003565932 0.521888614 -0.031788535 0.852413714
1783353403107553024.000000 0.088878028 0.007795779 0.139757395 0.003611201 0.524897993 -0.032764070 0.850526690
1783353403135625984.000000 0.089624368 0.007864849 0.140030995 0.003608047 0.527252913 -0.032910496 0.849063218
1783353403167642112.000000 0.090632260 0.007856563 0.140414596 0.003728665 0.530376673 -0.033073865 0.847108483
1783353403199588096.000000 0.091768876 0.007925302 0.141102344 0.003639037 0.533392429 -0.033550963 0.845194459
1783353403223817216.000000 0.092439950 0.007887239 0.141464099 0.003553945 0.535103977 -0.033806462 0.844102025
1783353403259612160.000000 0.093482032 0.007927805 0.141923815 0.003289801 0.537066102 -0.033806004 0.842856109
1783353403283814912.000000 0.094201297 0.007939829 0.142272830 0.002826277 0.538705230 -0.033746082 0.841813445
1783353403315607040.000000 0.095385551 0.007951282 0.142780274 0.003641911 0.540321767 -0.034031283 0.840762198
1783353403347577088.000000 0.096279956 0.007977219 0.143235445 0.003185123 0.542357028 -0.034216236 0.839445114
1783353403375643136.000000 0.096906498 0.007887775 0.143460602 0.003435259 0.543604493 -0.034420826 0.838628352
1783353403407653120.000000 0.098041236 0.007908605 0.143894702 0.003727166 0.544718504 -0.034575462 0.837897658
1783353403431776000.000000 0.098739281 0.007888427 0.144270509 0.003211561 0.545183480 -0.034499511 0.837600410
1783353403463595008.000000 0.099876046 0.008051923 0.144902021 0.003287392 0.546031475 -0.034897562 0.837031126
1783353403491681024.000000 0.100564480 0.007997083 0.145075977 0.003490164 0.546991408 -0.034785725 0.836407900
1783353403523684096.000000 0.101683155 0.008082480 0.145617008 0.003757120 0.548918843 -0.035031307 0.835132837
1783353403555633152.000000 0.102812916 0.008145651 0.146105140 0.003774172 0.551066935 -0.035388131 0.833701730
1783353403579809024.000000 0.103486955 0.008086685 0.146423653 0.003904514 0.552642643 -0.035464048 0.832654357
1783353403615691008.000000 0.104418159 0.008024282 0.146794945 0.003429675 0.555003524 -0.035500374 0.831083119
1783353403639847168.000000 0.105383605 0.008094858 0.147181496 0.003973784 0.556760848 -0.036048174 0.829880774
1783353403671656960.000000 0.106448770 0.008125279 0.147566766 0.003461845 0.558864713 -0.035727926 0.828481674
1783353403707665920.000000 0.107423544 0.008115485 0.147996187 0.003541200 0.560798287 -0.035733987 0.827173352
1783353403731717120.000000 0.108243734 0.008178473 0.148332179 0.003538153 0.562442362 -0.035615992 0.826061487
1783353403763665920.000000 0.109273091 0.008141795 0.148696691 0.003140996 0.564893723 -0.035420999 0.824397087
1783353403787681024.000000 0.110023230 0.008167443 0.148905173 0.003511852 0.566587687 -0.035697047 0.823220432
1783353403815933952.000000 0.110744484 0.008202570 0.149298906 0.003095600 0.568981528 -0.035552897 0.821575642
1783353403847732992.000000 0.111700810 0.008233093 0.149724722 0.002713762 0.572089732 -0.035265498 0.819428027
1783353403879687168.000000 0.112841800 0.008197701 0.150073066 0.002824191 0.574603140 -0.035173308 0.817671120
1783353403911650048.000000 0.113726556 0.008102898 0.150243223 0.002418842 0.576752245 -0.035173472 0.816158056
1783353403939698944.000000 0.114458084 0.008121822 0.150408864 0.002380184 0.578209519 -0.034627669 0.815149665
1783353403964036096.000000 0.115419015 0.008167333 0.150742114 0.002450560 0.579559505 -0.034703463 0.814187050
1783353403995700992.000000 0.116520032 0.008121123 0.150999531 0.001913850 0.581110656 -0.034234375 0.813102007
1783353404027664896.000000 0.117674328 0.008351972 0.151759952 0.001732815 0.583196104 -0.034427449 0.811599672
1783353404055730176.000000 0.118491173 0.008344523 0.151914611 0.001243104 0.584403098 -0.033926532 0.810753047
1783353404087749120.000000 0.119299561 0.008282417 0.152181685 0.001451702 0.585918963 -0.033919275 0.809658170
1783353404111897088.000000 0.120408341 0.008344242 0.152613103 0.000776075 0.587259352 -0.033564735 0.808702230
1783353404143689984.000000 0.121537194 0.008537738 0.153061002 0.000918411 0.588921249 -0.033659402 0.807488739
1783353404171762944.000000 0.122396111 0.008516665 0.153397083 0.000973625 0.589981973 -0.034036141 0.806698143
1783353404203778048.000000 0.123353317 0.008492481 0.153623313 -0.000245237 0.591524303 -0.033280168 0.805600107
1783353404235721216.000000 0.124501497 0.008639947 0.153987825 -0.000244803 0.593149900 -0.032955397 0.804417193
1783353404259922944.000000 0.125380456 0.008624246 0.154451877 -0.000129067 0.594355345 -0.033422355 0.803507745
1783353404295763968.000000 0.126381040 0.008540427 0.154635504 -0.000412546 0.595684171 -0.033281602 0.802528858
1783353404319803904.000000 0.127397209 0.008653406 0.154830039 -0.000453310 0.596992195 -0.033061873 0.801565349
1783353404351737856.000000 0.128432095 0.008680282 0.154944837 -0.001150221 0.598597229 -0.032632794 0.800384343
1783353404387762176.000000 0.129639894 0.008814732 0.155387789 -0.001185304 0.600116551 -0.032338001 0.799257815
1783353404411789824.000000 0.130436793 0.008843228 0.155595630 -0.001233169 0.601354659 -0.032575615 0.798316956
1783353404443762944.000000 0.131441861 0.008773049 0.155885696 -0.001083826 0.603294849 -0.032884113 0.796839297
1783353404467992064.000000 0.132348359 0.008753408 0.156313658 -0.001411532 0.604951680 -0.033011913 0.795576334
1783353404503767040.000000 0.133297056 0.008773425 0.156534642 -0.001534885 0.606534004 -0.032842476 0.794377446
1783353404527834880.000000 0.134181574 0.008838776 0.156887069 -0.001718808 0.607757270 -0.032643631 0.793449819
1783353404559785984.000000 0.135191888 0.008831250 0.157058805 -0.001892614 0.609206617 -0.032436114 0.792345583
1783353404591746048.000000 0.136407748 0.008873288 0.157317668 -0.001429219 0.610607862 -0.032676648 0.791257381
1783353404619788032.000000 0.137158811 0.008894275 0.157568753 -0.001760906 0.612299383 -0.032406721 0.789959669
1783353404651834112.000000 0.138120949 0.008726705 0.157732204 -0.001953428 0.614401758 -0.032408830 0.788325071
1783353404675915008.000000 0.138953343 0.008805165 0.157885432 -0.001538459 0.616059899 -0.032461151 0.787028730
1783353404707776000.000000 0.140030533 0.008888422 0.158233225 -0.001544543 0.618295252 -0.032684531 0.785264552
1783353404736041984.000000 0.140912056 0.008896362 0.158411771 -0.001536191 0.619445860 -0.032536920 0.784363389
1783353404767862016.000000 0.142207250 0.008992140 0.158806309 -0.001352057 0.620666981 -0.032664612 0.783392429
1783353404799813888.000000 0.143117040 0.008958495 0.158995345 -0.001588787 0.621400714 -0.032326695 0.782824159
1783353404831783168.000000 0.144293964 0.009020248 0.159390703 -0.001617948 0.622687459 -0.032118041 0.781809568
1783353404859841024.000000 0.145232961 0.009058663 0.159412086 -0.001982339 0.624154747 -0.031439457 0.780665457
1783353404891860992.000000 0.146548674 0.009136992 0.159833312 -0.001849775 0.626159430 -0.031719733 0.779047430
1783353404916018944.000000 0.146936357 0.009054577 0.159870893 -0.001549462 0.627279580 -0.031870838 0.778140187
1783353404947927040.000000 0.147998288 0.009059956 0.160126567 -0.001415438 0.628724992 -0.032093164 0.776963949
1783353404983860992.000000 0.148890689 0.009073013 0.160537452 -0.001080586 0.629752517 -0.032728519 0.776105344
1783353405007958016.000000 0.149531007 0.009114092 0.160875067 -0.001469723 0.630276620 -0.032656942 0.775682151
1783353405039834112.000000 0.150954932 0.009092242 0.160783291 -0.000939458 0.630697250 -0.032515395 0.775346994
1783353405075845120.000000 0.152021840 0.009163182 0.160951331 -0.000916252 0.631812751 -0.032634273 0.774433255
1783353405099904000.000000 0.152843744 0.009190684 0.161174625 -0.000779794 0.632721305 -0.032863576 0.773681581
1783353405131856896.000000 0.153884858 0.009222508 0.161327049 -0.000795193 0.634352386 -0.032631863 0.772354543
1783353405156066816.000000 0.154628128 0.009204060 0.161641687 -0.001416826 0.636265159 -0.032502089 0.770784259
1783353405191868928.000000 0.155624196 0.009084290 0.161885977 -0.001455532 0.638707817 -0.032677423 0.768753886
1783353405215930880.000000 0.156425297 0.009085471 0.162094221 -0.001089239 0.640053570 -0.033214811 0.767611265
1783353405247880960.000000 0.157594740 0.009298271 0.162298173 -0.000745863 0.641328931 -0.033504076 0.766533911
1783353405279838208.000000 0.158813521 0.009301464 0.162261650 -0.000391831 0.642180085 -0.033848941 0.765806019
1783353405307890944.000000 0.159257323 0.009258525 0.162450105 -0.000511350 0.642992198 -0.034031067 0.765116096
1783353405339924992.000000 0.160559982 0.009235969 0.162660807 -0.000558538 0.644023240 -0.034089610 0.764245868
1783353405363905024.000000 0.161387309 0.009316565 0.162758976 -0.000709322 0.644894183 -0.034152072 0.763508141
1783353405395857152.000000 0.162665546 0.009324965 0.163010046 -0.000848365 0.646671534 -0.034223039 0.762000084
1783353405423930880.000000 0.163438514 0.009326700 0.163069516 -0.000613219 0.648043871 -0.034509756 0.760820508
1783353405455962880.000000 0.164334670 0.009239216 0.163198233 -0.000188570 0.649402976 -0.034852121 0.759645402
1783353405495908096.000000 0.165662393 0.009248842 0.163444892 -0.000819135 0.651322961 -0.034582775 0.758011818
1783353405531940864.000000 0.166731387 0.009250591 0.163627207 -0.001063521 0.652744293 -0.034499891 0.756791711
1783353405556116992.000000 0.167679936 0.009303873 0.163783252 -0.000279344 0.653832436 -0.035259970 0.755817294
1783353405595926016.000000 0.169049039 0.009373396 0.163927376 -0.000192394 0.656304002 -0.036102127 0.753632367
1783353405627895040.000000 0.170266345 0.009414443 0.164169669 -0.000061903 0.658596456 -0.035997510 0.751634836
1783353405655955968.000000 0.170958549 0.009439254 0.164255887 -0.000224930 0.660055161 -0.035884771 0.750359595
1783353405687977984.000000 0.171968758 0.009418858 0.164314330 -0.000348563 0.662154317 -0.035836559 0.748510122
1783353405719933952.000000 0.173234940 0.009430794 0.164483517 0.000110263 0.664040923 -0.036130894 0.746822834
1783353405744128000.000000 0.174197078 0.009504502 0.164573237 -0.000227339 0.664876521 -0.035595257 0.746104717
1783353405779956224.000000 0.175025254 0.009516181 0.164704055 0.000089333 0.665851533 -0.036196724 0.745205700
1783353405804276992.000000 0.175824270 0.009505969 0.164809480 0.000441565 0.667153656 -0.036457524 0.744027376
1783353405835947008.000000 0.176616430 0.009429360 0.164941952 0.000395421 0.669195235 -0.036573499 0.742186010
1783353405867953920.000000 0.177989781 0.009520321 0.165063307 0.000473555 0.670927525 -0.036551744 0.740621448
1783353405895986944.000000 0.178732350 0.009544309 0.165183336 -0.000103320 0.672323704 -0.036171921 0.739373028
1783353405927970048.000000 0.179766774 0.009485097 0.165235713 -0.001042448 0.674610615 -0.034783360 0.737353206
1783353405959947008.000000 0.180877775 0.009538119 0.165229887 -0.000856399 0.676459432 -0.034939647 0.735650241
1783353405988011008.000000 0.181762889 0.009517283 0.165358365 -0.000845447 0.677649140 -0.034715533 0.734565079
1783353406020014080.000000 0.182844400 0.009519051 0.165453583 -0.000597521 0.678887963 -0.034780897 0.733417392
1783353406044073216.000000 0.183642983 0.009535844 0.165531158 0.000139294 0.679339051 -0.035697542 0.732955754
1783353406075956992.000000 0.184801012 0.009556124 0.165543705 0.000297756 0.679669440 -0.036074240 0.732630908
1783353406104186112.000000 0.185447678 0.009479837 0.165663153 0.000181003 0.680416882 -0.035714213 0.731954515
1783353406136046848.000000 0.186644658 0.009511815 0.165749982 0.000294368 0.681501806 -0.035893038 0.730935752
1783353406167987200.000000 0.187663585 0.009531885 0.165815115 0.000267547 0.682620466 -0.036257312 0.729873061
1783353406199964160.000000 0.188840106 0.009625548 0.165953502 0.000084151 0.683381438 -0.036396708 0.729153693
1783353406228064000.000000 0.189626262 0.009594587 0.166082174 -0.000402829 0.683917224 -0.036160395 0.728662789
1783353406260046848.000000 0.190752104 0.009647561 0.166094169 -0.000391815 0.685258746 -0.036009844 0.727408886
1783353406284035072.000000 0.191548243 0.009647264 0.166145593 -0.000429098 0.686675549 -0.036437914 0.726050258
1783353406315985920.000000 0.192658469 0.009651330 0.166296408 -0.000242395 0.688498139 -0.037084874 0.724289417
1783353406344046080.000000 0.193476945 0.009604913 0.166268215 -0.000038411 0.689452469 -0.037383080 0.723365664
1783353406376073984.000000 0.194412127 0.009669934 0.166340545 -0.000161170 0.690745533 -0.037553877 0.722122133
1783353406408016896.000000 0.195636421 0.009626354 0.166346967 -0.000022062 0.691878200 -0.037702005 0.721029222
1783353406432187136.000000 0.196500093 0.009720256 0.166355789 -0.000151479 0.692896008 -0.037552986 0.720058978
1783353406468044032.000000 0.197672203 0.009715251 0.166446596 -0.000023019 0.693999052 -0.037857991 0.718979955
1783353406492391936.000000 0.198561519 0.009726543 0.166483849 0.000104058 0.695005238 -0.038362686 0.717980564
1783353406524049152.000000 0.199550003 0.009652397 0.166451231 0.000032553 0.696300507 -0.038184676 0.716733992
1783353406560072960.000000 0.200507641 0.009577566 0.166496649 -0.000208131 0.697627842 -0.038002290 0.715451837
1783353406584083968.000000 0.201479077 0.009716974 0.166549280 -0.000317362 0.698799193 -0.038072720 0.714303911
1783353406616064000.000000 0.202338845 0.009622803 0.166681185 -0.000014068 0.700150669 -0.038797446 0.712940335
1783353406648027904.000000 0.203526616 0.009682897 0.166665033 -0.000125182 0.701780558 -0.038942434 0.711328089
1783353406676083968.000000 0.204278320 0.009696835 0.166648746 0.000073652 0.702896476 -0.039015271 0.710221410
1783353406708113920.000000 0.205334336 0.009703886 0.166756168 0.000018932 0.704371512 -0.039290402 0.708743334
1783353406740061952.000000 0.206338972 0.009645278 0.166720599 -0.000015492 0.705752075 -0.039201409 0.707373559
1783353406764062976.000000 0.207240164 0.009653894 0.166657031 0.000241933 0.706728756 -0.039287586 0.706392944
1783353406792331008.000000 0.208071396 0.009697539 0.166650310 0.000044771 0.708005786 -0.039329387 0.705110669
1783353406824147968.000000 0.208983183 0.009685910 0.166609854 0.000472342 0.709643304 -0.039975390 0.703426063
1783353406856080896.000000 0.210288912 0.009719186 0.166578248 0.000346369 0.711234868 -0.040189885 0.701804638
1783353406888055040.000000 0.211423904 0.009701827 0.166619644 0.000569613 0.712323189 -0.040345926 0.700690866
1783353406916111104.000000 0.212132514 0.009699350 0.166569158 0.000449245 0.712985933 -0.040266361 0.700021088
1783353406940155904.000000 0.212861061 0.009683740 0.166548476 0.000324163 0.713613570 -0.040141389 0.699388504
1783353406972114944.000000 0.214136094 0.009724845 0.166535154 0.000211179 0.714897811 -0.039862350 0.698091745
1783353407004076032.000000 0.215182975 0.009725415 0.166603059 0.000023929 0.716603875 -0.039940778 0.696335852
1783353407032143104.000000 0.215812847 0.009674572 0.166680589 0.000022942 0.717788756 -0.040253401 0.695096433
1783353407064163072.000000 0.217127860 0.009832733 0.166567236 0.000049491 0.719485998 -0.040098924 0.693348408
1783353407096112896.000000 0.218173712 0.009802804 0.166538671 0.000112170 0.721057653 -0.040388782 0.691696942
1783353407120269056.000000 0.219196275 0.009885998 0.166511834 0.000005919 0.722003520 -0.040112063 0.690725684
1783353407156147968.000000 0.220246181 0.009856990 0.166417837 0.000133904 0.722821355 -0.040264890 0.689860880
1783353407180407040.000000 0.220922932 0.009833831 0.166433886 -0.000226605 0.723655939 -0.040088758 0.688995659
1783353407212132096.000000 0.221852243 0.009741602 0.166376904 -0.000396888 0.724687994 -0.039876502 0.687922239
1783353407248151040.000000 0.222864866 0.009758520 0.166348800 -0.000780556 0.725649893 -0.039452687 0.686931789
1783353407272172032.000000 0.223664835 0.009824731 0.166244939 -0.001234399 0.726762772 -0.039010298 0.685778856
1783353407304156160.000000 0.224714607 0.009766329 0.166129887 -0.000950806 0.728195012 -0.039283898 0.684242606
1783353407336119040.000000 0.225740418 0.009730515 0.166088954 -0.000422219 0.729275703 -0.040153608 0.683040619
1783353407364164096.000000 0.226516381 0.009724614 0.166047260 -0.001092792 0.730391800 -0.039760288 0.681869388
1783353407396203008.000000 0.227742523 0.009708438 0.166068628 -0.001345010 0.731944621 -0.039496139 0.680217147
1783353407420185088.000000 0.228593573 0.009797015 0.165954083 -0.000711875 0.732698739 -0.040169500 0.679366231
1783353407452141056.000000 0.229585931 0.009799048 0.165923297 -0.000904181 0.733749688 -0.040332079 0.678221166
1783353407480200960.000000 0.230425611 0.009778861 0.165787801 -0.000891763 0.734339535 -0.040551942 0.677569330
1783353407512227072.000000 0.231533468 0.009813889 0.165792823 -0.000963887 0.735341072 -0.040697675 0.676473439
1783353407544179968.000000 0.232508287 0.009748040 0.165642127 -0.001215146 0.735813320 -0.040673893 0.675960779
1783353407568353792.000000 0.233344793 0.009737995 0.165574968 -0.001311984 0.736348450 -0.040567812 0.675384045
1783353407604201984.000000 0.234397680 0.009797857 0.165505335 -0.001380576 0.737602770 -0.040833626 0.673997700
1783353407628521984.000000 0.235378474 0.009837037 0.165459573 -0.001378355 0.738944829 -0.040948380 0.672519147
1783353407660195072.000000 0.236356348 0.009781622 0.165309981 -0.001744585 0.740164101 -0.040898599 0.671179175
1783353407692201984.000000 0.237534225 0.009875524 0.165235147 -0.001682224 0.741459668 -0.041010942 0.669740915
1783353407720237056.000000 0.238344640 0.009790698 0.165203631 -0.001671126 0.742755771 -0.041066542 0.668299913
1783353407752254976.000000 0.239463568 0.009788544 0.165060729 -0.001486394 0.744352102 -0.041542556 0.666492343
1783353407784205056.000000 0.240422532 0.009699857 0.164926752 -0.001564312 0.746023536 -0.041515708 0.664622426
1783353407808416000.000000 0.241336390 0.009794152 0.164839000 -0.001628123 0.747073829 -0.041419476 0.663447380
1783353407844242944.000000 0.242402136 0.009796398 0.164642334 -0.002282723 0.747884750 -0.040584456 0.662582994
1783353407868534016.000000 0.243163943 0.009769511 0.164554462 -0.002346300 0.748255610 -0.040579509 0.662164211
1783353407900226048.000000 0.244239360 0.009773294 0.164432615 -0.001621499 0.748543262 -0.041423142 0.661788940
1783353407936242176.000000 0.245333046 0.009832539 0.164264709 -0.001781701 0.749588668 -0.041179411 0.660619378
1783353407960325120.000000 0.246252164 0.009826299 0.164110214 -0.002310906 0.751110673 -0.040265169 0.658943236
1783353407992248064.000000 0.247277096 0.009777791 0.163970560 -0.002106369 0.752631009 -0.040852260 0.657170653
1783353408016252928.000000 0.247991934 0.009727892 0.163874567 -0.001668556 0.754067540 -0.041138262 0.655505180
1783353408052262912.000000 0.249178350 0.009740635 0.163695365 -0.001424030 0.755824387 -0.041488230 0.653457105
1783353408084294144.000000 0.250289977 0.009775924 0.163668066 -0.001302677 0.756853402 -0.041696321 0.652252018
1783353408108505088.000000 0.250992537 0.009728950 0.163549334 -0.001279324 0.757426560 -0.041579388 0.651593804
1783353408140237056.000000 0.252086222 0.009749391 0.163397968 -0.001455153 0.758926749 -0.041085146 0.649877012
1783353408168509952.000000 0.252976120 0.009803524 0.163230658 -0.001310962 0.759906292 -0.041275967 0.648719609
1783353408200323072.000000 0.254111260 0.009758971 0.163089275 -0.001317673 0.761073947 -0.041498404 0.647335052
1783353408232271872.000000 0.255185515 0.009788847 0.162865281 -0.001474475 0.762003303 -0.040840823 0.646282434
1783353408264246016.000000 0.256238490 0.009736457 0.162686169 -0.001372712 0.762842000 -0.041114941 0.645275056
1783353408292306944.000000 0.257065147 0.009770988 0.162587821 -0.001532174 0.764125347 -0.040768269 0.643776417
1783353408324326912.000000 0.258018851 0.009661824 0.162438095 -0.001413413 0.765706658 -0.041252650 0.641864240
1783353408348303104.000000 0.258857071 0.009713778 0.162305743 -0.001321352 0.766811490 -0.041537482 0.640525639
1783353408380284160.000000 0.259928823 0.009729308 0.162000716 -0.001709447 0.768457294 -0.040700939 0.638603151
1783353408408548096.000000 0.260665953 0.009654533 0.161875516 -0.001715916 0.769676983 -0.040711682 0.637131870
1783353408440327936.000000 0.261803925 0.009699142 0.161767691 -0.001433794 0.770973086 -0.041520990 0.635511279
1783353408472297984.000000 0.262913764 0.009676693 0.161569268 -0.001687061 0.772133529 -0.041225724 0.634119332
1783353408508368128.000000 0.263992846 0.009727328 0.161358625 -0.001446604 0.773194969 -0.041627511 0.632798970
1783353408532345088.000000 0.264753670 0.009709228 0.161189914 -0.001223378 0.773996890 -0.041768998 0.631809056
1783353408564331008.000000 0.265755773 0.009678408 0.161002874 -0.001312747 0.775189221 -0.041778021 0.630344748
1783353408588551168.000000 0.266639471 0.009691118 0.160862267 -0.001142020 0.776077688 -0.042193461 0.629223287
1783353408624336128.000000 0.267640114 0.009753260 0.160631955 -0.001232847 0.777467906 -0.041997705 0.627517581
1783353408648416000.000000 0.268442661 0.009683962 0.160407633 -0.001085856 0.778491735 -0.042047039 0.626244009
1783353408680349952.000000 0.269550800 0.009641238 0.160217613 -0.001305692 0.780163884 -0.042435292 0.624132931
1783353408712304128.000000 0.270593911 0.009693196 0.159966379 -0.000976695 0.781817436 -0.042802110 0.622035861
1783353408740366848.000000 0.271439105 0.009781588 0.159710050 -0.001119897 0.782938063 -0.043137889 0.620601296
1783353408772387072.000000 0.272367299 0.009678976 0.159567624 -0.001673840 0.784055114 -0.042655610 0.619221568
1783353408804354816.000000 0.273290813 0.009630619 0.159300923 -0.001380163 0.785158873 -0.042858709 0.617808104
1783353408828343040.000000 0.274135202 0.009665946 0.159147531 -0.000999025 0.785892248 -0.043817267 0.616808295
1783353408856615936.000000 0.274933219 0.009654753 0.158976197 -0.001060776 0.786767483 -0.044093277 0.615671754
1783353408888411904.000000 0.276093066 0.009649906 0.158632308 -0.001348840 0.788111269 -0.043607898 0.613984644
1783353408920366080.000000 0.277007669 0.009611207 0.158441395 -0.001929246 0.789901376 -0.042928696 0.611726463
1783353408952354816.000000 0.278076708 0.009569032 0.158126473 -0.001734947 0.791269481 -0.043348413 0.609926701
1783353408980408832.000000 0.278832614 0.009625184 0.157926053 -0.001296918 0.792691231 -0.044157259 0.608020663
1783353409012388864.000000 0.279791951 0.009596314 0.157682270 -0.000916539 0.795003414 -0.044789072 0.604948580
1783353409036580096.000000 0.280583054 0.009557381 0.157428443 -0.001095550 0.796760023 -0.044911165 0.602623701
1783353409068411136.000000 0.281554312 0.009591851 0.157178670 -0.000964711 0.798763812 -0.045118757 0.599949837
1783353409096429056.000000 0.282352746 0.009608440 0.156973243 -0.000800729 0.799614370 -0.045340296 0.598799288
1783353409128407040.000000 0.283325553 0.009557599 0.156652272 -0.000930272 0.801037133 -0.045260787 0.596900463
1783353409160388096.000000 0.284354091 0.009528672 0.156299651 -0.001144420 0.802853048 -0.044896774 0.594482958
1783353409188450048.000000 0.285131872 0.009528449 0.156124234 -0.000584082 0.804132879 -0.045641914 0.592694521
1783353409220429056.000000 0.286198616 0.009566426 0.155747801 -0.000708511 0.805786788 -0.045579683 0.590448678
1783353409244630016.000000 0.286929846 0.009540133 0.155502409 -0.000770145 0.806979775 -0.045487937 0.588824153
1783353409276424960.000000 0.287960887 0.009537432 0.155213386 -0.000765344 0.808290303 -0.045432925 0.587028205
1783353409304732928.000000 0.288697749 0.009503910 0.154955208 -0.001328485 0.809456825 -0.044549707 0.585485458
1783353409336464896.000000 0.289743066 0.009510396 0.154526263 -0.001214816 0.810716867 -0.044421066 0.583749592
1783353409368436992.000000 0.290684938 0.009417394 0.154335111 -0.000996156 0.812202752 -0.045104157 0.581628144
1783353409400401152.000000 0.291819721 0.009484304 0.153784841 -0.000638845 0.813845158 -0.044944171 0.579340816
1783353409428455168.000000 0.292565882 0.009493165 0.153649956 -0.000849560 0.815221906 -0.045159534 0.577384830
1783353409460473088.000000 0.293511897 0.009462401 0.153332233 -0.000772494 0.816303074 -0.045451250 0.575832307
1783353409484623872.000000 0.294201761 0.009473998 0.153075129 -0.001250109 0.817210197 -0.044707682 0.574601889
1783353409516422144.000000 0.295197964 0.009426206 0.152707487 -0.001646600 0.818418980 -0.044099450 0.572924972
1783353409544483072.000000 0.296015143 0.009393170 0.152366549 -0.001490410 0.819072247 -0.044415560 0.571966588
1783353409576502016.000000 0.297050357 0.009403914 0.152090907 -0.001506373 0.820312798 -0.044439197 0.570184171
1783353409608459008.000000 0.298015475 0.009337259 0.151646823 -0.001367434 0.821466386 -0.044679891 0.568502367
1783353409632643840.000000 0.298798382 0.009443913 0.151380897 -0.001128545 0.822172463 -0.045580208 0.567409694
1783353409668497152.000000 0.299615473 0.009356173 0.151084751 -0.001667702 0.823144734 -0.044881113 0.566052735
1783353409692838912.000000 0.300493062 0.009393699 0.150746405 -0.001686311 0.823667824 -0.044618178 0.565312028
1783353409724481024.000000 0.301525682 0.009374974 0.150334686 -0.001503418 0.824389815 -0.044934686 0.564234018
1783353409760515840.000000 0.302490860 0.009338208 0.149946362 -0.001546944 0.825309813 -0.045436919 0.562847018
1783353409784518912.000000 0.303223014 0.009292319 0.149676293 -0.001594024 0.826121926 -0.045768920 0.561627388
1783353409816491008.000000 0.304290086 0.009319214 0.149345309 -0.001578577 0.827389717 -0.045561764 0.559774995
1783353409840687872.000000 0.304988682 0.009276014 0.149028033 -0.001722763 0.828314126 -0.045763351 0.558389246
1783353409876524032.000000 0.305897087 0.009267451 0.148558050 -0.001548229 0.829736292 -0.045869213 0.556265533
1783353409900816896.000000 0.306624353 0.009244103 0.148299754 -0.001470540 0.830896974 -0.045906253 0.554527521
1783353409932517888.000000 0.307633877 0.009237386 0.147904992 -0.001510040 0.832243145 -0.045907028 0.552504957
1783353409964481024.000000 0.308545053 0.009204010 0.147464693 -0.001583317 0.833765030 -0.045906357 0.550205529
1783353409992548096.000000 0.309340149 0.009217592 0.147230983 -0.001414722 0.834915340 -0.046294723 0.548426151
1783353410024545792.000000 0.310282171 0.009185808 0.146764338 -0.002001544 0.836682260 -0.045251414 0.545812428
1783353410048713984.000000 0.311036199 0.009221371 0.146343797 -0.001919194 0.838000953 -0.044975769 0.543808818
1783353410080497920.000000 0.311986148 0.009180974 0.145993263 -0.001197123 0.839421153 -0.045539204 0.541568995
1783353410108562944.000000 0.312698066 0.009193040 0.145642251 -0.001223667 0.840303600 -0.045704000 0.540184855
1783353410140573952.000000 0.313741177 0.009168992 0.145190746 -0.001440268 0.841636062 -0.045128517 0.538154364
1783353410172545024.000000 0.314587891 0.009033101 0.144851893 -0.001281875 0.842842400 -0.045119151 0.536264300
1783353410196790016.000000 0.315436304 0.009081954 0.144467860 -0.001492316 0.843588591 -0.045146693 0.535086751
1783353410232558080.000000 0.316347241 0.009040261 0.144105136 -0.001581550 0.844936907 -0.044884756 0.532977104
1783353410256828160.000000 0.317066610 0.009092772 0.143732041 -0.001444664 0.846088648 -0.045051184 0.531133115
1783353410288568064.000000 0.317960143 0.009008866 0.143065512 -0.001096792 0.847389400 -0.045779675 0.528993607
1783353410320528896.000000 0.318951964 0.009002430 0.142683685 -0.001475070 0.849616230 -0.044970673 0.525478661
1783353410348599040.000000 0.319585115 0.008954579 0.142457336 -0.001382883 0.851165116 -0.044945028 0.522968471
1783353410380593152.000000 0.320592225 0.008965315 0.141896933 -0.001229880 0.852568567 -0.045751013 0.520607591
1783353410404759808.000000 0.321405172 0.009016853 0.141473204 -0.001473870 0.853479326 -0.045717508 0.519115388
1783353410436593152.000000 0.322264433 0.008975223 0.140991896 -0.001149074 0.854627609 -0.045321811 0.517258406
1783353410464893184.000000 0.322978318 0.008932611 0.140749812 -0.001059121 0.855645359 -0.045314867 0.515574038
1783353410496623104.000000 0.323809981 0.008870170 0.140135616 -0.001481544 0.856754720 -0.044873055 0.513766110
1783353410528588032.000000 0.324612945 0.008816471 0.139715135 -0.001494068 0.857877970 -0.044686429 0.511904716
1783353410564613120.000000 0.325785130 0.008831196 0.139118314 -0.001106408 0.858807564 -0.045519952 0.510270834
1783353410588622080.000000 0.326400191 0.008800887 0.138788432 -0.001353847 0.859898388 -0.045274839 0.508451819
1783353410620603136.000000 0.327306211 0.008806365 0.138337374 -0.001474225 0.861621380 -0.045444082 0.505510926
1783353410644609024.000000 0.328051865 0.008818325 0.137856305 -0.000988807 0.862668812 -0.046378907 0.503637373
1783353410680627200.000000 0.328813702 0.008745620 0.137382090 -0.001366204 0.864319265 -0.045938008 0.500839412
1783353410704930048.000000 0.329531223 0.008744182 0.136973917 -0.001399989 0.865600884 -0.045983516 0.498616874
1783353410736627200.000000 0.330469072 0.008719351 0.136485219 -0.001543235 0.867187560 -0.045844845 0.495864600
1783353410768588032.000000 0.331460923 0.008761818 0.135917485 -0.001481286 0.868661046 -0.045984078 0.493265957
1783353410796654080.000000 0.332138419 0.008772563 0.135513783 -0.001144584 0.869754970 -0.046424840 0.491294026
1783353410828655104.000000 0.333063245 0.008761929 0.134962708 -0.001186754 0.871178150 -0.046820868 0.488728166
1783353410860635136.000000 0.334024400 0.008708267 0.134356976 -0.001181201 0.872577667 -0.046414860 0.486263871
1783353410884625920.000000 0.334634393 0.008673338 0.133985311 -0.001343168 0.873346090 -0.046049047 0.484916925
1783353410920658176.000000 0.335523933 0.008648276 0.133389473 -0.000994286 0.874430180 -0.046501022 0.482916921
1783353410944869120.000000 0.336189717 0.008622047 0.132968962 -0.001148325 0.875445664 -0.047164209 0.481008589
1783353410976655872.000000 0.337187171 0.008617403 0.132362813 -0.001029698 0.876992464 -0.047374967 0.478161901
1783353411008621824.000000 0.338059008 0.008624492 0.131872803 -0.001062820 0.878353536 -0.047444075 0.475650221
1783353411036696832.000000 0.338828772 0.008563975 0.131408691 -0.001248315 0.879261374 -0.047198065 0.473993987
1783353411068686848.000000 0.339557618 0.008524502 0.130783021 -0.000923286 0.880298138 -0.047798272 0.472006202
1783353411092865024.000000 0.340324670 0.008517502 0.130373091 -0.000922643 0.881313562 -0.048320483 0.470053881
1783353411124697088.000000 0.341119826 0.008458585 0.129805177 -0.001020222 0.883066475 -0.047440350 0.466842741
1783353411152720896.000000 0.341868639 0.008456323 0.129346073 -0.000967215 0.884512603 -0.047738791 0.464066505
1783353411184676864.000000 0.342734426 0.008418240 0.128584236 -0.000542532 0.886324584 -0.048459951 0.460521489
1783353411216683008.000000 0.343343616 0.008287871 0.128067464 -0.000468349 0.888535917 -0.047755025 0.456314862
1783353411240998912.000000 0.344134271 0.008390125 0.127429962 -0.000152238 0.889988422 -0.048063572 0.453443021
1783353411276710144.000000 0.345045269 0.008334059 0.126854330 -0.000379140 0.891986609 -0.048014883 0.449504554
1783353411300807936.000000 0.345646739 0.008346558 0.126397341 -0.000498103 0.893255591 -0.047874033 0.446992517
1783353411332694016.000000 0.346563905 0.008303212 0.125632882 -0.000126340 0.894716680 -0.048122842 0.444034159
1783353411360745984.000000 0.347212970 0.008264735 0.125184238 -0.000030849 0.895888388 -0.048565082 0.441616833
1783353411392738048.000000 0.347982705 0.008253828 0.124699533 -0.000303900 0.897493362 -0.048928551 0.438305408
1783353411424748032.000000 0.348655879 0.008157333 0.124176145 -0.000123051 0.898926735 -0.049670469 0.435274154
1783353411448893952.000000 0.349300265 0.008196443 0.123788029 -0.000195837 0.900278747 -0.049735591 0.432463348
1783353411484741888.000000 0.350020766 0.008152684 0.123069435 -0.000238213 0.902057588 -0.049617600 0.428754359
1783353411508996096.000000 0.350593776 0.008115323 0.122590959 -0.000237953 0.903336585 -0.050016321 0.426006287
1783353411540787968.000000 0.351515502 0.008117530 0.121902525 -0.000431563 0.904825985 -0.050074816 0.422826678
1783353411572705024.000000 0.352342039 0.008111103 0.121234447 -0.000287285 0.906196117 -0.050223887 0.419864535
1783353411600766976.000000 0.352760464 0.008010704 0.120845526 -0.000222102 0.907296002 -0.050595120 0.417437464
1783353411632782080.000000 0.353611529 0.007907229 0.120190173 -0.000564974 0.908897161 -0.050731376 0.413922787
1783353411664748032.000000 0.354308844 0.007897930 0.119608104 -0.000656407 0.910591066 -0.050807755 0.410173208
1783353411696756992.000000 0.354990661 0.007804634 0.119207025 -0.000928288 0.912068248 -0.050870765 0.406869650
1783353411724770048.000000 0.355664551 0.007797480 0.118444920 -0.000581437 0.912633300 -0.050784275 0.405612200
1783353411749038848.000000 0.356211960 0.007764934 0.118057221 -0.000824162 0.913497746 -0.051197179 0.403608769
1783353411780776960.000000 0.356904566 0.007717054 0.117468894 -0.000914702 0.915052116 -0.051297288 0.400059372
1783353411812776192.000000 0.357705355 0.007647982 0.116777837 -0.000997602 0.916718721 -0.051452868 0.396204948
1783353411840804096.000000 0.358169585 0.007651612 0.116236657 -0.001032730 0.918004990 -0.051310461 0.393234104
1783353411872772864.000000 0.359004885 0.007630030 0.115480542 -0.001057395 0.919652581 -0.051180389 0.389382273
1783353411896992000.000000 0.359560311 0.007519664 0.115016580 -0.001010602 0.920835018 -0.051083621 0.386590719
1783353411932794112.000000 0.360215068 0.007420636 0.114426762 -0.001363454 0.922343194 -0.050986040 0.382990420
1783353411956823040.000000 0.360716492 0.007357923 0.113968819 -0.001102968 0.923583150 -0.050902877 0.380002528
1783353411988796928.000000 0.361471415 0.007451402 0.112977833 -0.000737810 0.925002813 -0.050810069 0.376546949
1783353412020761088.000000 0.362226307 0.007197516 0.112467468 -0.001532871 0.926278591 -0.050170280 0.373481870
1783353412048827904.000000 0.362747014 0.007300265 0.111743867 -0.001360776 0.926771700 -0.050308146 0.372238427
1783353412072837120.000000 0.363312900 0.007388210 0.111182243 -0.001358337 0.927166402 -0.051007748 0.371158779
1783353412104824064.000000 0.363900125 0.007237627 0.110521138 -0.000958006 0.928106725 -0.051408399 0.368746847
1783353412136782848.000000 0.364703387 0.007283676 0.109682232 -0.001027132 0.929514110 -0.050643165 0.365291327
1783353412164845824.000000 0.365298450 0.007271247 0.108979255 -0.000755366 0.930534899 -0.050708786 0.362674594
1783353412196839936.000000 0.365982741 0.007286830 0.108315110 -0.000944054 0.931962669 -0.051636763 0.358857125
1783353412228830976.000000 0.366667986 0.007165717 0.107755274 -0.001131394 0.933671653 -0.051930495 0.354343414
1783353412252811008.000000 0.367114186 0.007171237 0.107010752 -0.000892924 0.934857428 -0.051626608 0.351248592
1783353412281148928.000000 0.367666066 0.007227031 0.106399536 -0.001123356 0.936146617 -0.050954908 0.347896516
1783353412312866048.000000 0.368348032 0.007114727 0.105725616 -0.001328334 0.937571049 -0.050778013 0.344064653
1783353412344843008.000000 0.369032443 0.007167743 0.104792833 -0.000816113 0.938713431 -0.051314451 0.340856910
1783353412369036032.000000 0.369406939 0.007053952 0.104243636 -0.000649571 0.939772487 -0.051653344 0.337874681
1783353412404870912.000000 0.369994670 0.006990229 0.103601247 -0.000812614 0.941468954 -0.051113147 0.333201200
1783353412429047040.000000 0.370597601 0.006987961 0.102857172 -0.000984674 0.942588866 -0.051125444 0.330017507
1783353412460865024.000000 0.371196419 0.006947828 0.102072209 -0.000737752 0.943991780 -0.051622614 0.325905234
1783353412492826112.000000 0.371785492 0.006897777 0.101260930 -0.000941792 0.945334971 -0.050411869 0.322179645
1783353412520899072.000000 0.372253865 0.006883179 0.100680530 -0.000782343 0.946218431 -0.050501984 0.319561899
1783353412544898048.000000 0.372801900 0.006864334 0.100028276 -0.000645324 0.947125316 -0.051413625 0.316717267
1783353412576897024.000000 0.373355865 0.006822187 0.099261701 -0.000812655 0.948743522 -0.051475365 0.311825871
1783353412608846848.000000 0.374056816 0.006737798 0.098362520 -0.001027921 0.950522065 -0.051673155 0.306327701
1783353412636919040.000000 0.374532729 0.006743866 0.097652361 -0.000991732 0.951526225 -0.051400036 0.303240687
1783353412668912896.000000 0.374968410 0.006681622 0.096844494 -0.000894102 0.952810049 -0.050962638 0.299257636
1783353412700903936.000000 0.375595629 0.006671476 0.096010461 -0.000909373 0.954089940 -0.051952429 0.294978976
1783353412724888064.000000 0.376062244 0.006630856 0.095412910 -0.001139069 0.954957962 -0.052301638 0.292093635
1783353412753182976.000000 0.376372218 0.006558912 0.094844759 -0.000804568 0.955828190 -0.052100565 0.289270639
1783353412784931840.000000 0.377041608 0.006565121 0.093876585 -0.000894445 0.957177997 -0.052750159 0.284652323
1783353412816914944.000000 0.377561569 0.006463109 0.093137473 -0.000957951 0.958596230 -0.052555010 0.279875755
1783353412841180160.000000 0.377931833 0.006485573 0.092490420 -0.000717230 0.959578514 -0.052582920 0.276484638
1783353412876928000.000000 0.378576189 0.006458405 0.091624141 -0.001119361 0.960824490 -0.052382007 0.272160530
1783353412900930816.000000 0.378936380 0.006459280 0.091015399 -0.000801298 0.961495459 -0.052828114 0.269694448
1783353412932926976.000000 0.379453808 0.006356214 0.089968726 -0.000821090 0.962377667 -0.052727025 0.266549259
1783353412960954880.000000 0.379729211 0.006298962 0.089443579 -0.000686143 0.963143766 -0.052892126 0.263735026
1783353412992952064.000000 0.380306721 0.006193796 0.088742152 -0.000914592 0.964319110 -0.053347822 0.259310424
1783353413017117952.000000 0.380705446 0.006365725 0.087950215 -0.001197501 0.965223372 -0.053465057 0.255898505
1783353413048923904.000000 0.381150603 0.006278247 0.086954787 -0.000647776 0.966464758 -0.053143229 0.251239628
1783353413077065984.000000 0.381646812 0.006157747 0.086118519 -0.000552892 0.967359543 -0.052783884 0.247848913
1783353413108980992.000000 0.382148832 0.006177492 0.085164621 -0.000763161 0.968296409 -0.052646171 0.244192436
1783353413140947200.000000 0.382576138 0.006122926 0.084419653 -0.000460549 0.969221175 -0.052685022 0.240487903
1783353413165132032.000000 0.382950485 0.006074226 0.083593965 -0.000713655 0.969872177 -0.053184383 0.237737238
1783353413201022976.000000 0.383424491 0.006015723 0.082764223 -0.000758331 0.970875978 -0.052722745 0.233708531
1783353413225282048.000000 0.383857787 0.005971848 0.081927285 -0.000271933 0.971626997 -0.052532312 0.230610773
1783353413256987136.000000 0.384291917 0.005923714 0.081041798 -0.000135282 0.972616673 -0.052705165 0.226360217
1783353413288937984.000000 0.384717673 0.005892975 0.080115810 -0.000146875 0.973741949 -0.052074701 0.221618891
1783353413317007104.000000 0.385012984 0.005807504 0.079412937 -0.000095545 0.974495411 -0.052076977 0.218281269
1783353413349015040.000000 0.385470569 0.005774587 0.078479305 0.000067455 0.975365698 -0.052370340 0.214287803
1783353413381005056.000000 0.385934085 0.005761263 0.077534229 0.000208347 0.976114631 -0.051777359 0.210996017
1783353413405129984.000000 0.386281788 0.005697809 0.076700225 0.000415065 0.976613998 -0.051816277 0.208662599
1783353413441019904.000000 0.386758208 0.005694842 0.075758323 0.000266887 0.977376580 -0.051386479 0.205169037
1783353413465032960.000000 0.387005925 0.005615885 0.075052068 0.000248688 0.977905929 -0.051272091 0.202660307
1783353413497026048.000000 0.387445003 0.005601751 0.074175045 0.000455447 0.978741467 -0.052000813 0.198396087
1783353413533021952.000000 0.387777418 0.005545524 0.073307216 0.000455966 0.979627728 -0.051765710 0.194035292
1783353413557050112.000000 0.388096362 0.005514705 0.072541058 0.000573056 0.980214059 -0.051857177 0.191026255
1783353413589009152.000000 0.388498276 0.005451128 0.071564630 0.000514440 0.981029153 -0.050941113 0.187047020
1783353413613219072.000000 0.388777733 0.005410181 0.070827469 0.000590333 0.981668949 -0.050754860 0.183711097
1783353413649033984.000000 0.389128715 0.005351092 0.069944754 0.000614966 0.982459545 -0.051801775 0.179135635
1783353413673294080.000000 0.389409125 0.005378268 0.069270641 0.000545590 0.983084023 -0.052075479 0.175595298
1783353413705056000.000000 0.389706314 0.005263972 0.068391457 0.000631766 0.983850896 -0.052365802 0.171157792
1783353413736996864.000000 0.390066624 0.005272560 0.067483068 0.000534026 0.984577417 -0.051804539 0.167103231
1783353413765070848.000000 0.390276253 0.005257513 0.066630505 0.000503291 0.985076964 -0.052459002 0.163924307
1783353413797063168.000000 0.390555441 0.005232001 0.065768242 0.000270554 0.985890746 -0.052642915 0.158896327
1783353413821049088.000000 0.390773237 0.005184967 0.065057933 0.000368290 0.986553788 -0.052510627 0.154771581
1783353413853020928.000000 0.391093194 0.005131215 0.064086713 0.000653272 0.987417340 -0.052551366 0.149147376
1783353413881092096.000000 0.391278505 0.005058608 0.063408479 0.000350634 0.988075793 -0.052322250 0.144805551
1783353413913084928.000000 0.391645730 0.005053167 0.062338136 0.000252859 0.988829017 -0.052076880 0.139660940
1783353413937074944.000000 0.391890138 0.005021632 0.061558895 -0.000043951 0.989271820 -0.051061671 0.136872470
1783353413969033984.000000 0.392194331 0.004990355 0.060700685 0.000080056 0.989768147 -0.051381987 0.133112848
1783353413997128960.000000 0.392386168 0.004941521 0.059974350 0.000144733 0.990087926 -0.052541327 0.130251259
1783353414029102080.000000 0.392615914 0.004899834 0.058971681 0.000022562 0.990537286 -0.053333316 0.126457706
1783353414061070080.000000 0.392927527 0.004816879 0.057972223 -0.000108207 0.991054535 -0.053439770 0.122290976
1783353414085063936.000000 0.393088192 0.004742836 0.057345614 -0.000054776 0.991459310 -0.053220548 0.119063213
1783353414113367040.000000 0.393276066 0.004745550 0.056508601 0.000105087 0.991827846 -0.053096283 0.116010152
1783353414145116160.000000 0.393492788 0.004704968 0.055601187 0.000231190 0.992331684 -0.052648034 0.111830488
1783353414177076992.000000 0.393708229 0.004649098 0.054649100 0.000133948 0.992740095 -0.053221382 0.107864015
1783353414201278976.000000 0.393857807 0.004581481 0.053850479 0.000136229 0.993059039 -0.053782880 0.104599975
1783353414237122048.000000 0.394055635 0.004556384 0.052872878 0.000641430 0.993589044 -0.053188641 0.099756777
1783353414261143808.000000 0.394180715 0.004460572 0.052169904 0.000811850 0.993912876 -0.053239260 0.096447557
1783353414293092864.000000 0.394365698 0.004415645 0.051197473 0.001058767 0.994376779 -0.052940339 0.091711506
1783353414317261056.000000 0.394453287 0.004425311 0.050432999 0.000950550 0.994696558 -0.052664183 0.088342480
1783353414353136128.000000 0.394685239 0.004390191 0.049296163 0.001031975 0.995060205 -0.053107094 0.083867759
1783353414377165056.000000 0.394791365 0.004354076 0.048572592 0.001011606 0.995302081 -0.053282030 0.080831796
1783353414409113856.000000 0.394928038 0.004296311 0.047633484 0.001184669 0.995637894 -0.052883886 0.076858297
1783353414441132032.000000 0.395036191 0.004218392 0.046642888 0.001528489 0.995940030 -0.052885290 0.072830722
1783353414469152000.000000 0.395180494 0.004207248 0.045876719 0.001439473 0.996131659 -0.053018153 0.070062228
1783353414493169152.000000 0.395355493 0.004148601 0.045000352 0.001388247 0.996317744 -0.053076383 0.067320414
1783353414525127936.000000 0.395476639 0.004154269 0.043955281 0.001480032 0.996564150 -0.052750867 0.063836627
1783353414549124096.000000 0.395586491 0.004109978 0.043117955 0.001464519 0.996712267 -0.053010013 0.061258778
1783353414585163008.000000 0.395714819 0.004109410 0.042153127 0.001319171 0.996969521 -0.051885486 0.057947561
1783353414609200128.000000 0.395830899 0.004092532 0.041514318 0.001323565 0.997117341 -0.051846318 0.055383738
1783353414641145088.000000 0.395928890 0.004003414 0.040367663 0.001360322 0.997241616 -0.052313279 0.052636851
1783353414677180160.000000 0.395979643 0.004020879 0.039688855 0.001009272 0.997667432 -0.046621170 0.049852181
1783353414701203968.000000 0.396009594 0.003927665 0.039179400 0.000942279 0.998033524 -0.040876433 0.047512811
1783353414733189120.000000 0.396101743 0.003915150 0.038439542 0.000001739 0.998337865 -0.037011310 0.044179019
1783353414765297920.000000 0.396233916 0.003905639 0.038009509 -0.000004040 0.998414576 -0.036405202 0.042931236
1783353414801212928.000000 0.396237612 0.003897951 0.037971273 -0.000151939 0.998369992 -0.037255581 0.043236066
1783353414833199872.000000 0.396223009 0.003919406 0.038045980 0.000254923 0.998277426 -0.039371669 0.043496702
1783353414857192960.000000 0.396228641 0.003932090 0.038150579 0.000321553 0.998190045 -0.041691478 0.043340322
1783353414889235968.000000 0.396171689 0.003898120 0.038252514 0.000700095 0.998030305 -0.044609662 0.044103935
1783353414917228032.000000 0.396150887 0.003876135 0.038362205 0.000882048 0.997903407 -0.046664353 0.044839438
1783353414949220864.000000 0.396153420 0.003911353 0.038545780 0.000995195 0.997699082 -0.049992170 0.045787454
1783353414981188096.000000 0.396112800 0.003890558 0.038687624 0.001201537 0.997483552 -0.053158030 0.046897262
1783353415005371136.000000 0.396115303 0.003876633 0.038794171 0.000779885 0.997479022 -0.053598378 0.046499852
1783353415033242880.000000 0.396104664 0.003903780 0.038878284 0.000969318 0.997649014 -0.053136297 0.043267392
1783353415065253888.000000 0.396094352 0.003881943 0.038809516 0.000739109 0.998033047 -0.054046385 0.031757534
1783353415097199872.000000 0.396068096 0.003943100 0.038782649 0.000680186 0.998465955 -0.053115897 0.015625555
1783353415121382912.000000 0.396074623 0.003983361 0.038759436 0.000737505 0.998614252 -0.052618362 0.000702547
1783353415149260032.000000 0.396075517 0.003965165 0.038738888 -0.000784930 -0.998543739 0.052296083 0.013226484
1783353415181262080.000000 0.396028161 0.004014367 0.038690798 -0.000374943 -0.998193681 0.053417429 0.027493242
1783353415213219840.000000 0.396025598 0.004005907 0.038426980 0.000282651 -0.997873306 0.054601762 0.035602115
1783353415237510912.000000 0.395950824 0.004034424 0.038061678 -0.000402830 -0.997864306 0.053005129 0.038171604
1783353415265505024.000000 0.395896673 0.004001675 0.037725478 -0.000645825 -0.997850895 0.052841850 0.038742755
1783353415297282816.000000 0.395824313 0.004000491 0.036968932 -0.000347145 -0.997923195 0.053621907 0.035691191
1783353415329245952.000000 0.395868748 0.003927358 0.036382630 -0.000406237 -0.998137712 0.053118117 0.029991604
1783353415353409024.000000 0.395802081 0.003925184 0.035798497 -0.000041573 -0.998259664 0.054085411 0.023503425
1783353415381384960.000000 0.395834059 0.003853280 0.035316955 -0.000229809 -0.998433948 0.053573273 0.016110864
1783353415413302016.000000 0.395875335 0.003837526 0.034454804 -0.000131662 -0.998537898 0.053725153 0.005978287
1783353415445256960.000000 0.395832777 0.003773872 0.033448115 0.000370284 0.998595417 -0.052926794 0.002434247
1783353415469486848.000000 0.395888656 0.003726373 0.032723740 0.000134290 0.998573780 -0.052934047 0.006960859
1783353415505296896.000000 0.395933121 0.003675558 0.031723469 -0.000166695 0.998511195 -0.053413384 0.011070596
1783353415529270784.000000 0.395887375 0.003601906 0.030981943 0.000176224 0.998500228 -0.053169549 0.013048980
1783353415561278208.000000 0.395968497 0.003521744 0.029890906 -0.000083649 0.998458087 -0.053859796 0.013441016
1783353415589313024.000000 0.396055281 0.003528003 0.029253505 -0.000459203 0.998458385 -0.053987779 0.012881853
1783353415621310976.000000 0.396046788 0.003436221 0.028251927 -0.000211242 0.998470187 -0.053999044 0.011890667
1783353415645282048.000000 0.396041155 0.003412953 0.027409881 -0.000742999 0.998448908 -0.054560106 0.011066328
1783353415677282048.000000 0.396095753 0.003348341 0.026426073 -0.000671271 0.998489618 -0.054029118 0.009942585
1783353415705352192.000000 0.396104753 0.003343690 0.025705483 -0.000586314 0.998495042 -0.054052118 0.009264080
1783353415737377024.000000 0.396137893 0.003310599 0.024707977 -0.000856671 0.998480916 -0.054458827 0.008326222
1783353415761488896.000000 0.396171421 0.003307387 0.023954492 -0.000890930 0.998507321 -0.054011367 0.008074113
1783353415793283072.000000 0.396142185 0.003220459 0.022914983 -0.000501549 0.998519361 -0.053793155 0.008080086
1783353415821360128.000000 0.396168292 0.003224391 0.022172090 -0.000514337 0.998539329 -0.053472418 0.007732159
1783353415853374976.000000 0.396207988 0.003188226 0.021488689 -0.000695274 0.998771727 -0.047052838 0.015512646
1783353415885307136.000000 0.396284968 0.003135488 0.020689115 -0.000652368 0.998810828 -0.041254520 0.025972143
1783353415909305088.000000 0.396213591 0.003115705 0.020237509 -0.000336574 0.998708189 -0.038168412 0.033542655
1783353415937381888.000000 0.396214098 0.003068979 0.019928046 0.000207381 0.998421311 -0.038027301 0.041337855
1783353415969382912.000000 0.396178901 0.003087617 0.019662302 0.000290344 0.997873068 -0.039967507 0.051496975
1783353416001346048.000000 0.396284312 0.003027835 0.019456767 -0.000294035 0.997317910 -0.041577693 0.060234934
1783353416025340928.000000 0.396372378 0.003084778 0.019238144 -0.000555475 0.996936440 -0.042757358 0.065492593
1783353416053569024.000000 0.396370381 0.003049431 0.018861391 -0.000428704 0.996713161 -0.042520650 0.068954296
1783353416085400064.000000 0.396369576 0.003061123 0.018792070 -0.000200167 0.996831298 -0.040796507 0.068285935
1783353416117420032.000000 0.396372318 0.003025287 0.018722251 -0.000484662 0.996812642 -0.041074365 0.068390846
1783353416141510912.000000 0.396392614 0.003041323 0.018728539 -0.000842806 0.996743381 -0.041987300 0.068840526
1783353416169619968.000000 0.396412879 0.003043619 0.018745147 -0.000797942 0.996781707 -0.041764691 0.068420678
1783353416201416960.000000 0.396388233 0.003073813 0.018748045 -0.000911624 0.996746123 -0.042296275 0.068611056
1783353416233445888.000000 0.396374226 0.003038506 0.018787883 -0.000960030 0.996729195 -0.042363781 0.068814270
1783353416257390848.000000 0.396415919 0.003070936 0.018838458 -0.000956841 0.996752620 -0.042403977 0.068449028
1783353416293430016.000000 0.396388471 0.003059620 0.018841386 -0.000941477 0.996767700 -0.042550046 0.068138212
1783353416317442048.000000 0.396409512 0.003019343 0.018841699 -0.001181072 0.996812522 -0.042599175 0.067444943
1783353416349398016.000000 0.396413147 0.003052560 0.018890090 -0.001023343 0.996860623 -0.042523105 0.066781342
1783353416373550848.000000 0.396379888 0.003044864 0.018872462 -0.000942044 0.996905267 -0.042321876 0.066241160
1783353416409420032.000000 0.396367699 0.003030539 0.018894687 -0.001019886 0.996963263 -0.042370614 0.065329432
1783353416433628928.000000 0.396380484 0.003078342 0.018912084 -0.001051298 0.996996582 -0.042514116 0.064725742
1783353416465399040.000000 0.396340430 0.003006528 0.018960238 -0.000978694 0.997062504 -0.042067427 0.063998491
1783353416497387776.000000 0.396365672 0.003087037 0.019025385 -0.001179468 0.997102916 -0.042613965 0.062995821
1783353416525444864.000000 0.396353781 0.003086142 0.019047793 -0.001182106 0.997199118 -0.042272083 0.061689664
1783353416557413120.000000 0.396340609 0.003036187 0.019192301 -0.000986721 0.997638881 -0.040264837 0.055628572
1783353416581432064.000000 0.396281928 0.003035157 0.019353140 -0.000547771 0.997932613 -0.039248366 0.050890259
1783353416613411072.000000 0.396161318 0.003021527 0.019618616 -0.000275803 0.998251736 -0.039676502 0.043810055
1783353416641465856.000000 0.396194309 0.003059256 0.019915599 -0.000567752 0.998495758 -0.040284947 0.037191145
1783353416673425920.000000 0.396137506 0.003080039 0.020246148 -0.000302036 0.998746932 -0.040869474 0.028883284
1783353416697527808.000000 0.396055758 0.003103090 0.020474954 -0.000066499 0.998879731 -0.041446824 0.022835437
1783353416733455872.000000 0.396062434 0.003171651 0.020846685 -0.000169371 0.999011397 -0.042283244 0.013725251
1783353416757474816.000000 0.396017194 0.003185407 0.021059684 -0.000212641 0.999067783 -0.042604327 0.006956464
1783353416789438976.000000 0.396024495 0.003164965 0.021425935 0.000206417 -0.999053121 0.043490440 0.001230788
1783353416813611008.000000 0.395978808 0.003204830 0.021604687 0.000086230 -0.998960912 0.045215569 0.005718075
1783353416849472000.000000 0.395959735 0.003196310 0.021879595 0.000286262 -0.998813748 0.047731351 0.009633253
1783353416873481984.000000 0.395978361 0.003202788 0.022121675 0.000256132 -0.998754203 0.048418213 0.012070311
1783353416905464832.000000 0.395942062 0.003216870 0.022623017 0.000134466 -0.998952746 0.042682689 0.016482161
1783353416929469952.000000 0.395967692 0.003262004 0.023293044 -0.000432590 -0.999173999 0.035869990 0.019092334
1783353416965488896.000000 0.395952314 0.003299427 0.023972496 -0.000316405 -0.999019325 0.038247798 0.022302860
1783353416989502976.000000 0.396005303 0.003344021 0.024625562 0.000086778 -0.998964250 0.038787842 0.023792483
1783353417021485056.000000 0.396048546 0.003343744 0.025796518 -0.000014502 -0.999030709 0.036947433 0.023929030
1783353417053453824.000000 0.396110803 0.003469196 0.027276710 0.000076354 -0.998994589 0.038780037 0.022493409
1783353417081502976.000000 0.396124363 0.003475321 0.028035183 -0.000161731 -0.999031246 0.038874228 0.020626487
1783353417105516032.000000 0.396201313 0.003550378 0.028945457 -0.000148513 -0.999043345 0.039659012 0.018430281
1783353417137489152.000000 0.396218419 0.003578799 0.030268494 -0.000153233 -0.999030173 0.041180931 0.015584784
1783353417161652992.000000 0.396286994 0.003625202 0.031265825 -0.000306341 -0.999019325 0.041924465 0.014235015
1783353417197516800.000000 0.396335691 0.003721227 0.032630242 -0.000248976 -0.998995960 0.042925343 0.012825835
1783353417221537024.000000 0.396372914 0.003776876 0.033592798 -0.000186397 -0.998959661 0.043956630 0.012140815
1783353417253500928.000000 0.396360308 0.003831181 0.035048090 -0.000334038 -0.998904645 0.045236275 0.011968034
1783353417277504000.000000 0.396338522 0.003830780 0.036089759 -0.000297899 -0.998818040 0.047199741 0.011602616
1783353417313543936.000000 0.396301925 0.003859916 0.037244689 -0.000597466 -0.998626471 0.051202752 0.011094002
1783353417337549824.000000 0.396323115 0.003878049 0.038102914 0.000348286 -0.998440623 0.054846145 0.010398784
1783353417369515008.000000 0.396483958 0.003914449 0.039011326 0.001122862 -0.998431802 0.055350807 0.008310148
1783353417393618176.000000 0.396439940 0.003954094 0.039437540 0.000470632 -0.998489797 0.054464173 0.007188660
1783353417429562112.000000 0.396366775 0.004026116 0.039806262 -0.000354231 -0.998597622 0.052686557 0.005171415
1783353417453568000.000000 0.396386743 0.004072348 0.040188476 -0.000529043 -0.998669863 0.051426969 0.003690283
1783353417485532928.000000 0.396405786 0.004044351 0.040545765 -0.000443620 -0.998746693 0.049993884 0.002371464
1783353417517512192.000000 0.396404415 0.004099623 0.040948864 -0.000320963 -0.998813629 0.048670802 0.001543259
1783353417545574912.000000 0.396361351 0.004077223 0.041243616 -0.000766425 -0.998878837 0.047319140 0.001202699
1783353417569585152.000000 0.396355510 0.004107594 0.041527886 -0.000853449 -0.998942912 0.045945320 0.001202548
1783353417601548800.000000 0.396400511 0.004117958 0.041916993 -0.000437071 -0.998965383 0.045461986 0.001092186
1783353417633553152.000000 0.396355718 0.004128959 0.041969605 -0.000330202 -0.998551965 0.053726055 0.002725673
1783353417661590016.000000 0.396426320 0.004142025 0.041968361 0.001552660 -0.998447657 0.055438962 0.005157739
1783353417685818880.000000 0.396403462 0.004134506 0.041942216 -0.000306407 -0.998570383 0.052941810 0.007373699
1783353417717573888.000000 0.396340489 0.004143821 0.041846626 -0.000831978 -0.998728573 0.049794111 0.007820628
1783353417749574912.000000 0.396374732 0.004125894 0.041666143 -0.000557634 -0.998832524 0.047698695 0.007622453
1783353417777609216.000000 0.396418899 0.004143061 0.041599676 -0.000588324 -0.998901665 0.046227649 0.007635855
1783353417809607936.000000 0.396378845 0.004123147 0.041498624 -0.000665535 -0.998985708 0.044456478 0.007122964
1783353417833591040.000000 0.396392912 0.004144697 0.041404016 -0.000626744 -0.999051869 0.042975239 0.006938075
1783353417865565184.000000 0.396378338 0.004101631 0.041299772 -0.000726789 -0.999145985 0.040792514 0.006540248
1783353417893680128.000000 0.396381766 0.004076537 0.041227672 -0.000564215 -0.999199212 0.039484546 0.006447601
1783353417925623040.000000 0.396336287 0.004082537 0.041215785 -0.000376884 -0.999188602 0.039667897 0.006968784
1783353417957602048.000000 0.396283716 0.004111751 0.041158177 -0.000709246 -0.999133527 0.040939756 0.007456353
1783353417981616128.000000 0.396354169 0.004104846 0.041220639 -0.000548919 -0.999097645 0.041724652 0.007920147
1783353418009656064.000000 0.396358460 0.004092957 0.041275918 -0.000339078 -0.999109447 0.041698568 0.006440937
1783353418041644032.000000 0.396380574 0.004133550 0.041354761 0.000391628 0.999118507 -0.041783538 0.004027180
1783353418065793024.000000 0.396422297 0.004081869 0.041384287 0.000442236 0.998958111 -0.042301241 0.017121298
1783353418097643008.000000 0.396431327 0.004100475 0.041381069 0.000202605 0.998370588 -0.042523768 0.038051493
1783353418125664000.000000 0.396497160 0.004082208 0.041417688 0.000122555 0.997572482 -0.042901322 0.054851331
1783353418157660928.000000 0.396551937 0.004027301 0.041523691 0.000084730 0.996047080 -0.043320078 0.077548452
1783353418181794048.000000 0.396612436 0.004017243 0.041500635 0.000079310 0.994550705 -0.043734334 0.094637349
1783353418213656832.000000 0.396646738 0.004013846 0.041524909 0.000011101 0.992149770 -0.044177044 0.116992749
1783353418241682176.000000 0.396707684 0.004011030 0.041499078 -0.000128496 0.990039110 -0.044551209 0.133558422
1783353418273643008.000000 0.396789014 0.004024364 0.041532278 -0.000329127 0.986748993 -0.045256156 0.155814648
1783353418297859072.000000 0.396756083 0.004017824 0.041583911 -0.000139639 0.983879089 -0.046078376 0.172796950
1783353418333675008.000000 0.396814674 0.004008461 0.041661486 -0.000104544 0.979637027 -0.046930991 0.195214689
1783353418357692928.000000 0.396858573 0.004011529 0.041684717 -0.000145709 0.976146758 -0.047577098 0.211834937
1783353418389669888.000000 0.396835834 0.003985806 0.041800559 0.000307263 0.970948756 -0.048800178 0.234258682
1783353418413694976.000000 0.396792620 0.003964075 0.041894674 0.000600490 0.966666400 -0.049876295 0.251133502
1783353418449682944.000000 0.396788061 0.003938681 0.041970581 0.001107839 0.960477173 -0.051599391 0.273532391
1783353418473799936.000000 0.396821171 0.003949413 0.042021275 0.001064135 0.955702901 -0.051984083 0.289704233
1783353418505692928.000000 0.397046506 0.004050273 0.041932970 0.001047585 0.949125588 -0.051421527 0.310669243
1783353418537654016.000000 0.397207290 0.003991459 0.041657448 0.001033350 0.941889703 -0.051176827 0.331999779
1783353418565705984.000000 0.397167623 0.004062489 0.041899860 0.001224638 0.936218083 -0.050466392 0.347774953
1783353418597715968.000000 0.397226959 0.004064171 0.041852474 0.001009854 0.927931726 -0.050194509 0.369353801
1783353418621721088.000000 0.397211850 0.003989903 0.041933328 0.000879803 0.921342909 -0.049818084 0.385544688
1783353418653670144.000000 0.397404283 0.004055010 0.041753262 0.001327066 0.912020326 -0.049773067 0.407111615
1783353418681724928.000000 0.397306472 0.004031608 0.041990638 0.001423342 0.904624164 -0.049768761 0.423292100
1783353418713732864.000000 0.397157371 0.003982799 0.042195946 0.001118226 0.894457042 -0.049311150 0.444425195
1783353418737849856.000000 0.397206932 0.003975693 0.042105675 0.000957067 0.886507511 -0.048836704 0.460128903
1783353418769690112.000000 0.397189677 0.003988525 0.042114258 0.000838355 0.875531495 -0.048048496 0.480765492
1783353418797741056.000000 0.397254109 0.003957922 0.042093903 0.000711332 0.866894007 -0.047683835 0.496206254
1783353418829754112.000000 0.397318780 0.003950806 0.042059094 0.000657277 0.854922712 -0.046967510 0.516624510
1783353418853854976.000000 0.397239089 0.003963506 0.042298436 0.000817514 0.845747530 -0.046283819 0.531571627
1783353418885704960.000000 0.397228867 0.003966814 0.042151153 0.000888310 0.832618475 -0.045501277 0.551974118
1783353418913758976.000000 0.397091031 0.003942819 0.042248279 0.000804882 0.822595656 -0.044877190 0.566852510
1783353418945790976.000000 0.397048026 0.003945833 0.042243600 0.000322477 0.808656394 -0.044442188 0.586600125
1783353418969958912.000000 0.397197962 0.003951879 0.042131126 0.000337173 0.797915101 -0.043971986 0.601163864
1783353419001723136.000000 0.396939039 0.003958961 0.042283237 0.000253937 0.783104539 -0.042777915 0.620417178
1783353419029771008.000000 0.397079051 0.003968641 0.042422563 0.000192916 0.771877527 -0.042083029 0.634377003
1783353419061790976.000000 0.396876931 0.003974760 0.042337298 -0.000308156 0.755559266 -0.041906234 0.653738558
1783353419093780992.000000 0.397273302 0.003877707 0.042805672 -0.000661155 0.740477204 -0.041436065 0.670802772
1783353419117744896.000000 0.397352666 0.003857544 0.042881459 -0.000267151 0.729809344 -0.040117987 0.682472587
1783353419146019840.000000 0.397339791 0.003813082 0.042872339 -0.000827445 0.720105827 -0.039362058 0.692746401
1783353419177789952.000000 0.397341043 0.003831800 0.042945296 -0.000602670 0.709531724 -0.039017472 0.703592300
1783353419209800960.000000 0.397440940 0.003740139 0.042954654 0.000003915 0.702808678 -0.040297706 0.710236669
1783353419233961984.000000 0.397685289 0.003811777 0.043087214 0.000606005 0.702064335 -0.041919023 0.710878491
1783353419269789952.000000 0.398115158 0.003726082 0.042924136 0.000416185 0.705003202 -0.041393768 0.707995057
1783353419293824000.000000 0.398643374 0.003708676 0.042891294 -0.000377332 0.709384024 -0.040394850 0.703663707
1783353419325817088.000000 0.399562061 0.003655517 0.042593956 -0.000562471 0.714042842 -0.038327169 0.699051917
1783353419361787136.000000 0.400505424 0.003599439 0.042386532 -0.000655006 0.716587424 -0.038442384 0.696436882
1783353419385807104.000000 0.401592612 0.003693033 0.042681783 -0.000377711 0.718411505 -0.038099203 0.694574177
1783353419409948160.000000 0.402358860 0.003754128 0.042821884 -0.000397460 0.718996942 -0.037855227 0.693981409
1783353419441833984.000000 0.403316528 0.003750885 0.042841047 -0.001060993 0.718548000 -0.037302349 0.694475532
1783353419477807104.000000 0.404385090 0.003745653 0.042773426 -0.001649419 0.717120886 -0.036924303 0.695968091
1783353419501826048.000000 0.405211210 0.003707718 0.042797595 -0.001631470 0.716360152 -0.036765486 0.696759522
1783353419526072064.000000 0.406039625 0.003754865 0.042725921 -0.001772460 0.715445936 -0.036177386 0.697728634
1783353419557851136.000000 0.406805694 0.003583344 0.042831421 -0.003167498 0.714527428 -0.035670757 0.698690295
1783353419593854976.000000 0.407806456 0.003650889 0.042904556 -0.003131822 0.713869870 -0.036153179 0.699337602
1783353419617856000.000000 0.408260465 0.003549730 0.042974204 -0.003602613 0.713887751 -0.036307652 0.699309051
1783353419649876224.000000 0.409482598 0.003676880 0.042953432 -0.003097062 0.713719964 -0.036585767 0.699468136
1783353419681818880.000000 0.410336286 0.003635010 0.042939574 -0.002965358 0.713440239 -0.037284020 0.699717224
1783353419709899008.000000 0.410852522 0.003426716 0.043532073 -0.003198626 0.714260697 -0.037437677 0.698870420
1783353419741871104.000000 0.411577404 0.003246570 0.043825030 -0.002667139 0.714306295 -0.037534844 0.698820949
1783353419773876992.000000 0.412790477 0.003337288 0.043315142 -0.001486949 0.713247538 -0.039009258 0.699824274
1783353419797837056.000000 0.413245410 0.003271203 0.043421865 -0.000934253 0.713495851 -0.039661348 0.699535429
1783353419826076928.000000 0.413953334 0.003242793 0.043715447 -0.000566246 0.714491487 -0.040711086 0.698458433
1783353419857889024.000000 0.414887220 0.003266744 0.043586254 -0.000411859 0.714922249 -0.041004851 0.698000550
1783353419889893120.000000 0.415782213 0.003212178 0.043855339 -0.000761615 0.715985954 -0.040610529 0.696932137
1783353419914007808.000000 0.416484237 0.003190657 0.043816000 -0.000760017 0.716091096 -0.040743716 0.696816385
1783353419949856000.000000 0.417324603 0.003187530 0.044167608 -0.000522211 0.715913355 -0.040833242 0.696993947
1783353419973912064.000000 0.417782813 0.003191633 0.044416696 -0.000695754 0.715651453 -0.041212298 0.697240353
1783353420005908992.000000 0.418831617 0.003177455 0.044219375 -0.000254249 0.714323103 -0.041060720 0.698610365
1783353420030052864.000000 0.419698298 0.003089955 0.043847054 0.000152569 0.713079929 -0.041475341 0.699854910
1783353420065899008.000000 0.420742720 0.003157465 0.043727100 0.000477430 0.713195860 -0.041655093 0.699725866
1783353420089939968.000000 0.421245724 0.003174827 0.043974757 0.000535690 0.714467585 -0.041423272 0.698441148
1783353420121931008.000000 0.422038108 0.003134659 0.044322968 0.000695337 0.716020763 -0.041874126 0.696821749
1783353420153879040.000000 0.422941387 0.003133312 0.044737488 0.000385905 0.717676520 -0.042224005 0.695095241
1783353420181917952.000000 0.423574209 0.003136918 0.044857711 0.000382611 0.718294144 -0.042389717 0.694446921
1783353420213929984.000000 0.424645215 0.003090665 0.044964999 0.000129037 0.718759894 -0.042017262 0.693987548
1783353420237960960.000000 0.425692797 0.003084727 0.044019759 0.000662515 0.717010975 -0.041358449 0.695833564
1783353420269905152.000000 0.426730543 0.002967736 0.043955982 0.000835880 0.716455400 -0.041615985 0.696390092
1783353420297942016.000000 0.427649230 0.002936833 0.043609619 0.000902746 0.715801477 -0.040676925 0.697117567
1783353420329950976.000000 0.428746134 0.002980467 0.043720990 0.001069789 0.715740621 -0.041315660 0.697142303
1783353420361948928.000000 0.429529399 0.002914647 0.043888986 0.000649151 0.715933979 -0.041037224 0.696960628
1783353420385932800.000000 0.430198044 0.002887573 0.044089466 0.000651329 0.716164351 -0.041043978 0.696723461
1783353420414215936.000000 0.430570781 0.002874352 0.044286370 -0.003110233 0.712190926 -0.037488211 0.700977206
1783353420445938176.000000 0.431238383 0.002855405 0.044205785 -0.006415043 0.704336286 -0.032865688 0.709076345
1783353420477953024.000000 0.431851387 0.002830157 0.044481963 -0.008907872 0.696165085 -0.031641494 0.717128754
1783353420505983232.000000 0.432103217 0.002833627 0.044565469 -0.009174816 0.690127015 -0.031992830 0.722922623
1783353420537975040.000000 0.432300478 0.002814922 0.044683248 -0.006717302 0.682300329 -0.032780509 0.730305851
1783353420562153216.000000 0.432466358 0.002798807 0.044761926 -0.004359635 0.676426232 -0.034528948 0.735687673
1783353420593946880.000000 0.432654172 0.002819598 0.044880480 -0.001141413 0.669032097 -0.037395123 0.742291331
1783353420622016000.000000 0.433071047 0.002951087 0.044497252 0.001318043 0.663589597 -0.039023839 0.747077227
1783353420653991936.000000 0.433009475 0.002929699 0.044435978 0.001717078 0.664855897 -0.039255988 0.745937526
1783353420685990144.000000 0.433069736 0.002948515 0.044493616 0.001553492 0.663793683 -0.039747767 0.746857166
1783353420710117120.000000 0.433071256 0.002965417 0.044497102 0.001307195 0.663438201 -0.038870126 0.747219682
1783353420745958144.000000 0.433062047 0.002952147 0.044487953 0.001324139 0.663528264 -0.038726114 0.747147143
1783353420770266112.000000 0.433075607 0.002943220 0.044497848 0.001487905 0.663395882 -0.038955234 0.747252464
1783353420802020096.000000 0.433095068 0.002963616 0.044505894 0.001494903 0.663485885 -0.039135262 0.747163117
1783353420833966848.000000 0.433057815 0.002935061 0.044478685 0.001420450 0.663497686 -0.039122351 0.747153521
1783353420861980928.000000 0.433070809 0.002867825 0.044499040 0.001154116 0.663424551 -0.038675785 0.747242093
1783353420894013952.000000 0.433072120 0.002751997 0.044500023 0.000708318 0.663482368 -0.038177162 0.747216940
1783353420918195968.000000 0.432971656 0.002624245 0.044470668 0.000387882 0.663544714 -0.037939947 0.747173905
1783353420949999104.000000 0.432996094 0.002914311 0.044454664 0.001213292 0.663560569 -0.038548313 0.747127771
1783353420978238208.000000 0.433073878 0.002923921 0.044475108 0.001172773 0.663486063 -0.038766116 0.747182786
1783353421010041088.000000 0.433048666 0.002946710 0.044482112 0.001175338 0.663335860 -0.038831778 0.747312725
1783353421042052864.000000 0.433021069 0.002945255 0.044479460 0.001056163 0.663313925 -0.038773850 0.747335315
1783353421078075904.000000 0.433012813 0.002952131 0.044474721 0.000989013 0.663228691 -0.038821608 0.747408569
1783353421102048000.000000 0.432993591 0.002935113 0.044469625 0.001067704 0.663289130 -0.038864035 0.747352660
1783353421134043904.000000 0.433002770 0.002952594 0.044470429 0.001106807 0.663254201 -0.038880266 0.747382760
1783353421158243840.000000 0.432980567 0.002931572 0.044470310 0.000949865 0.663204849 -0.038762689 0.747432888
1783353421194075136.000000 0.433040082 0.002944786 0.044484049 0.001025818 0.663287640 -0.038840294 0.747355282
1783353421218077952.000000 0.432968378 0.002942881 0.044459462 0.000971180 0.663224995 -0.038876247 0.747409105
1783353421250072832.000000 0.432982892 0.002944656 0.044465512 0.001054535 0.663224697 -0.038714528 0.747417629
1783353421282028800.000000 0.432971597 0.002943223 0.044461071 0.001041639 0.663235962 -0.038819734 0.747402191
1783353421310085120.000000 0.432993442 0.002943264 0.044468045 0.001080095 0.663246572 -0.038742963 0.747396767
1783353421342087936.000000 0.432978570 0.002942352 0.044463724 0.001003029 0.663258255 -0.038769379 0.747385085
1783353421366297856.000000 0.432970405 0.002943937 0.044462234 0.001072704 0.663252473 -0.038762171 0.747390509
1783353421398050048.000000 0.433004707 0.002985388 0.044470698 0.001038906 0.663241982 -0.038930345 0.747391105
1783353421426188032.000000 0.433010072 0.002951873 0.044444829 0.001052822 0.663145483 -0.038745876 0.747486293
