1783354460739737088.000000 0.001321577 0.002177573 0.043572720 0.001044024 0.048618443 -0.002774102 0.998813033
1783354460867742976.000000 0.005955281 0.004000682 0.069604792 0.000927797 0.085056715 -0.003862056 0.996368229
1783354460891756032.000000 0.005021512 0.004543349 0.079672530 0.001584953 0.094531111 -0.004561253 0.995510221
1783354460923748096.000000 0.007150592 0.004391769 0.084870219 0.002404276 0.105689220 -0.006321642 0.994376242
1783354460947758848.000000 0.008363373 0.004953427 0.090183884 0.003611350 0.115185753 -0.007901951 0.993305981
1783354460983768832.000000 0.009949074 0.005307689 0.097369708 0.002164121 0.128138855 -0.009029546 0.991712809
1783354461007795968.000000 0.011392374 0.005763358 0.102662720 0.000674851 0.137636006 -0.009408709 0.990437984
1783354461039772160.000000 0.013617629 0.006291681 0.110125341 -0.001141678 0.149797857 -0.009221281 0.988673031
1783354461071720960.000000 0.015713101 0.006809039 0.117007762 -0.003790123 0.162811518 -0.009377087 0.986605346
1783354461099780096.000000 0.017473646 0.007232969 0.122465245 -0.005155315 0.172860876 -0.009487541 0.984887064
1783354461124022016.000000 0.019419115 0.007602231 0.127611354 -0.006296562 0.183447197 -0.009914766 0.982959390
1783354461155808000.000000 0.022281514 0.008188569 0.134836480 -0.007653404 0.198656455 -0.010679442 0.979981124
1783354461187738880.000000 0.024855211 0.008488606 0.141175434 -0.009401101 0.215692386 -0.011505323 0.976348341
1783354461215811072.000000 0.027050499 0.008815926 0.146267965 -0.010356283 0.229253113 -0.012128029 0.973236203
1783354461247805184.000000 0.030785112 0.009416701 0.153084308 -0.011238042 0.247649580 -0.012200544 0.968707681
1783354461271954944.000000 0.033494715 0.009682585 0.157973632 -0.012022973 0.261963338 -0.012388824 0.964923441
1783354461303753984.000000 0.037202932 0.010158567 0.164209351 -0.013145398 0.281567723 -0.012449563 0.959370553
1783354461331845888.000000 0.040337652 0.010470865 0.168928042 -0.014302635 0.296456486 -0.012759043 0.954854071
1783354461363825920.000000 0.044302050 0.010872412 0.174854204 -0.016191715 0.317313910 -0.013461498 0.948086798
1783354461395800064.000000 0.048778642 0.011295466 0.180585206 -0.017173484 0.338330537 -0.013964744 0.940766990
1783354461419790080.000000 0.052011479 0.011584915 0.184707314 -0.016958909 0.354670316 -0.015389577 0.934710979
1783354461448061952.000000 0.055031754 0.011477953 0.187948123 -0.016621394 0.371022105 -0.016529979 0.928328156
1783354461479847936.000000 0.059809625 0.011872403 0.193128005 -0.015097733 0.393893749 -0.017577738 0.918863833
1783354461511814144.000000 0.065140784 0.012239278 0.197885901 -0.014126499 0.417652845 -0.018163852 0.908315301
1783354461535937024.000000 0.070026815 0.012471452 0.200602472 -0.013816590 0.435167760 -0.019349525 0.900035441
1783354461571842816.000000 0.074820794 0.012993483 0.204718828 -0.012979038 0.460646510 -0.020682657 0.887247801
1783354461596153088.000000 0.080529310 0.013164369 0.206854433 -0.012263237 0.478775144 -0.021611391 0.877585888
1783354461627835904.000000 0.084275037 0.013273918 0.211232215 -0.011358839 0.506488621 -0.022995902 0.861865163
1783354461659815936.000000 0.088810138 0.014002492 0.215153277 -0.009278516 0.534310162 -0.023784127 0.844902933
1783354461687866880.000000 0.092646591 0.013964279 0.217771426 -0.008330268 0.555303931 -0.025243582 0.831222594
1783354461712076800.000000 0.096584156 0.015166176 0.222067475 -0.005728896 0.577023268 -0.027137194 0.816256762
1783354461743849984.000000 0.101213224 0.014828470 0.223795533 -0.003532368 0.603244483 -0.030451158 0.796966970
1783354461775824128.000000 0.106421217 0.015261941 0.227072746 0.000276641 0.629947901 -0.034138978 0.775886714
1783354461803870976.000000 0.113549665 0.014300197 0.226119012 -0.001206426 0.646890700 -0.035775110 0.761742234
1783354461827895040.000000 0.116889454 0.013725213 0.226986140 -0.002173475 0.665532410 -0.034296371 0.745577455
1783354461859865856.000000 0.123781085 0.013420828 0.228109598 -0.003728973 0.689318240 -0.033874929 0.723656654
1783354461895884032.000000 0.128932670 0.013044617 0.228888914 -0.003404926 0.710308254 -0.034555301 0.703033805
1783354461919892992.000000 0.135661080 0.013340291 0.228620395 -0.003031812 0.723465800 -0.035488911 0.689440787
1783354461944116224.000000 0.139434382 0.012928615 0.228115812 -0.005674408 0.734651923 -0.033715725 0.677582204
1783354461975888896.000000 0.146105394 0.012748956 0.228124633 -0.012798292 0.745385706 -0.027532019 0.665941715
1783354461999862016.000000 0.149072826 0.012476777 0.228886098 -0.017215732 0.752012670 -0.026925566 0.658373535
1783354462035904000.000000 0.155411586 0.011794198 0.227327317 -0.014359535 0.757602274 -0.026862120 0.652005434
1783354462059931904.000000 0.158757657 0.011653717 0.226961300 -0.014642921 0.762787998 -0.024979435 0.646000028
1783354462091907072.000000 0.162692189 0.011225173 0.226539925 -0.015352452 0.769011378 -0.025815228 0.638529062
1783354462127922944.000000 0.164708138 0.010361629 0.226708815 -0.016547740 0.775229871 -0.025341015 0.630953729
1783354462151934976.000000 0.167865053 0.010769060 0.226089209 -0.015473694 0.778587341 -0.025892928 0.626810968
1783354462176048896.000000 0.169070125 0.010500063 0.226037860 -0.015724162 0.781979382 -0.026694534 0.622533977
1783354462207912960.000000 0.171057910 0.010372481 0.225761101 -0.015646663 0.784105599 -0.026234087 0.619875371
1783354462243945984.000000 0.171845719 0.010200635 0.225887403 -0.014899588 0.784170032 -0.027953256 0.619737089
1783354462267952896.000000 0.172913060 0.010186160 0.225526169 -0.013794968 0.783014119 -0.028504184 0.621197402
1783354462299931904.000000 0.174022496 0.010060822 0.225426331 -0.013267187 0.781611681 -0.028686387 0.622964144
1783354462324134144.000000 0.174680427 0.009922709 0.225510255 -0.013805711 0.780671358 -0.028488100 0.624139547
1783354462359950080.000000 0.175758168 0.010064641 0.225417122 -0.013839658 0.779664338 -0.028587239 0.625391781
1783354462383976960.000000 0.176281065 0.009930058 0.225240529 -0.014638290 0.779120326 -0.027109582 0.626116931
1783354462415954176.000000 0.177106619 0.009723530 0.224976212 -0.015404554 0.779291809 -0.026595358 0.625907123
1783354462447921920.000000 0.177474871 0.009642554 0.224744499 -0.014788640 0.779727995 -0.027349966 0.625346005
1783354462475974912.000000 0.177681446 0.009573747 0.224652737 -0.014963737 0.779469252 -0.026830126 0.625686824
1783354462508003072.000000 0.178211391 0.009436595 0.224455148 -0.014628501 0.779777706 -0.027624726 0.625275731
1783354462539971072.000000 0.178789631 0.009275086 0.224203691 -0.013461440 0.780315459 -0.029168965 0.624560475
1783354462563950080.000000 0.179232553 0.009180070 0.224032521 -0.012679356 0.780503809 -0.030206125 0.624292195
1783354462592248832.000000 0.179697692 0.009130180 0.223874062 -0.012229023 0.780403614 -0.030671220 0.624403656
1783354462624020224.000000 0.180308700 0.008920602 0.223636359 -0.011779829 0.780543804 -0.031927936 0.624174178
1783354462655987968.000000 0.181541786 0.009814085 0.223856553 -0.009603894 0.781827152 -0.034037083 0.622491539
1783354462680169216.000000 0.181896135 0.009731865 0.223750859 -0.009240041 0.782520890 -0.034464281 0.621601105
1783354462716002816.000000 0.182244793 0.009614195 0.223646730 -0.009645414 0.783293188 -0.034393381 0.620625496
1783354462740178176.000000 0.182496265 0.009612508 0.223483399 -0.008999207 0.784187675 -0.035290428 0.619454145
1783354462772006144.000000 0.184204742 0.010382090 0.223437265 -0.007009995 0.785639882 -0.037327796 0.617517233
1783354462804011008.000000 0.184496552 0.010300292 0.223372102 -0.007474556 0.786661565 -0.037028708 0.616227746
1783354462832027904.000000 0.184632838 0.010248125 0.223336220 -0.010500467 0.787120223 -0.033490244 0.615800321
1783354462864007936.000000 0.184979141 0.010451751 0.223188803 -0.014112845 0.787611961 -0.028492823 0.615350723
1783354462888192000.000000 0.185052142 0.010418073 0.223186061 -0.015207513 0.787931442 -0.027440136 0.614963353
1783354462924038912.000000 0.185103789 0.010422935 0.223177895 -0.014228361 0.788041055 -0.028319610 0.614806414
1783354462948227840.000000 0.185139447 0.010417070 0.223131701 -0.014168154 0.787624598 -0.028265255 0.615343750
1783354462980029184.000000 0.185078159 0.010422034 0.223159641 -0.014298111 0.787334383 -0.028260743 0.615712225
1783354463012002048.000000 0.185084850 0.010431375 0.223170310 -0.014369672 0.787141979 -0.028326550 0.615953445
1783354463040066048.000000 0.185106561 0.010418643 0.223141506 -0.014167313 0.786948025 -0.028161036 0.616213560
1783354463072105984.000000 0.185020417 0.010447036 0.223172694 -0.014066125 0.786875308 -0.028372329 0.616299093
1783354463096237056.000000 0.185069054 0.010435927 0.223171189 -0.014179152 0.787256122 -0.028446069 0.615806520
1783354463128020992.000000 0.184858277 0.010358555 0.223368540 -0.014839679 0.791530967 -0.028127231 0.610301137
1783354463156180992.000000 0.184875101 0.010350282 0.223353222 -0.013280009 0.797720194 -0.030419480 0.602113664
1783354463188088064.000000 0.184797689 0.010376012 0.223394886 -0.010862017 0.809289634 -0.033124585 0.586374581
1783354463220065024.000000 0.184560210 0.010264099 0.223376825 -0.009414765 0.821869850 -0.036805108 0.568407178
1783354463252048128.000000 0.184568629 0.010260484 0.223339915 -0.005740241 0.829759479 -0.043023132 0.556430876
1783354463280097024.000000 0.184594661 0.010265077 0.223346114 -0.006436517 0.832807124 -0.043301482 0.551829636
1783354463312098048.000000 0.184587359 0.010239734 0.223328680 -0.007297542 0.833131373 -0.040138524 0.551568568
1783354463336335872.000000 0.184700221 0.010215530 0.223292857 -0.006734110 0.830980420 -0.041629344 0.554701090
1783354463368068096.000000 0.184802786 0.010227120 0.223291084 -0.007007370 0.826411724 -0.042557877 0.561412096
1783354463396388096.000000 0.185819954 0.009860217 0.223048449 -0.007351520 0.822049201 -0.041579124 0.567848861
1783354463428119808.000000 0.187350661 0.009356674 0.222690642 -0.007788877 0.815348089 -0.041074831 0.577459812
1783354463460093952.000000 0.188280180 0.009070538 0.222470000 -0.007958353 0.808949530 -0.039317187 0.586507976
1783354463484366848.000000 0.189273924 0.008750092 0.222238168 -0.008524741 0.804817259 -0.039088208 0.592172921
1783354463520119040.000000 0.190674081 0.008304650 0.221906334 -0.009104774 0.800307810 -0.039461643 0.598220170
1783354463544153856.000000 0.192436561 0.010193483 0.220564529 -0.006834932 0.797584236 -0.040175937 0.601829350
1783354463576122880.000000 0.193243176 0.009936806 0.220372543 -0.006824307 0.796470046 -0.039956633 0.603317916
1783354463612134912.000000 0.194990098 0.011868330 0.219899386 -0.004984921 0.796780765 -0.041095734 0.602848887
1783354463636147968.000000 0.195678771 0.011572622 0.219305918 -0.005212532 0.797035277 -0.041320499 0.602495134
1783354463668133120.000000 0.197128505 0.011847405 0.218936160 -0.004979462 0.798211634 -0.041545384 0.600922167
1783354463692161024.000000 0.197747752 0.010419690 0.218887657 -0.006421384 0.798881471 -0.041146506 0.600045204
1783354463728150016.000000 0.198723137 0.010528658 0.218367487 -0.006028557 0.799264491 -0.041636776 0.599505186
1783354463752166144.000000 0.199533850 0.010548463 0.217944339 -0.005827264 0.799529552 -0.041535929 0.599160552
1783354463784148992.000000 0.200578153 0.010599896 0.217448205 -0.005600269 0.799770236 -0.041536242 0.598841429
1783354463816112896.000000 0.201802105 0.010737432 0.216982663 -0.005562185 0.799880385 -0.041420531 0.598702550
1783354463844169984.000000 0.203117758 0.010448236 0.217566863 -0.006007864 0.800534427 -0.041436229 0.597822487
1783354463876179968.000000 0.204529688 0.010374363 0.217311561 -0.006140190 0.800741613 -0.041482963 0.597540319
1783354463900227072.000000 0.205408528 0.010353415 0.217110083 -0.006269096 0.801099598 -0.041370656 0.597066700
1783354463932137984.000000 0.206690237 0.010262551 0.216916099 -0.006523471 0.801800549 -0.041215230 0.596133173
1783354463960200192.000000 0.207916990 0.010131938 0.216906056 -0.006756058 0.802306235 -0.041198835 0.595450997
1783354463992204800.000000 0.209247991 0.010028817 0.216645196 -0.006899946 0.802614391 -0.041001722 0.595047534
1783354464024178944.000000 0.210422784 0.009946428 0.216445625 -0.006953216 0.802760780 -0.041124396 0.594840884
1783354464048172032.000000 0.211354420 0.009867415 0.216261104 -0.007146828 0.802926719 -0.041020855 0.594621658
1783354464076440064.000000 0.212194636 0.009856193 0.216082007 -0.007098430 0.803232372 -0.040805724 0.594224155
1783354464108224000.000000 0.213372707 0.010178110 0.215252727 -0.006841555 0.803179681 -0.041040767 0.594282150
1783354464140198912.000000 0.214500532 0.010057636 0.215022489 -0.006976224 0.803403437 -0.041232485 0.593964815
1783354464164350976.000000 0.215481520 0.010036832 0.214806780 -0.006954451 0.803626180 -0.041264921 0.593661368
1783354464200217088.000000 0.216725886 0.009939387 0.214544103 -0.007350170 0.804014862 -0.040527679 0.593180954
1783354464224507136.000000 0.217532635 0.010159972 0.214000240 -0.007165570 0.804024339 -0.040551119 0.593168795
1783354464256274944.000000 0.218787655 0.010046571 0.213792771 -0.007388989 0.804447591 -0.040544771 0.592592299
1783354464288227072.000000 0.220116004 0.009985905 0.213548809 -0.007636853 0.804763079 -0.040693548 0.592150509
1783354464316237056.000000 0.220697105 0.010260304 0.213146701 -0.009983284 0.801117361 -0.037206277 0.597266436
1783354464348210944.000000 0.221245050 0.010102964 0.213064283 -0.012958158 0.795746326 -0.033135094 0.604584157
1783354464380215040.000000 0.221976027 0.010205536 0.212925747 -0.014852926 0.790024638 -0.030792339 0.612121165
1783354464404257024.000000 0.223688632 0.010250840 0.212355062 -0.015348507 0.789440870 -0.028146528 0.612988830
1783354464432418048.000000 0.223530009 0.010302600 0.212478653 -0.014765341 0.788939238 -0.029096691 0.613604367
1783354464464238848.000000 0.223503068 0.010296174 0.212473869 -0.013907420 0.788950622 -0.032840002 0.613420904
1783354464496217856.000000 0.223283708 0.010316085 0.212462649 -0.011945302 0.788879871 -0.035725314 0.613391936
1783354464524269056.000000 0.223137766 0.010333365 0.212539658 -0.010145194 0.788866162 -0.037219174 0.613353133
1783354464548537856.000000 0.222976476 0.010354801 0.212464899 -0.008533372 0.788583398 -0.038933571 0.613634825
1783354464580260096.000000 0.222869456 0.010296601 0.212606341 -0.007473089 0.788796902 -0.041325033 0.613217711
1783354464612230144.000000 0.222903728 0.010291282 0.212583363 -0.007759780 0.788760662 -0.040620994 0.613307714
1783354464640289024.000000 0.222973704 0.010302981 0.212577581 -0.008061882 0.788895786 -0.039890874 0.613177896
1783354464672299008.000000 0.222959772 0.010317513 0.212541997 -0.008093116 0.788841069 -0.039778162 0.613255322
1783354464696295936.000000 0.222945660 0.010266540 0.212695584 -0.007993300 0.788925171 -0.040332057 0.613112211
1783354464728250880.000000 0.222938955 0.010292457 0.212725356 -0.007667645 0.789234221 -0.040824920 0.612685859
1783354464756315904.000000 0.222855061 0.010309611 0.212717488 -0.007855273 0.789336622 -0.040508572 0.612572610
1783354464788328960.000000 0.222843230 0.010267843 0.212687388 -0.008192010 0.789620757 -0.040200755 0.612222016
1783354464820290048.000000 0.221331030 0.009987950 0.213213608 -0.008412992 0.790257156 -0.040006403 0.611410081
1783354464852297984.000000 0.221269563 0.010115287 0.213253871 -0.008156518 0.790736437 -0.040321257 0.610773027
1783354464880327936.000000 0.222799033 0.010315701 0.212746575 -0.007843848 0.790769339 -0.040543858 0.610719740
1783354464912327936.000000 0.221190766 0.010260607 0.213188022 -0.007910589 0.791414917 -0.040505324 0.609884620
1783354464936323840.000000 0.221180499 0.010166738 0.213227645 -0.008388081 0.793579280 -0.039592389 0.607119501
1783354464968318976.000000 0.220841199 0.010074649 0.213174403 -0.008489802 0.796361029 -0.039862636 0.603446901
1783354464996346880.000000 0.220652133 0.010082652 0.213341355 -0.008211901 0.799114764 -0.040830914 0.599734068
1783354465028350208.000000 0.220298633 0.010314535 0.213243797 -0.007706346 0.803199172 -0.041713275 0.594198465
1783354465060337920.000000 0.220056340 0.010018416 0.213542297 -0.008006318 0.807106137 -0.041512478 0.588890791
1783354465084350976.000000 0.219981655 0.010059427 0.213688746 -0.008003176 0.809584916 -0.041606732 0.585471809
1783354465112613888.000000 0.219724879 0.010006290 0.213641524 -0.008007698 0.811729670 -0.041608732 0.582494378
1783354465144371968.000000 0.219548613 0.010020344 0.213768721 -0.008128324 0.814900517 -0.041752521 0.578037858
1783354465176356096.000000 0.219248325 0.009900009 0.213958025 -0.008291458 0.818545043 -0.041899245 0.572852373
1783354465212363008.000000 0.218712226 0.009856343 0.213826716 -0.008183316 0.822111487 -0.041959919 0.567719281
1783354465236372992.000000 0.218724743 0.009840189 0.214004517 -0.008050877 0.824618518 -0.042437382 0.564037740
1783354465260539136.000000 0.218553975 0.009901210 0.214129880 -0.007947817 0.826397121 -0.042725664 0.561408281
1783354465292374016.000000 0.218501523 0.009930328 0.214023471 -0.008024747 0.827701926 -0.042451371 0.559502542
1783354465328380160.000000 0.218521863 0.009992341 0.214282528 -0.008030230 0.828858137 -0.042488262 0.557785451
1783354465352425984.000000 0.218425348 0.009863110 0.214272484 -0.008123254 0.829355776 -0.042620823 0.557033718
1783354465384375040.000000 0.218215093 0.009856475 0.214362264 -0.009984367 0.830562949 -0.040106568 0.555388927
1783354465408577024.000000 0.218075737 0.009842233 0.214322358 -0.014068560 0.832240880 -0.033879556 0.553199291
1783354465444395008.000000 0.217171341 0.010009287 0.214475036 -0.015148272 0.834548831 -0.029178796 0.549952209
1783354465468441088.000000 0.217750520 0.010075105 0.214124516 -0.014703283 0.836153984 -0.032073103 0.547358930
1783354465500406016.000000 0.216947690 0.010181170 0.214303792 -0.015088790 0.837379038 -0.031240506 0.545520544
1783354465532363776.000000 0.215648174 0.009940586 0.214843273 -0.014873012 0.838017702 -0.031168135 0.544549227
1783354465560431104.000000 0.214831010 0.009859301 0.215610355 -0.015325801 0.838136017 -0.030859938 0.544372022
1783354465592431104.000000 0.213604525 0.009984256 0.215879858 -0.015088251 0.837480307 -0.031111160 0.545372486
1783354465616427008.000000 0.212824911 0.009966274 0.216331318 -0.014868891 0.836828053 -0.031544439 0.546354115
1783354465648386048.000000 0.211679950 0.009893409 0.216733858 -0.014855451 0.835979104 -0.031074647 0.547679424
1783354465676450048.000000 0.210875422 0.009991914 0.217021853 -0.014889984 0.835454822 -0.030691678 0.548499465
1783354465708452864.000000 0.209581584 0.009967546 0.217460096 -0.014931621 0.834688544 -0.030518038 0.549673259
1783354465740428032.000000 0.208587080 0.010035336 0.218006656 -0.015463416 0.834206939 -0.029922944 0.550422072
1783354465764416000.000000 0.207816735 0.009944010 0.218387097 -0.015181496 0.833875060 -0.029924396 0.550932348
1783354465792619008.000000 0.207041502 0.009959581 0.218680426 -0.014600577 0.833501637 -0.030594157 0.551476061
1783354465824486912.000000 0.205976009 0.009915011 0.218961477 -0.013226451 0.832898378 -0.032782979 0.552295804
1783354465856445952.000000 0.204455629 0.010267880 0.219537929 -0.010158630 0.832107186 -0.036802892 0.553299189
1783354465888456960.000000 0.203781590 0.010257423 0.219805360 -0.006852975 0.831318855 -0.041589942 0.554195225
1783354465916472064.000000 0.203146830 0.010199529 0.220169604 -0.005519387 0.830837846 -0.044568658 0.554699659
1783354465940690944.000000 0.202566728 0.009983783 0.220395580 -0.005907011 0.829958379 -0.044291280 0.556032896
1783354465972475904.000000 0.202024624 0.010119605 0.220529929 -0.006152315 0.828548551 -0.042588551 0.558261335
1783354466004477952.000000 0.201062545 0.010094265 0.220820934 -0.006292030 0.827266812 -0.041369852 0.560248613
1783354466032541952.000000 0.200674906 0.010185217 0.220988780 -0.006740370 0.826727808 -0.041104641 0.561058044
1783354466064472832.000000 0.200799391 0.010264842 0.221271440 -0.005366415 0.826676488 -0.044559006 0.560884833
1783354466088702976.000000 0.200683549 0.010075364 0.221215248 -0.005675768 0.827659965 -0.045116227 0.559384823
1783354466124504064.000000 0.200569436 0.010119638 0.220897362 -0.006444508 0.828529000 -0.041923441 0.558337390
1783354466148524032.000000 0.201124102 0.010291565 0.220739201 -0.007324993 0.829205990 -0.039229173 0.557516754
1783354466180497920.000000 0.201402366 0.010272938 0.220832318 -0.009883204 0.829847515 -0.036301728 0.556720495
1783354466212461824.000000 0.201570079 0.010247455 0.220777512 -0.012382905 0.830154479 -0.033297356 0.556400478
1783354466240529920.000000 0.201801449 0.010184033 0.220643446 -0.013801600 0.830168068 -0.030493561 0.556507528
1783354466272524032.000000 0.201959401 0.010247648 0.220755398 -0.015873311 0.830195367 -0.028404189 0.556522131
1783354466304510208.000000 0.202096760 0.010296970 0.220650613 -0.016027881 0.830703437 -0.028677005 0.555745125
1783354466328502016.000000 0.201985747 0.010137783 0.220628709 -0.015225399 0.831007957 -0.028923428 0.555299520
1783354466356806144.000000 0.201825872 0.010174646 0.220638469 -0.014348730 0.831099570 -0.029478136 0.555156410
1783354466388561920.000000 0.201706007 0.010186030 0.220703661 -0.014069605 0.830938101 -0.030129872 0.555370390
1783354466420520192.000000 0.201851487 0.010236956 0.220551282 -0.012567434 0.828249514 -0.032599874 0.559269309
1783354466444525056.000000 0.201993853 0.010386811 0.219797805 -0.011909571 0.822491288 -0.033215258 0.567682207
1783354466480551936.000000 0.202474430 0.010412934 0.220743865 -0.012405055 0.812790692 -0.032108814 0.581538022
1783354466504802816.000000 0.202322796 0.010341393 0.220911086 -0.012442947 0.803327024 -0.032086305 0.594543040
1783354466536581888.000000 0.202452064 0.010394425 0.220813528 -0.012214031 0.790185332 -0.032083537 0.611905694
1783354466568546048.000000 0.202778801 0.010421092 0.220509395 -0.011942840 0.776360631 -0.031817347 0.629372120
1783354466596569088.000000 0.202611446 0.010399384 0.220783621 -0.011781749 0.765940070 -0.031338692 0.642039597
1783354466620598016.000000 0.202429473 0.010409322 0.220773295 -0.011877970 0.754823327 -0.031217659 0.655077219
1783354466652578048.000000 0.202140763 0.010477352 0.220873147 -0.011541542 0.740067244 -0.031139474 0.671712458
1783354466684580096.000000 0.202364460 0.010413829 0.220807642 -0.011075476 0.724802017 -0.030781407 0.688180208
1783354466712587008.000000 0.202429608 0.010410125 0.220785186 -0.010522751 0.712997377 -0.030679351 0.700416267
1783354466744602880.000000 0.202393278 0.010403283 0.220779940 -0.009894880 0.696606100 -0.030403407 0.716741025
1783354466768739072.000000 0.202417895 0.010399289 0.220790267 -0.009525806 0.684041262 -0.030081747 0.728760540
1783354466800596992.000000 0.202425003 0.010391420 0.220771641 -0.008551203 0.667186737 -0.030180885 0.744229794
1783354466828640000.000000 0.202416331 0.010389790 0.220794395 -0.007377180 0.654272377 -0.030217418 0.755619049
1783354466860624128.000000 0.202385217 0.010401638 0.220809534 -0.006144810 0.636577427 -0.030553490 0.770582914
1783354466892610048.000000 0.202387750 0.010392113 0.220800668 -0.005295622 0.618685246 -0.030044425 0.785046458
1783354466916624896.000000 0.202332169 0.010400739 0.220821396 -0.005555072 0.605455160 -0.029275950 0.795321465
1783354466944812032.000000 0.202075154 0.010343743 0.220809668 -0.005324218 0.592035711 -0.028093040 0.805404425
1783354466976617216.000000 0.202373579 0.010382664 0.220790356 -0.005470981 0.573797345 -0.027024040 0.818533182
1783354467008611072.000000 0.202382609 0.010504710 0.220999911 -0.005749832 0.555406034 -0.025970981 0.831153810
1783354467044642048.000000 0.201968998 0.010399908 0.221205026 -0.005926711 0.536571264 -0.025069337 0.843461812
1783354467068656896.000000 0.203010306 0.011166809 0.221209675 -0.004871971 0.521304071 -0.025166472 0.852985978
1783354467100628992.000000 0.202926338 0.011325220 0.221405715 -0.004347153 0.501773059 -0.024133608 0.864651740
1783354467124798976.000000 0.203049168 0.011326864 0.221580818 -0.004173339 0.486801267 -0.023474582 0.873187363
1783354467160659968.000000 0.203002661 0.011255909 0.220990479 -0.004315308 0.465596735 -0.022387629 0.884703338
1783354467184859136.000000 0.202864081 0.011115827 0.220782563 -0.004416457 0.449961066 -0.021297395 0.892783284
1783354467216772096.000000 0.202860445 0.011109444 0.221218646 -0.004106328 0.429928362 -0.020678114 0.902616918
1783354467248620032.000000 0.203084901 0.011294170 0.221367866 -0.003876840 0.409320235 -0.019466588 0.912174881
1783354467276691968.000000 0.202997178 0.011201517 0.221344918 -0.003701727 0.393455178 -0.018175518 0.919156671
1783354467308705024.000000 0.203253418 0.011286949 0.221516043 -0.003727368 0.371745229 -0.017218763 0.928167701
1783354467340667904.000000 0.203070447 0.011279611 0.221343622 -0.003558578 0.349910647 -0.016318368 0.936634183
1783354467372659968.000000 0.203172982 0.011332011 0.221455783 -0.002796871 0.328195482 -0.014741075 0.944490731
1783354467400698880.000000 0.203079015 0.011339243 0.221364543 -0.002854001 0.311308473 -0.014029288 0.950201094
1783354467424956928.000000 0.203046545 0.011311472 0.221340537 -0.002953743 0.294328451 -0.013321612 0.955606937
1783354467456696064.000000 0.203060672 0.011328486 0.221481994 -0.002764938 0.271588355 -0.011757509 0.962337792
1783354467488697088.000000 0.202998579 0.011359199 0.221417218 -0.002611933 0.248847961 -0.010813242 0.968478739
1783354467516727040.000000 0.203078896 0.011380441 0.221458778 -0.002622216 0.231560871 -0.010307456 0.972762287
1783354467548692992.000000 0.203048974 0.011448295 0.221576676 -0.002073175 0.209760398 -0.009136105 0.977707982
1783354467572736000.000000 0.202742487 0.011556795 0.221139222 -0.001951167 0.196112886 -0.008692661 0.980540872
1783354467604724992.000000 0.202748582 0.011666686 0.221058652 -0.001811260 0.181388959 -0.008280909 0.983374953
1783354467633028864.000000 0.202520996 0.011603603 0.220758602 -0.001666319 0.172591507 -0.007986592 0.984959722
1783354467664720128.000000 0.202489823 0.011571333 0.220715821 -0.001448476 0.163275123 -0.007620327 0.986550093
1783354467696687872.000000 0.202633932 0.011631844 0.221052200 0.000617565 0.160716504 -0.008514018 0.986963689
1783354467724754176.000000 0.202816904 0.011518790 0.221110612 0.000931810 0.163362190 -0.008390099 0.986530066
1783354467756752896.000000 0.202800110 0.011556394 0.221247420 0.000132465 0.170693934 -0.009508003 0.985278249
1783354467788729856.000000 0.202810407 0.011591484 0.221548140 -0.000647952 0.177019119 -0.008691479 0.984168828
1783354467812712960.000000 0.203484401 0.012194914 0.224164695 -0.000354421 0.179469928 -0.008916581 0.983723044
1783354467848759040.000000 0.203304112 0.012266334 0.225490987 -0.000535304 0.180489436 -0.008889409 0.983536601
1783354467873001216.000000 0.204219535 0.012863705 0.228095099 -0.000134476 0.179887757 -0.009251579 0.983643651
1783354467904761088.000000 0.205186501 0.013167871 0.229691133 -0.000041909 0.177514449 -0.008974738 0.984077275
1783354467936719872.000000 0.205423683 0.013209549 0.230319858 0.000040121 0.175058141 -0.008906054 0.984517872
1783354467964796928.000000 0.205731899 0.013119481 0.230163366 0.000190708 0.173388124 -0.008615531 0.984815896
1783354467996792064.000000 0.206036106 0.013291531 0.231143266 0.000285461 0.172523543 -0.008149579 0.984971702
1783354468028767232.000000 0.206329122 0.013442726 0.232244372 0.000106496 0.171875075 -0.008622168 0.985081077
1783354468060772864.000000 0.207149297 0.013447192 0.233465329 0.000224927 0.170675799 -0.008314914 0.985292137
1783354468088803072.000000 0.207930818 0.013047058 0.234673932 -0.000366406 0.169904172 -0.007289145 0.985433638
1783354468120779008.000000 0.207794458 0.013308442 0.235816896 -0.000705670 0.170136988 -0.007511727 0.985391557
1783354468144794112.000000 0.208292842 0.013528242 0.236843929 -0.000055340 0.170057341 -0.007566780 0.985405087
1783354468176798976.000000 0.208896801 0.013699958 0.237995803 -0.000151938 0.170288175 -0.007930448 0.985362411
1783354468204840960.000000 0.209050179 0.013684513 0.238865077 0.000109429 0.170698121 -0.007990565 0.985291004
1783354468236800000.000000 0.209628880 0.013914389 0.240280002 0.000145721 0.170987621 -0.007795772 0.985242307
1783354468268802816.000000 0.210145086 0.013567711 0.241487563 -0.000400696 0.171185985 -0.006966948 0.985214055
1783354468296827136.000000 0.210365459 0.013685900 0.242282793 -0.000118583 0.171491399 -0.006841986 0.985161901
1783354468328830976.000000 0.210664302 0.013579661 0.243365705 -0.000550503 0.171678931 -0.006416006 0.985131979
1783354468352972032.000000 0.211184189 0.013391980 0.244495392 -0.002618348 0.168469653 -0.005680752 0.985687077
1783354468384802048.000000 0.211168051 0.013768915 0.244942874 -0.009342574 0.157788113 -0.004505800 0.987418592
1783354468413127936.000000 0.210941330 0.013619797 0.245492578 -0.011600357 0.151981175 -0.003923043 0.988307536
1783354468444856832.000000 0.211203530 0.013566532 0.245896026 -0.011651132 0.141455173 -0.003784555 0.989868879
1783354468476838144.000000 0.210982695 0.013618082 0.246142581 -0.009690947 0.132887274 -0.003358534 0.991078138
1783354468500991232.000000 0.210862339 0.013665183 0.246176317 -0.008418317 0.128403723 -0.003633028 0.991679668
1783354468536851968.000000 0.210818246 0.013713545 0.246327206 -0.008855378 0.129088327 -0.003405577 0.991587758
1783354468561118976.000000 0.210929200 0.013648679 0.246178582 -0.008607747 0.128223523 -0.003661660 0.991701186
1783354468592854016.000000 0.210972801 0.013617994 0.246161997 -0.008054001 0.128232807 -0.003425864 0.991705477
1783354468624814080.000000 0.210926503 0.013613675 0.246089801 -0.007460428 0.128368124 -0.003757539 0.991691411
1783354468652893184.000000 0.210904509 0.013604846 0.246099666 -0.007390258 0.128264055 -0.003803684 0.991705239
1783354468684891904.000000 0.210911170 0.013616804 0.246044815 -0.007007709 0.128266051 -0.003765568 0.991707921
1783354468716869120.000000 0.210935816 0.013617916 0.246018037 -0.006722514 0.128233999 -0.003806556 0.991713881
1783354468740854016.000000 0.210954919 0.013635889 0.246070057 -0.006635971 0.128374800 -0.003849512 0.991696119
1783354468776899072.000000 0.210928440 0.013610329 0.246035710 -0.006776619 0.128915399 -0.003933843 0.991624653
1783354468800908032.000000 0.210888639 0.013626481 0.246025071 -0.006683010 0.129819512 -0.003961131 0.991507292
1783354468832881920.000000 0.210903704 0.013605927 0.245942920 -0.006480694 0.131027848 -0.004219380 0.991348565
1783354468868902912.000000 0.210856974 0.013610122 0.245939672 -0.005921256 0.132410437 -0.004161482 0.991168618
1783354468892916992.000000 0.210965797 0.013633830 0.245846257 -0.005144911 0.133066446 -0.004444141 0.991083860
1783354468924902912.000000 0.210947275 0.013635688 0.245859906 -0.004029189 0.133957863 -0.004498188 0.990968704
1783354468956862976.000000 0.210836112 0.013612216 0.245817810 -0.003001492 0.134721160 -0.004812454 0.990867376
1783354468984931072.000000 0.210767940 0.013597303 0.245753214 -0.001826035 0.135196596 -0.004808144 0.990805507
1783354469016946176.000000 0.210837245 0.013575120 0.245586529 0.000024382 0.135991320 -0.005225484 0.990696251
1783354469040934912.000000 0.210838452 0.013464262 0.245353043 0.000224621 0.136041969 -0.005484775 0.990687847
1783354469072902912.000000 0.210913539 0.013543618 0.245490804 -0.000242819 0.136178315 -0.005054020 0.990671396
1783354469101155072.000000 0.210894197 0.013564297 0.245511070 -0.001308816 0.136876866 -0.004928210 0.990575016
1783354469132967936.000000 0.210861325 0.013587365 0.245461747 -0.002689384 0.138997793 -0.004805762 0.990277469
1783354469164932864.000000 0.210894078 0.013591566 0.245472655 -0.003356740 0.140711114 -0.004876097 0.990033090
1783354469196897024.000000 0.210891470 0.013611763 0.245356590 -0.003426091 0.142157286 -0.004759153 0.989826739
1783354469224969984.000000 0.210790843 0.013617303 0.245198876 -0.003247454 0.143591121 -0.004763227 0.989620268
1783354469256960000.000000 0.210817680 0.013574734 0.245184913 -0.002907269 0.145399556 -0.005063064 0.989355862
1783354469280967936.000000 0.210767031 0.013580073 0.245114177 -0.002357498 0.146706298 -0.005202900 0.989163637
1783354469312957952.000000 0.210712031 0.013555750 0.245009080 -0.001222889 0.148498684 -0.005373821 0.988897264
1783354469340992000.000000 0.210633636 0.013549664 0.244850680 -0.000296995 0.149409816 -0.005823559 0.988758206
1783354469372993024.000000 0.210683823 0.013546614 0.245105565 -0.000071987 0.150729313 -0.006144306 0.988556027
1783354469404961024.000000 0.210646883 0.013542929 0.245031282 -0.000616608 0.151899979 -0.005725037 0.988379121
1783354469429186048.000000 0.210603073 0.013532947 0.244947955 -0.001084037 0.152972683 -0.005625361 0.988213837
1783354469464993024.000000 0.210623920 0.013530964 0.244862750 -0.001454780 0.154555276 -0.005791573 0.987966120
1783354469489011968.000000 0.210658476 0.013530267 0.244553074 -0.004014838 0.156343982 -0.005480584 0.987679303
1783354469520987904.000000 0.210310087 0.013458746 0.243871197 -0.013751431 0.159591079 -0.004538847 0.987077057
1783354469557010944.000000 0.209709942 0.013367399 0.243196771 -0.011253498 0.160963401 -0.004958913 0.986883819
1783354469581026048.000000 0.209692389 0.013331677 0.242142305 -0.011575897 0.161682338 -0.004491098 0.986764729
1783354469612997888.000000 0.209730029 0.013234019 0.240737319 -0.012355829 0.161277920 -0.004844235 0.986819804
1783354469644961024.000000 0.209441558 0.013248339 0.239117876 -0.010589068 0.161043480 -0.004740902 0.986879170
1783354469673028096.000000 0.208853334 0.013054487 0.237918407 -0.011283237 0.161317766 -0.004925603 0.986825705
1783354469697048064.000000 0.208432660 0.013114759 0.236743137 -0.011576559 0.160968661 -0.004902653 0.986879468
1783354469729039872.000000 0.207749993 0.012888188 0.235230893 -0.011238967 0.160662323 -0.005356708 0.986930907
1783354469760984832.000000 0.207347870 0.012837372 0.233598098 -0.010485558 0.160413295 -0.005404651 0.986979544
1783354469789052928.000000 0.206748724 0.012673072 0.232449546 -0.010142612 0.160587788 -0.005711903 0.986952960
1783354469821064960.000000 0.206423923 0.012469911 0.230825514 -0.009408241 0.160304397 -0.005740856 0.987006128
1783354469853030912.000000 0.206201673 0.012526853 0.229421213 -0.008729834 0.160174817 -0.005999204 0.987031877
1783354469877305088.000000 0.205903396 0.012430597 0.228460729 -0.007411199 0.159768924 -0.006222885 0.987107038
1783354469913054976.000000 0.205376804 0.012348368 0.226937830 -0.003581175 0.159136593 -0.006862815 0.987226307
1783354469937300992.000000 0.205163434 0.012181290 0.225968614 0.000652100 0.158098236 -0.007870417 0.987391829
1783354469969053952.000000 0.203840539 0.011986925 0.224880308 0.002074392 0.156119555 -0.009367626 0.987691581
1783354470001095168.000000 0.204164207 0.012296183 0.224368528 0.000356265 0.152378440 -0.008021805 0.988289654
1783354470029092096.000000 0.203622282 0.012085341 0.223804578 -0.000767482 0.150549501 -0.006910043 0.988578022
1783354470061063936.000000 0.203898937 0.012240876 0.223449215 -0.001511793 0.148374245 -0.006705131 0.988907397
1783354470085249024.000000 0.203610823 0.012084974 0.222676367 -0.002103287 0.148050606 -0.006965317 0.988953054
1783354470117083904.000000 0.203456819 0.012194681 0.222120866 -0.002851905 0.148981780 -0.006871670 0.988811970
1783354470145348096.000000 0.203366965 0.012204746 0.221629813 -0.003414320 0.149836093 -0.006513023 0.988683522
1783354470177083904.000000 0.203282967 0.012161381 0.221143544 -0.003571423 0.150813833 -0.006592336 0.988533735
1783354470209073920.000000 0.202748641 0.012034118 0.220645472 -0.003576070 0.151691943 -0.007178120 0.988395333
1783354470245105920.000000 0.202781826 0.011838513 0.220476270 0.002427911 0.153955504 -0.009142037 0.988032520
1783354470269115904.000000 0.203009069 0.012031762 0.220482394 0.001305353 0.156427354 -0.009054548 0.987647176
1783354470301096960.000000 0.202917233 0.012027369 0.220725372 -0.000001260 0.158800170 -0.008215363 0.987276614
1783354470325301760.000000 0.203284696 0.012204787 0.221185774 -0.000250697 0.159360290 -0.007783183 0.987189829
1783354470361118976.000000 0.203396156 0.012031081 0.221614495 -0.004330419 0.160368785 -0.007275129 0.987020910
1783354470385144832.000000 0.203385189 0.012058905 0.221830264 -0.008528746 0.160725072 -0.006403974 0.986941636
1783354470417123072.000000 0.203433618 0.012081238 0.222370595 -0.014271174 0.160732299 -0.005162946 0.986881435
1783354470449079040.000000 0.203703105 0.012086588 0.222122684 -0.014662359 0.160178438 -0.004244191 0.986970067
1783354470477157120.000000 0.203575283 0.012040583 0.222395986 -0.013707259 0.159622312 -0.005162699 0.987069547
1783354470509161984.000000 0.203654021 0.012092875 0.222272515 -0.012417003 0.158327103 -0.005687383 0.987292349
1783354470541138944.000000 0.203775272 0.012071658 0.222055972 -0.011456435 0.157359809 -0.005483578 0.987459719
1783354470565267968.000000 0.203720957 0.012147797 0.221964225 -0.010851564 0.156883657 -0.005398943 0.987542748
1783354470601159936.000000 0.203683719 0.012068913 0.222092882 -0.010138970 0.154465809 -0.005742071 0.987929463
1783354470625425152.000000 0.203499109 0.012203689 0.222164184 -0.008735888 0.145997390 -0.005861464 0.989229083
1783354470657152768.000000 0.203620464 0.012150400 0.222048000 -0.007480598 0.128523052 -0.004896288 0.991666257
1783354470689124096.000000 0.203355014 0.012087847 0.221982464 -0.006513384 0.107738964 -0.004156462 0.994149268
1783354470717190144.000000 0.203279376 0.011649184 0.221471205 -0.005888669 0.091475055 -0.003492964 0.995783925
1783354470749155072.000000 0.203168243 0.011638785 0.221601158 -0.003820993 0.069395863 -0.002484048 0.997578859
1783354470773180928.000000 0.202673376 0.011706000 0.221243531 -0.002073038 0.053131159 -0.002082618 0.998583198
1783354470805187072.000000 0.202268437 0.011608965 0.220655575 0.000212707 0.031463653 -0.001298258 0.999504030
1783354470833213184.000000 0.202466518 0.011662751 0.220861167 0.001067057 0.015055451 -0.000185358 0.999886096
1783354470865185024.000000 0.202537537 0.011727435 0.221351996 0.001112412 -0.006568554 0.000607683 0.999977708
1783354470897150976.000000 0.202578098 0.011764497 0.221144065 0.001354482 -0.028300080 0.001779538 0.999596953
1783354470925208064.000000 0.202642202 0.011653209 0.221203819 0.001290418 -0.044841219 0.002474761 0.998990238
1783354470949446912.000000 0.202540323 0.011648819 0.221553490 0.001081651 -0.061289810 0.003253639 0.998114169
1783354470981200896.000000 0.202619165 0.011637140 0.221381828 0.000980373 -0.083341062 0.004143202 0.996512055
1783354471013159936.000000 0.202426687 0.011610412 0.221497193 0.001418981 -0.105642833 0.005737562 0.994386613
1783354471041228032.000000 0.202586040 0.011618210 0.221281111 0.001676992 -0.122414455 0.006830543 0.992454231
1783354471073223168.000000 0.202539653 0.011605115 0.221536219 0.002004169 -0.144428357 0.007591793 0.989484131
1783354471105202944.000000 0.202344224 0.011555947 0.221783161 0.001801949 -0.166225195 0.008707068 0.986047745
1783354471129195008.000000 0.201916084 0.011519180 0.222267956 0.001754002 -0.182522103 0.009575704 0.983153582
1783354471157500928.000000 0.202281564 0.011521106 0.221689865 0.001995040 -0.199312076 0.010608196 0.979876697
1783354471189257984.000000 0.202069044 0.011669049 0.221881121 0.002184948 -0.221532226 0.011696885 0.975080490
1783354471221221888.000000 0.202174962 0.011550524 0.221935749 0.001900186 -0.244028300 0.012800333 0.969681859
1783354471253197056.000000 0.202192426 0.011587122 0.221755624 0.002005204 -0.266364276 0.013746131 0.963772416
1783354471281251840.000000 0.202078462 0.011551700 0.221700385 0.002247973 -0.283010066 0.014615940 0.959003031
1783354471305536000.000000 0.202004939 0.011630341 0.221974358 0.002731534 -0.299743831 0.015833793 0.953884423
1783354471337244160.000000 0.201996326 0.011630313 0.221882582 0.003150489 -0.321729541 0.016780974 0.946677685
1783354471369213184.000000 0.202195555 0.011590179 0.221726686 0.003361752 -0.343724132 0.017792573 0.938896120
1783354471397278976.000000 0.202235058 0.011615084 0.221752167 0.003366565 -0.359848261 0.019014644 0.932811022
1783354471421547776.000000 0.202490270 0.011557939 0.221559122 0.003462698 -0.376067221 0.020631313 0.926356196
1783354471453265920.000000 0.202500552 0.011546092 0.221609294 0.003576544 -0.397388428 0.022490658 0.917367876
1783354471485263104.000000 0.202459306 0.011577481 0.221659780 0.003846616 -0.418610603 0.023382323 0.907856703
1783354471513298944.000000 0.202440828 0.011587499 0.221524879 0.004054927 -0.434116691 0.024402028 0.900516987
1783354471545304064.000000 0.202427655 0.011626864 0.221514404 0.004186931 -0.454851598 0.025191134 0.890201092
1783354471569283840.000000 0.202586487 0.011601347 0.221544817 0.004140871 -0.470500380 0.026153388 0.882002473
1783354471601286912.000000 0.202650547 0.011604665 0.221395329 0.004125822 -0.490697473 0.027573528 0.870883882
1783354471629317888.000000 0.202438056 0.011605186 0.221469760 0.004259290 -0.505727828 0.028163826 0.862222731
1783354471661286144.000000 0.202563480 0.011617580 0.221513957 0.003920676 -0.526027501 0.029789058 0.849936724
1783354471685298944.000000 0.202628374 0.011626529 0.221270889 0.004210705 -0.540661275 0.030021381 0.840694070
1783354471717299968.000000 0.202698827 0.011601856 0.221357733 0.004763090 -0.560590088 0.031760920 0.827470422
1783354471745312000.000000 0.202478096 0.011595371 0.221592247 0.004749379 -0.575277090 0.032089964 0.817315161
1783354471777335808.000000 0.202914134 0.011527828 0.221158072 0.004568274 -0.594250679 0.033273820 0.803578377
1783354471801315072.000000 0.202862903 0.011608161 0.221345052 0.004598417 -0.608603597 0.034084000 0.792728722
1783354471833332992.000000 0.202945039 0.011442868 0.221351027 0.003849822 -0.627374053 0.035028208 0.777920306
1783354471861346048.000000 0.202504784 0.011526009 0.221537173 0.004263748 -0.641254127 0.035936307 0.766474843
1783354471893303040.000000 0.202702820 0.011471827 0.221724227 0.003177708 -0.660403550 0.037891801 0.749947488
1783354471917312000.000000 0.202535570 0.011513483 0.221420974 0.003177562 -0.673607767 0.039140660 0.738045037
1783354471949341184.000000 0.202388063 0.011533176 0.221927911 0.003365885 -0.691983819 0.039452113 0.720826328
1783354471977342976.000000 0.202468708 0.011529438 0.221692517 0.003798196 -0.705044031 0.039806060 0.708035290
1783354472001518848.000000 0.202686042 0.011776626 0.221345276 0.004084304 -0.717334509 0.041345194 0.695489109
1783354472033328128.000000 0.203049123 0.011410858 0.221303597 0.003437044 -0.734412491 0.041627515 0.677416980
1783354472033328128.000000 0.203049123 0.011410858 0.221303597 0.003437044 -0.734412491 0.041627515 0.677416980
1783354472033328128.000000 0.203049123 0.011410858 0.221303597 0.003437044 -0.734412491 0.041627515 0.677416980
1783354472033328128.000000 0.203049123 0.011410858 0.221303597 0.003437044 -0.734412491 0.041627515 0.677416980
1783354472033328128.000000 0.203049123 0.011410858 0.221303597 0.003437044 -0.734412491 0.041627515 0.677416980
1783354472033328128.000000 0.203049123 0.011410858 0.221303597 0.003437044 -0.734412491 0.041627515 0.677416980
1783354472033328128.000000 0.203049123 0.011410858 0.221303597 0.003437044 -0.734412491 0.041627515 0.677416980
1783354472033328128.000000 0.203049123 0.011410858 0.221303597 0.003437044 -0.734412491 0.041627515 0.677416980
1783354472033328128.000000 0.203049123 0.011410858 0.221303597 0.003437044 -0.734412491 0.041627515 0.677416980
1783354472033328128.000000 0.203049123 0.011410858 0.221303597 0.003437044 -0.734412491 0.041627515 0.677416980
1783354472033328128.000000 0.203049123 0.011410858 0.221303597 0.003437044 -0.734412491 0.041627515 0.677416980
1783354472033328128.000000 0.203049123 0.011410858 0.221303597 0.003437044 -0.734412491 0.041627515 0.677416980
1783354472033328128.000000 0.203049123 0.011410858 0.221303597 0.003437044 -0.734412491 0.041627515 0.677416980
1783354472033328128.000000 0.203049123 0.011410858 0.221303597 0.003437044 -0.734412491 0.041627515 0.677416980
1783354472033328128.000000 0.203049123 0.011410858 0.221303597 0.003437044 -0.734412491 0.041627515 0.677416980
1783354472033328128.000000 0.203049123 0.011410858 0.221303597 0.003437044 -0.734412491 0.041627515 0.677416980
1783354472033328128.000000 0.203049123 0.011410858 0.221303597 0.003437044 -0.734412491 0.041627515 0.677416980
1783354472033328128.000000 0.203049123 0.011410858 0.221303597 0.003437044 -0.734412491 0.041627515 0.677416980
1783354472033328128.000000 0.203049123 0.011410858 0.221303597 0.003437044 -0.734412491 0.041627515 0.677416980
1783354472033328128.000000 0.203049123 0.011410858 0.221303597 0.003437044 -0.734412491 0.041627515 0.677416980
1783354472033328128.000000 0.203049123 0.011410858 0.221303597 0.003437044 -0.734412491 0.041627515 0.677416980
1783354472033328128.000000 0.203049123 0.011410858 0.221303597 0.003437044 -0.734412491 0.041627515 0.677416980
1783354472033328128.000000 0.203049123 0.011410858 0.221303597 0.003437044 -0.734412491 0.041627515 0.677416980
1783354472033328128.000000 0.203049123 0.011410858 0.221303597 0.003437044 -0.734412491 0.041627515 0.677416980
1783354472033328128.000000 0.203049123 0.011410858 0.221303597 0.003437044 -0.734412491 0.041627515 0.677416980
1783354472033328128.000000 0.203049123 0.011410858 0.221303597 0.003437044 -0.734412491 0.041627515 0.677416980
1783354472033328128.000000 0.203049123 0.011410858 0.221303597 0.003437044 -0.734412491 0.041627515 0.677416980
1783354472033328128.000000 0.203049123 0.011410858 0.221303597 0.003437044 -0.734412491 0.041627515 0.677416980
1783354472033328128.000000 0.203049123 0.011410858 0.221303597 0.003437044 -0.734412491 0.041627515 0.677416980
1783354472033328128.000000 0.203049123 0.011410858 0.221303597 0.003437044 -0.734412491 0.041627515 0.677416980
1783354472033328128.000000 0.203049123 0.011410858 0.221303597 0.003437044 -0.734412491 0.041627515 0.677416980
1783354472033328128.000000 0.203049123 0.011410858 0.221303597 0.003437044 -0.734412491 0.041627515 0.677416980
1783354472033328128.000000 0.203049123 0.011410858 0.221303597 0.003437044 -0.734412491 0.041627515 0.677416980
1783354472033328128.000000 0.203049123 0.011410858 0.221303597 0.003437044 -0.734412491 0.041627515 0.677416980
1783354472033328128.000000 0.203049123 0.011410858 0.221303597 0.003437044 -0.734412491 0.041627515 0.677416980
1783354472033328128.000000 0.203049123 0.011410858 0.221303597 0.003437044 -0.734412491 0.041627515 0.677416980
1783354472033328128.000000 0.203049123 0.011410858 0.221303597 0.003437044 -0.734412491 0.041627515 0.677416980
1783354472033328128.000000 0.203049123 0.011410858 0.221303597 0.003437044 -0.734412491 0.041627515 0.677416980
1783354472033328128.000000 0.203049123 0.011410858 0.221303597 0.003437044 -0.734412491 0.041627515 0.677416980
1783354472033328128.000000 0.203049123 0.011410858 0.221303597 0.003437044 -0.734412491 0.041627515 0.677416980
1783354472033328128.000000 0.203049123 0.011410858 0.221303597 0.003437044 -0.734412491 0.041627515 0.677416980
1783354472033328128.000000 0.203049123 0.011410858 0.221303597 0.003437044 -0.734412491 0.041627515 0.677416980
1783354472033328128.000000 0.203049123 0.011410858 0.221303597 0.003437044 -0.734412491 0.041627515 0.677416980
1783354472033328128.000000 0.203049123 0.011410858 0.221303597 0.003437044 -0.734412491 0.041627515 0.677416980
1783354472033328128.000000 0.203049123 0.011410858 0.221303597 0.003437044 -0.734412491 0.041627515 0.677416980
1783354472033328128.000000 0.203049123 0.011410858 0.221303597 0.003437044 -0.734412491 0.041627515 0.677416980
1783354472033328128.000000 0.203049123 0.011410858 0.221303597 0.003437044 -0.734412491 0.041627515 0.677416980
1783354472033328128.000000 0.203049123 0.011410858 0.221303597 0.003437044 -0.734412491 0.041627515 0.677416980
1783354472033328128.000000 0.203049123 0.011410858 0.221303597 0.003437044 -0.734412491 0.041627515 0.677416980
1783354472033328128.000000 0.203049123 0.011410858 0.221303597 0.003437044 -0.734412491 0.041627515 0.677416980
1783354472033328128.000000 0.203049123 0.011410858 0.221303597 0.003437044 -0.734412491 0.041627515 0.677416980
1783354472033328128.000000 0.203049123 0.011410858 0.221303597 0.003437044 -0.734412491 0.041627515 0.677416980
1783354472033328128.000000 0.203049123 0.011410858 0.221303597 0.003437044 -0.734412491 0.041627515 0.677416980
1783354472033328128.000000 0.203049123 0.011410858 0.221303597 0.003437044 -0.734412491 0.041627515 0.677416980
1783354472033328128.000000 0.203049123 0.011410858 0.221303597 0.003437044 -0.734412491 0.041627515 0.677416980
1783354472033328128.000000 0.203049123 0.011410858 0.221303597 0.003437044 -0.734412491 0.041627515 0.677416980
1783354472033328128.000000 0.203049123 0.011410858 0.221303597 0.003437044 -0.734412491 0.041627515 0.677416980
1783354472033328128.000000 0.203049123 0.011410858 0.221303597 0.003437044 -0.734412491 0.041627515 0.677416980
1783354472033328128.000000 0.203049123 0.011410858 0.221303597 0.003437044 -0.734412491 0.041627515 0.677416980
1783354472033328128.000000 0.203049123 0.011410858 0.221303597 0.003437044 -0.734412491 0.041627515 0.677416980
1783354472033328128.000000 0.203049123 0.011410858 0.221303597 0.003437044 -0.734412491 0.041627515 0.677416980
1783354472033328128.000000 0.203049123 0.011410858 0.221303597 0.003437044 -0.734412491 0.041627515 0.677416980
1783354472033328128.000000 0.203049123 0.011410858 0.221303597 0.003437044 -0.734412491 0.041627515 0.677416980
1783354472033328128.000000 0.203049123 0.011410858 0.221303597 0.003437044 -0.734412491 0.041627515 0.677416980
1783354472033328128.000000 0.203049123 0.011410858 0.221303597 0.003437044 -0.734412491 0.041627515 0.677416980
1783354472033328128.000000 0.203049123 0.011410858 0.221303597 0.003437044 -0.734412491 0.041627515 0.677416980
1783354472033328128.000000 0.203049123 0.011410858 0.221303597 0.003437044 -0.734412491 0.041627515 0.677416980
1783354472033328128.000000 0.203049123 0.011410858 0.221303597 0.003437044 -0.734412491 0.041627515 0.677416980
1783354472033328128.000000 0.203049123 0.011410858 0.221303597 0.003437044 -0.734412491 0.041627515 0.677416980
1783354472033328128.000000 0.203049123 0.011410858 0.221303597 0.003437044 -0.734412491 0.041627515 0.677416980
1783354472033328128.000000 0.203049123 0.011410858 0.221303597 0.003437044 -0.734412491 0.041627515 0.677416980
1783354472033328128.000000 0.203049123 0.011410858 0.221303597 0.003437044 -0.734412491 0.041627515 0.677416980
1783354472033328128.000000 0.203049123 0.011410858 0.221303597 0.003437044 -0.734412491 0.041627515 0.677416980
1783354472033328128.000000 0.203049123 0.011410858 0.221303597 0.003437044 -0.734412491 0.041627515 0.677416980
1783354472033328128.000000 0.203049123 0.011410858 0.221303597 0.003437044 -0.734412491 0.041627515 0.677416980
1783354472033328128.000000 0.203049123 0.011410858 0.221303597 0.003437044 -0.734412491 0.041627515 0.677416980
1783354472033328128.000000 0.203049123 0.011410858 0.221303597 0.003437044 -0.734412491 0.041627515 0.677416980
1783354472033328128.000000 0.203049123 0.011410858 0.221303597 0.003437044 -0.734412491 0.041627515 0.677416980
1783354472033328128.000000 0.203049123 0.011410858 0.221303597 0.003437044 -0.734412491 0.041627515 0.677416980
1783354472033328128.000000 0.203049123 0.011410858 0.221303597 0.003437044 -0.734412491 0.041627515 0.677416980
1783354472033328128.000000 0.203049123 0.011410858 0.221303597 0.003437044 -0.734412491 0.041627515 0.677416980
1783354472033328128.000000 0.203049123 0.011410858 0.221303597 0.003437044 -0.734412491 0.041627515 0.677416980
1783354472033328128.000000 0.203049123 0.011410858 0.221303597 0.003437044 -0.734412491 0.041627515 0.677416980
1783354472033328128.000000 0.203049123 0.011410858 0.221303597 0.003437044 -0.734412491 0.041627515 0.677416980
1783354472033328128.000000 0.203049123 0.011410858 0.221303597 0.003437044 -0.734412491 0.041627515 0.677416980
1783354472033328128.000000 0.203049123 0.011410858 0.221303597 0.003437044 -0.734412491 0.041627515 0.677416980
1783354472033328128.000000 0.203049123 0.011410858 0.221303597 0.003437044 -0.734412491 0.041627515 0.677416980
1783354472033328128.000000 0.203049123 0.011410858 0.221303597 0.003437044 -0.734412491 0.041627515 0.677416980
1783354472033328128.000000 0.203049123 0.011410858 0.221303597 0.003437044 -0.734412491 0.041627515 0.677416980
1783354472033328128.000000 0.203049123 0.011410858 0.221303597 0.003437044 -0.734412491 0.041627515 0.677416980
1783354472033328128.000000 0.203049123 0.011410858 0.221303597 0.003437044 -0.734412491 0.041627515 0.677416980
1783354472033328128.000000 0.203049123 0.011410858 0.221303597 0.003437044 -0.734412491 0.041627515 0.677416980
1783354472033328128.000000 0.203049123 0.011410858 0.221303597 0.003437044 -0.734412491 0.041627515 0.677416980
1783354472033328128.000000 0.203049123 0.011410858 0.221303597 0.003437044 -0.734412491 0.041627515 0.677416980
1783354472033328128.000000 0.203049123 0.011410858 0.221303597 0.003437044 -0.734412491 0.041627515 0.677416980
1783354472033328128.000000 0.203049123 0.011410858 0.221303597 0.003437044 -0.734412491 0.041627515 0.677416980
1783354472033328128.000000 0.203049123 0.011410858 0.221303597 0.003437044 -0.734412491 0.041627515 0.677416980
1783354472033328128.000000 0.203049123 0.011410858 0.221303597 0.003437044 -0.734412491 0.041627515 0.677416980
1783354472033328128.000000 0.203049123 0.011410858 0.221303597 0.003437044 -0.734412491 0.041627515 0.677416980
1783354472033328128.000000 0.203049123 0.011410858 0.221303597 0.003437044 -0.734412491 0.041627515 0.677416980
1783354472033328128.000000 0.203049123 0.011410858 0.221303597 0.003437044 -0.734412491 0.041627515 0.677416980
1783354472033328128.000000 0.203049123 0.011410858 0.221303597 0.003437044 -0.734412491 0.041627515 0.677416980
1783354472033328128.000000 0.203049123 0.011410858 0.221303597 0.003437044 -0.734412491 0.041627515 0.677416980
