1783353397742806016.000000 0.000000000 0.000000000 0.000000000 -0.000000000 -0.000000000 -0.000000000 1.000000000
1783353398939032064.000000 0.002530998 0.002130154 0.030209625 -0.000920014 0.075006343 -0.004138869 0.997174025
1783353399203213056.000000 0.004250005 0.002698050 0.039460815 -0.000628710 0.113850586 -0.007008172 0.993472993
1783353399263225088.000000 0.004678874 0.002754035 0.041462637 0.000312416 0.120586812 -0.007873437 0.992671549
1783353399327047936.000000 0.005232250 0.002853350 0.043618459 0.000446359 0.129693076 -0.008468700 0.991517901
1783353399627137792.000000 0.008315193 0.003476642 0.053901840 0.000847673 0.165559888 -0.010761360 0.986140668
1783353399743300864.000000 0.009780292 0.003729542 0.057919551 -0.000764282 0.178215250 -0.011057908 0.983929098
1783353399807101952.000000 0.010588641 0.003824604 0.060078453 -0.000613507 0.186420321 -0.011522964 0.982402325
1783353399991147008.000000 0.013130852 0.004214711 0.065988936 -0.001100851 0.210779011 -0.012601811 0.977451861
1783353400051171072.000000 0.013917123 0.004310026 0.067823499 -0.000424874 0.218396425 -0.013557275 0.975765884
1783353400255153920.000000 0.017231610 0.004712185 0.074274793 -0.000868109 0.244808301 -0.015226078 0.969451547
1783353400463207936.000000 0.020790163 0.005037966 0.080393404 -0.000719883 0.277471781 -0.017245959 0.960578740
1783353400555223040.000000 0.022579022 0.005192377 0.083145194 0.000022806 0.287759125 -0.018152023 0.957530797
1783353400943244032.000000 0.030795541 0.005814383 0.094406821 0.000938554 0.332531422 -0.021307699 0.942850947
1783353401027479808.000000 0.032582190 0.005950226 0.096547231 0.000563346 0.341441661 -0.021506624 0.939656734
1783353401383346944.000000 0.041085970 0.006543012 0.105961569 0.000446710 0.376586348 -0.023237543 0.926089942
1783353401507322112.000000 0.044292852 0.006602152 0.108895257 0.000580031 0.390647709 -0.023390826 0.920242846
1783353401739397888.000000 0.050237589 0.006813324 0.114238814 0.000966968 0.413369209 -0.024217419 0.910240948
1783353402095619072.000000 0.059462927 0.007119761 0.121770576 0.002458264 0.451441973 -0.028076060 0.891855299
1783353402215473920.000000 0.062737435 0.007274948 0.124016307 0.002290931 0.461214691 -0.028496668 0.886827886
1783353402339473920.000000 0.066189870 0.007400878 0.126467720 0.002831989 0.469693691 -0.029142827 0.882343769
1783353402455514880.000000 0.069575608 0.007428386 0.128404528 0.002794510 0.475799412 -0.028451173 0.879089117
1783353402571536896.000000 0.072853424 0.007501717 0.130492777 0.002659063 0.482038498 -0.028390499 0.875685930
1783353402695565056.000000 0.076676294 0.007590065 0.132824481 0.002982533 0.493851840 -0.028770842 0.869064867
1783353402991525888.000000 0.085584223 0.007766074 0.137989789 0.003172953 0.515408754 -0.031139059 0.856372654
1783353403223817216.000000 0.092439964 0.007887240 0.141464144 0.003553944 0.535103977 -0.033806462 0.844102025
1783353403347577088.000000 0.096279964 0.007977219 0.143235445 0.003185123 0.542357028 -0.034216236 0.839445114
1783353403579809024.000000 0.103486955 0.008086688 0.146423697 0.003904513 0.552642643 -0.035464048 0.832654357
1783353403731717120.000000 0.108243734 0.008178473 0.148332208 0.003538153 0.562442362 -0.035615992 0.826061487
1783353403879687168.000000 0.112841822 0.008197701 0.150073081 0.002824191 0.574603140 -0.035173308 0.817671120
1783353404319803904.000000 0.127397209 0.008653406 0.154830039 -0.000453309 0.596992195 -0.033061873 0.801565349
1783353404767862016.000000 0.142207235 0.008992141 0.158806309 -0.001352057 0.620666981 -0.032664612 0.783392429
1783353404916018944.000000 0.146936327 0.009054579 0.159870878 -0.001549463 0.627279580 -0.031870838 0.778140187
1783353405279838208.000000 0.158813551 0.009301465 0.162261695 -0.000391830 0.642180085 -0.033848941 0.765806019
1783353405423930880.000000 0.163438529 0.009326705 0.163069561 -0.000613218 0.648043871 -0.034509756 0.760820508
1783353405627895040.000000 0.170266300 0.009414447 0.164169773 -0.000061904 0.658596456 -0.035997510 0.751634836
1783353405988011008.000000 0.181762934 0.009517283 0.165358350 -0.000845447 0.677649140 -0.034715533 0.734565079
1783353406199964160.000000 0.188840106 0.009625548 0.165953532 0.000084151 0.683381438 -0.036396708 0.729153693
1783353406408016896.000000 0.195636481 0.009626350 0.166346967 -0.000022062 0.691878200 -0.037702005 0.721029222
1783353406792331008.000000 0.208071411 0.009697540 0.166650325 0.000044771 0.708005786 -0.039329387 0.705110669
1783353407004076032.000000 0.215183035 0.009725417 0.166603118 0.000023929 0.716603875 -0.039940778 0.696335852
1783353407212132096.000000 0.221852228 0.009741604 0.166376874 -0.000396888 0.724687994 -0.039876502 0.687922239
1783353407420185088.000000 0.228593603 0.009797014 0.165954083 -0.000711876 0.732698739 -0.040169500 0.679366231
1783353407628521984.000000 0.235378489 0.009837035 0.165459573 -0.001378354 0.738944829 -0.040948380 0.672519147
1783353407844242944.000000 0.242402181 0.009796398 0.164642349 -0.002282723 0.747884750 -0.040584456 0.662582994
1783353408292306944.000000 0.257065147 0.009770985 0.162587792 -0.001532174 0.764125347 -0.040768269 0.643776417
1783353408532345088.000000 0.264753670 0.009709229 0.161189914 -0.001223379 0.773996890 -0.041768998 0.631809056
1783353408772387072.000000 0.272367209 0.009678975 0.159567624 -0.001673839 0.784055054 -0.042655606 0.619221509
1783353408980408832.000000 0.278832644 0.009625188 0.157926112 -0.001296918 0.792691231 -0.044157259 0.608020663
1783353409220429056.000000 0.286198616 0.009566426 0.155747741 -0.000708511 0.805786788 -0.045579683 0.590448678
1783353409428455168.000000 0.292565972 0.009493170 0.153650045 -0.000849562 0.815221906 -0.045159534 0.577384830
1783353409632643840.000000 0.298798412 0.009443913 0.151380807 -0.001128546 0.822172463 -0.045580208 0.567409694
1783353409876524032.000000 0.305897057 0.009267453 0.148558080 -0.001548230 0.829736292 -0.045869213 0.556265533
1783353410080497920.000000 0.311986148 0.009180974 0.145993263 -0.001197124 0.839421153 -0.045539204 0.541568995
1783353410320528896.000000 0.318952054 0.009002434 0.142683744 -0.001475072 0.849616230 -0.044970673 0.525478661
1783353410564613120.000000 0.325785130 0.008831196 0.139118284 -0.001106407 0.858807564 -0.045519952 0.510270834
1783353410768588032.000000 0.331460983 0.008761816 0.135917485 -0.001481286 0.868661046 -0.045984078 0.493265957
1783353410976655872.000000 0.337187350 0.008617407 0.132362902 -0.001029697 0.876992464 -0.047374967 0.478161901
1783353411184676864.000000 0.342734456 0.008418236 0.128584236 -0.000542531 0.886324584 -0.048459951 0.460521489
1783353411424748032.000000 0.348656118 0.008157337 0.124176234 -0.000123050 0.898926735 -0.049670469 0.435274154
1783353411664748032.000000 0.354308784 0.007897930 0.119608134 -0.000656408 0.910591066 -0.050807755 0.410173208
1783353411872772864.000000 0.359004974 0.007630035 0.115480602 -0.001057395 0.919652581 -0.051180389 0.389382273
1783353412072837120.000000 0.363312900 0.007388208 0.111182272 -0.001358337 0.927166402 -0.051007748 0.371158779
1783353412252811008.000000 0.367114127 0.007171241 0.107010782 -0.000892926 0.934857428 -0.051626608 0.351248592
1783353412429047040.000000 0.370597601 0.006987964 0.102857172 -0.000984675 0.942588866 -0.051125444 0.330017507
1783353412636919040.000000 0.374532789 0.006743869 0.097652391 -0.000991732 0.951526225 -0.051400036 0.303240687
1783353412784931840.000000 0.377041548 0.006565118 0.093876585 -0.000894445 0.957177997 -0.052750159 0.284652323
1783353412932926976.000000 0.379453897 0.006356214 0.089968756 -0.000821090 0.962377667 -0.052727025 0.266549259
1783353413077065984.000000 0.381646812 0.006157747 0.086118519 -0.000552893 0.967359543 -0.052783884 0.247848913
1783353413225282048.000000 0.383857757 0.005971847 0.081927255 -0.000271933 0.971626997 -0.052532312 0.230610773
1783353413405129984.000000 0.386281878 0.005697810 0.076700240 0.000415065 0.976613998 -0.051816277 0.208662599
1783353413589009152.000000 0.388498247 0.005451129 0.071564630 0.000514439 0.981029153 -0.050941113 0.187047020
1783353413765070848.000000 0.390276223 0.005257514 0.066630490 0.000503290 0.985076964 -0.052459002 0.163924307
1783353414061070080.000000 0.392927647 0.004816880 0.057972245 -0.000108207 0.991054535 -0.053439770 0.122290976
1783353414201278976.000000 0.393857718 0.004581482 0.053850468 0.000136229 0.993059039 -0.053782880 0.104599975
1783353414353136128.000000 0.394685268 0.004390191 0.049296167 0.001031975 0.995060205 -0.053107094 0.083867759
1783353414493169152.000000 0.395355672 0.004148602 0.045000367 0.001388247 0.996317744 -0.053076383 0.067320414
1783353416053569024.000000 0.396370351 0.003049430 0.018861376 -0.000428704 0.996713161 -0.042520650 0.068954296
1783353416497387776.000000 0.396365762 0.003087037 0.019025393 -0.001179468 0.997102916 -0.042613965 0.062995821
1783353416697527808.000000 0.396055758 0.003103090 0.020474955 -0.000066499 0.998879731 -0.041446824 0.022835437
1783353416873481984.000000 0.395978332 0.003202788 0.022121672 0.000256132 -0.998754203 0.048418213 0.012070311
1783353417569585152.000000 0.396355510 0.004107594 0.041527886 -0.000853449 -0.998942912 0.045945320 0.001202548
1783353417749574912.000000 0.396374881 0.004125894 0.041666150 -0.000557634 -0.998832524 0.047698695 0.007622453
1783353417957602048.000000 0.396283627 0.004111750 0.041158162 -0.000709246 -0.999133527 0.040939756 0.007456353
1783353418181794048.000000 0.396612436 0.004017243 0.041500621 0.000079310 0.994550705 -0.043734334 0.094637349
1783353418413694976.000000 0.396792799 0.003964077 0.041894674 0.000600490 0.966666400 -0.049876295 0.251133502
1783353418737849856.000000 0.397206903 0.003975695 0.042105675 0.000957067 0.886507511 -0.048836704 0.460128903
1783353419117744896.000000 0.397352725 0.003857544 0.042881429 -0.000267153 0.729809344 -0.040117987 0.682472587
1783353419409948160.000000 0.402358860 0.003754126 0.042821825 -0.000397460 0.718996942 -0.037855227 0.693981409
1783353419773876992.000000 0.412790477 0.003337290 0.043315142 -0.001486949 0.713247538 -0.039009258 0.699824274
1783353420065899008.000000 0.420742840 0.003157465 0.043727160 0.000477430 0.713195860 -0.041655093 0.699725866
1783353420361948928.000000 0.429529369 0.002914647 0.043888986 0.000649151 0.715933979 -0.041037224 0.696960628
1783353420685990144.000000 0.433069676 0.002948519 0.044493645 0.001553491 0.663793683 -0.039747767 0.746857166
