1783355567291111936.000000 0.000000000 0.000000000 0.000000000 -0.000000000 -0.000000000 -0.000000000 1.000000000
1783355570211601920.000000 -0.003161612 0.002538661 0.043279801 0.000104945 -0.031082628 0.002268002 0.999514282
1783355570327780096.000000 -0.003441822 0.002783404 0.047516052 -0.000339032 -0.031931825 0.002650597 0.999486506
1783355570591741952.000000 -0.004114962 0.003332119 0.057130106 0.000090458 -0.030269073 0.002290795 0.999539137
1783355570831612160.000000 -0.004720073 0.003841307 0.065859728 -0.000144055 -0.029531665 0.001562331 0.999562621
1783355571039689984.000000 -0.005196956 0.004305570 0.073641270 -0.000586194 -0.030792566 0.002100775 0.999523401
1783355571303719936.000000 -0.005869213 0.004924634 0.083781950 -0.002291374 -0.030373998 0.003292623 0.999530554
1783355571619900928.000000 -0.006673220 0.005571871 0.095447496 -0.001492502 -0.029622260 0.002983198 0.999555588
1783355571919833856.000000 -0.007403419 0.006212148 0.106270432 0.000735942 -0.028494887 0.001947858 0.999591768
1783355572323864832.000000 -0.008341311 0.007091620 0.121419571 -0.000096284 -0.027996536 0.002419496 0.999605119
1783355572831960064.000000 -0.009511173 0.008179574 0.140403733 0.000634815 -0.026703034 0.002317682 0.999640524
1783355573488043008.000000 -0.010914674 0.009613245 0.164865166 -0.000245256 -0.027174545 0.002700258 0.999627054
1783355573924050944.000000 -0.011995315 0.010658132 0.181684852 -0.001517120 -0.024911860 0.002937891 0.999684215
1783355575648317952.000000 -0.015243382 0.014828539 0.245761096 -0.000028295 -0.022859564 0.002326953 0.999736011
1783355576828516096.000000 -0.015633563 0.016098380 0.265502632 -0.000114200 0.051347818 -0.001256219 0.998680055
1783355577632622080.000000 -0.015233947 0.017728634 0.294949859 -0.001056998 0.010352754 0.002914558 0.999941647
1783355577980808960.000000 -0.015036250 0.018223831 0.303086966 -0.008049057 0.000458989 0.002807632 0.999963582
1783355579064808960.000000 -0.015909761 0.016334623 0.268918574 0.002380732 0.001033084 0.000808136 0.999996305
1783355579604893952.000000 -0.015794437 0.015854800 0.263902247 -0.010924967 -0.003231104 0.002213388 0.999932647
