1783355627427632128.000000 0.000000000 0.000000000 0.000000000 -0.000000000 -0.000000000 -0.000000000 1.000000000
1783355627695756800.000000 -0.000655972 0.001389181 0.030373039 0.001706953 0.001783595 -0.000566367 0.999996841
1783355627875688192.000000 -0.000488237 0.002764895 0.052520107 0.001925284 0.002454769 -0.000194573 0.999995112
1783355627935760896.000000 -0.000691901 0.002875171 0.059179027 0.001608341 0.001870110 0.000036147 0.999996960
1783355628051787008.000000 -0.000778076 0.003763868 0.072960041 0.001427228 0.001033615 0.000334482 0.999998391
1783355628167812096.000000 -0.000789610 0.004455481 0.086835280 0.001159373 0.001667668 0.000572438 0.999997795
1783355628731913984.000000 -0.000652976 0.008297978 0.154480085 0.001454434 0.004817610 0.000737776 0.999987066
1783355628823909120.000000 -0.000681770 0.008850999 0.165429488 0.001726681 0.004926624 0.000868269 0.999985993
1783355628911837184.000000 -0.000677395 0.009427784 0.176465645 0.001776744 0.005033677 0.001055489 0.999985218
1783355629087958016.000000 -0.000464478 0.010493527 0.197773322 0.001844609 0.004137455 0.001796983 0.999988139
1783355629419968000.000000 -0.000260425 0.012895403 0.238638386 0.002254076 0.004665239 0.002104403 0.999984384
1783355629652264192.000000 0.000078746 0.014553608 0.267135382 0.003211033 0.006005886 0.001901611 0.999975026
1783355630016025088.000000 0.000570320 0.016528474 0.310783595 0.004910437 0.006798618 0.001846994 0.999963164
1783355630140027136.000000 0.000591493 0.017345883 0.326293677 0.005144895 0.006373189 0.001717744 0.999965012
1783355630256046080.000000 0.000571685 0.018037280 0.340436935 0.004352091 0.006154405 0.001830172 0.999969959
1783355630496079872.000000 0.000626104 0.020075591 0.370839864 0.002628710 0.005515970 0.001537281 0.999980152
1783355630788215040.000000 0.000605627 0.021901151 0.405947000 0.001210267 0.006784928 0.000456758 0.999976158
1783355630936152832.000000 0.000519167 0.023057038 0.423993498 0.001507923 0.007164615 -0.000023027 0.999973238
1783355631084152832.000000 0.000808163 0.023941282 0.441749066 0.001043224 0.008844264 0.000365961 0.999960303
1783355631236222976.000000 0.000970367 0.024901196 0.459665388 0.000580727 0.008358427 0.000577554 0.999964774
1783355631532204032.000000 0.000982626 0.027002044 0.495465577 -0.000507547 0.006840139 0.000895425 0.999976099
1783355631676273152.000000 0.001121927 0.028010212 0.512117982 0.000153378 0.007591943 0.000500195 0.999971032
1783355632388404992.000000 0.002107283 0.032789908 0.597521544 0.001787864 0.010524843 -0.000390025 0.999942958
1783355632560578048.000000 0.002661774 0.034168441 0.619383216 0.000741938 0.009062347 0.000229620 0.999958634
1783355632944720128.000000 0.003469712 0.036690176 0.665586293 0.000422605 0.010788199 0.000111560 0.999941707
1783355633160468992.000000 0.003694551 0.038061321 0.691183925 0.001004360 0.012033614 -0.000518944 0.999926984
1783355633364471040.000000 0.004227837 0.039421145 0.715786815 0.001661781 0.012156574 -0.000714683 0.999924481
1783355633572519168.000000 0.004758595 0.040808607 0.740860105 0.001052107 0.011344677 0.000150975 0.999935091
1783355633804574976.000000 0.005235081 0.042469062 0.769275904 0.000667905 0.011056567 0.000596400 0.999938488
1783355634044559104.000000 0.005556529 0.044181179 0.798109531 0.000207929 0.012024268 0.000115139 0.999927700
1783355634276599808.000000 0.006198512 0.045732711 0.826080978 0.000790775 0.014197063 -0.000553117 0.999898732
1783355634748960000.000000 0.007341709 0.048751220 0.882840037 -0.000502884 0.012657462 0.000487431 0.999919653
1783355634985015040.000000 0.007680294 0.050588503 0.911358237 -0.001361567 0.011770141 0.000191765 0.999929786
1783355635280783872.000000 0.008165418 0.052787889 0.947462916 -0.000532244 0.015219125 -0.000830381 0.999883711
1783355635573065984.000000 0.008876487 0.054683700 0.982313454 -0.000085564 0.015935395 -0.001133990 0.999872386
1783355635836849920.000000 0.009609982 0.056611884 1.014650941 -0.000133356 0.015748922 -0.000848825 0.999875665
1783355636432928000.000000 0.011295882 0.060584068 1.086220741 0.000796316 0.017364701 -0.000920436 0.999848485
1783355636717001984.000000 0.012443798 0.062401906 1.119813800 0.001722745 0.017484106 -0.000793069 0.999845386
1783355637005007872.000000 0.013399738 0.064313941 1.154755950 0.000831989 0.016595138 -0.000029699 0.999861956
1783355637289096960.000000 0.014182809 0.066151224 1.188780546 0.000722585 0.016332349 0.000166516 0.999866366
1783355637577083136.000000 0.014877881 0.068152338 1.223143816 0.001660417 0.020001324 -0.001037160 0.999798059
1783355637861170176.000000 0.016010311 0.069960885 1.256124258 0.002182366 0.019259840 -0.001520522 0.999810994
1783355638173161984.000000 0.017338416 0.072132096 1.294657826 0.001196983 0.016711880 0.000071537 0.999859631
1783355638573491200.000000 0.017998086 0.074318394 1.334007382 -0.012420993 0.008414987 0.000248442 0.999887466
1783355639261358080.000000 0.019929238 0.075049818 1.349959493 0.003157652 0.029206673 -0.001975905 0.999566495
1783355639685646080.000000 0.021529987 0.077851303 1.399398923 0.003773644 0.018034294 -0.001216083 0.999829531
1783355640977766912.000000 0.021197516 0.078076109 1.402900696 -0.011177278 0.021274623 -0.000738254 0.999710917
1783355641409650944.000000 0.019403195 0.074634738 1.340902090 0.002267412 0.008266006 -0.000905838 0.999962866
1783355641981736960.000000 0.019173183 0.074126408 1.331901670 -0.009628025 0.013726789 -0.000775113 0.999859154
1783355642377741056.000000 0.018790923 0.074027628 1.329990149 0.000527949 0.277409434 -0.014755047 0.960638344
