1783357002834291968.000000 0.000000000 0.000000000 0.000000000 -0.000000000 -0.000000000 -0.000000000 1.000000000
1783357003338313216.000000 0.005040242 0.000002284 0.000647743 0.002850003 0.092340373 -0.002330717 0.995720744
1783357003522386944.000000 0.004050089 0.000885346 0.008664588 0.013698171 0.114035666 -0.004404308 0.993372440
1783357003706363904.000000 0.005930477 0.000965385 0.023967709 0.015734142 0.094793856 -0.004840936 0.995360792
1783357003762393856.000000 0.006943345 0.001121214 0.029979594 0.016760020 0.087990843 -0.004516336 0.995970070
1783357003822436096.000000 0.008290842 0.001349782 0.036707241 0.015864268 0.086006142 -0.003595604 0.996161819
1783357003886404864.000000 0.007556225 0.001275387 0.044143133 0.017398231 0.088071123 -0.003936453 0.995954454
1783357003946699008.000000 0.008728040 0.001505085 0.052521940 0.017538901 0.091173492 -0.003906021 0.995672941
1783357004046466048.000000 0.009499715 0.001429630 0.067678668 0.019629480 0.095094368 -0.005487648 0.995259583
1783357004150415872.000000 0.011156192 0.001808550 0.086098142 0.019398047 0.098570645 -0.004717207 0.994929850
1783357004242438912.000000 0.013207796 0.002146320 0.103670411 0.018275082 0.099580556 -0.003141720 0.994856715
1783357004334449920.000000 0.015162183 0.002360907 0.122273989 0.019549897 0.100009724 -0.003846069 0.994786978
1783357004426501888.000000 0.017034626 0.002802782 0.142093390 0.019780492 0.101494618 -0.002170565 0.994637072
1783357004518503936.000000 0.019073926 0.003668034 0.162289873 0.021212921 0.101869389 -0.002044640 0.994569480
1783357004606515968.000000 0.023098662 0.003836154 0.182184100 0.022005208 0.104307577 -0.003206269 0.994296491
1783357004698576896.000000 0.027240880 0.004319664 0.202499732 0.018044308 0.106082581 -0.002999137 0.994189084
1783357004822489088.000000 0.032947667 0.004952311 0.230163947 0.016122194 0.106016234 -0.003373194 0.994227946
1783357004946504192.000000 0.038504560 0.005559837 0.257348090 0.017239528 0.106535010 -0.003880949 0.994151890
1783357005074548992.000000 0.044254947 0.006004224 0.284277499 0.017489335 0.110068984 -0.003961718 0.993762195
1783357005190574848.000000 0.049814858 0.006533945 0.309358478 0.016830515 0.112673223 -0.004523616 0.993479252
1783357005314595072.000000 0.055881631 0.007101692 0.336464852 0.017331848 0.114052020 -0.003507742 0.993317425
1783357005438606080.000000 0.061956413 0.007681918 0.363516867 0.016457105 0.115574084 -0.004798493 0.993150949
1783357005594629888.000000 0.069827124 0.008515558 0.397669762 0.014756936 0.117549285 -0.004164231 0.992948711
1783357005742609152.000000 0.077235565 0.009257047 0.430116981 0.015308965 0.117534712 -0.004609453 0.992940128
1783357005894684160.000000 0.084604263 0.009904356 0.461638182 0.015310448 0.120151855 -0.005307256 0.992623270
1783357006042876928.000000 0.091007404 0.010394255 0.488564819 0.001244524 0.125473768 -0.002853680 0.992092073
1783357006198669056.000000 0.095165312 0.010740826 0.504635215 0.000944923 0.149429962 -0.003045731 0.988767147
1783357006350724864.000000 0.096643932 0.010860672 0.509728611 0.004010811 0.142899022 -0.004516885 0.989718854
1783357006498727936.000000 0.097243465 0.010996188 0.512905419 0.007862714 0.099267520 -0.003485066 0.995023668
1783357006682769920.000000 0.097877137 0.011043757 0.516312838 0.013566425 0.096967474 -0.003584903 0.995188653
1783357007378880000.000000 0.100502700 0.011267140 0.530126691 0.018002525 0.091766328 -0.004155188 0.995609164
1783357008014898944.000000 0.100713924 0.011335573 0.531274378 0.017609285 0.092392802 -0.004049372 0.995558739
1783357008214977024.000000 0.101139843 0.011260247 0.532020271 0.018458698 0.161326393 -0.006870849 0.986704588
1783357009159040000.000000 0.109367371 0.012006531 0.567764819 0.005421679 0.082265250 -0.003546673 0.996589422
1783357009427109888.000000 0.109564349 0.011971179 0.568225682 0.007627114 0.071007222 -0.004117022 0.997438192
1783357009731108864.000000 0.109331042 0.012054149 0.567444742 0.010010266 0.084099993 -0.004447408 0.996397138
1783357010079368192.000000 0.109008886 0.011905947 0.565129042 0.019131336 0.110905468 -0.006448038 0.993625879
1783357010411219968.000000 0.105159275 0.011757152 0.548628211 0.007537019 0.113983788 -0.004820454 0.993442357
1783357010795293184.000000 0.102062277 0.011386666 0.533919096 0.011550547 0.105028637 -0.003675722 0.994395316
1783357011151360000.000000 0.101776257 0.011383189 0.532867193 0.006586348 0.103121452 -0.003205148 0.994641840
1783357011447344896.000000 0.101255462 0.011235246 0.532705784 0.009469463 0.190277234 -0.005966171 0.981666625
1783357011763627008.000000 0.101743832 0.011027655 0.531563163 0.014250037 0.393293709 -0.015224696 0.919176340
1783357012027427072.000000 0.101118341 0.011186296 0.530327916 0.012659814 0.552470565 -0.019196289 0.833215177
