1783356605210270976.000000 0.000000000 0.000000000 0.000000000 -0.000000000 -0.000000000 -0.000000000 1.000000000
1783356605358237952.000000 -0.000814630 0.002283156 0.044094108 -0.001380907 -0.000638859 -0.000034854 0.999998868
1783356605526341888.000000 -0.001468845 0.005163983 0.093616776 -0.001978893 -0.001948647 -0.000895053 0.999995768
1783356605582276096.000000 -0.001675255 0.006145009 0.110793941 -0.003280453 -0.001582088 0.000016736 0.999993384
1783356605642338048.000000 -0.001923925 0.007162797 0.127959982 -0.003071515 -0.000641132 -0.000595746 0.999994934
1783356605698288896.000000 -0.002012257 0.008305748 0.145220444 -0.002545461 -0.000139793 -0.000841510 0.999996424
1783356605758347008.000000 -0.002189131 0.009244976 0.162088916 -0.002555455 0.000377056 -0.000556075 0.999996543
1783356605814299136.000000 -0.002270592 0.010322758 0.179233372 -0.003120914 0.001775503 -0.000127471 0.999993563
1783356605874368000.000000 -0.002405949 0.011323340 0.196105853 -0.002706878 0.003794453 -0.000365285 0.999989092
1783356605958393088.000000 -0.002205661 0.012819112 0.220007449 -0.003491799 0.006013955 0.000426148 0.999975741
1783356606046319104.000000 -0.001995785 0.014450315 0.246791735 -0.003462714 0.007192094 0.000841560 0.999967813
1783356606130359040.000000 -0.001990674 0.016202310 0.271059871 -0.002802747 0.007291405 -0.001159831 0.999968827
1783356606214413824.000000 -0.001609224 0.017850446 0.295302898 -0.004914912 0.006243226 -0.000129587 0.999968410
1783356606298440960.000000 -0.001302111 0.019358104 0.319457233 -0.006038432 0.007750927 -0.000586079 0.999951541
1783356606414444800.000000 -0.000932933 0.021734362 0.353108287 -0.008955332 0.008414208 -0.000003026 0.999924541
1783356606870494976.000000 -0.000219404 0.026061473 0.414432734 -0.014695390 0.020288674 -0.000672288 0.999685943
1783356606986505984.000000 -0.000165822 0.026205305 0.417777449 -0.011979499 0.016028658 -0.000467431 0.999799669
1783356608566673152.000000 0.000944688 0.028351810 0.453389257 -0.000985630 0.025729228 -0.001107161 0.999667883
1783356609230781184.000000 0.001697614 0.030651795 0.489593118 -0.000889908 0.011749718 0.001035462 0.999930084
1783356609578752000.000000 0.001764888 0.031071085 0.499063224 -0.004430714 -0.018691590 0.002571726 0.999812186
1783356609994985216.000000 0.002058459 0.030867070 0.497734964 -0.006798791 0.001135952 0.002075888 0.999974072
1783356610142856960.000000 0.002013183 0.030763710 0.493706346 -0.012505385 0.023657098 0.001229420 0.999641180
1783356610398900992.000000 0.001168219 0.029506020 0.472255528 -0.011627733 0.005199338 0.001474275 0.999917805
1783356610946932992.000000 0.001248275 0.027196998 0.447240382 -0.007124638 -0.005477824 0.000437910 0.999959528
1783356611495016960.000000 0.003633967 0.028144000 0.449005157 -0.013084345 0.119093738 -0.003943871 0.992788970
1783356611663045888.000000 0.003905635 0.027917093 0.447916687 -0.015804909 0.229748309 -0.008034298 0.973088622
1783356611835041024.000000 0.003456406 0.027973661 0.446419358 -0.014669966 0.345131844 -0.013447344 0.938343227
1783356611999092224.000000 0.002419204 0.027642008 0.445795745 -0.014423005 0.455599964 -0.018647617 0.889872432
1783356612143111936.000000 0.003400162 0.027934259 0.445911318 -0.014643095 0.543878078 -0.023906736 0.838695824
1783356612235113984.000000 0.002930641 0.028463440 0.445776016 -0.014148269 0.598900139 -0.028323177 0.800197661
