1783357003338313216.000000 0.005040242 0.000002284 0.000647743 0.002850003 0.092340373 -0.002330717 0.995720744
1783357003462311936.000000 0.033793710 0.000521116 0.006077628 0.012172068 0.096164018 -0.002751118 0.995287299
1783357003490403840.000000 0.001730499 0.000122811 0.006028588 0.013940003 0.112799138 -0.004666990 0.993509054
1783357003522386944.000000 0.004050089 0.000885346 0.008664589 0.013698170 0.114035666 -0.004404308 0.993372440
1783357003554352896.000000 0.012355389 0.000484712 0.011708771 0.013056875 0.112095691 -0.003601983 0.993605137
1783357003590375936.000000 -0.013726425 0.000309255 0.015338375 0.013868784 0.123453259 -0.004168678 0.992244780
1783357003614408960.000000 -0.014907749 0.000149502 0.017144047 0.013998965 0.121282034 -0.004386018 0.992509663
1783357003646354944.000000 -0.017280411 0.000039527 0.020765876 0.014240117 0.117126256 -0.004466577 0.993004918
1783357003670643200.000000 -0.019438421 0.000178655 0.023833372 0.014862366 0.113259919 -0.004322761 0.993444860
1783357003706363904.000000 0.005930477 0.000965385 0.023967708 0.015734142 0.094793856 -0.004840936 0.995360792
1783357003730722048.000000 0.006421290 0.001029809 0.026653456 0.015984878 0.091194920 -0.004638114 0.995693982
1783357003762393856.000000 0.006943345 0.001121214 0.029979594 0.016760020 0.087990843 -0.004516336 0.995970070
1783357003794356992.000000 0.007727591 0.001229033 0.034053262 0.016567731 0.086401530 -0.004162126 0.996114016
1783357003822436096.000000 0.008290842 0.001349782 0.036707241 0.015864268 0.086006142 -0.003595604 0.996161819
1783357003854435840.000000 0.007252315 0.001378668 0.040787529 0.017413137 0.086846799 -0.003654339 0.996062815
1783357003886404864.000000 0.007556225 0.001275386 0.044143133 0.017398231 0.088071123 -0.003936453 0.995954454
1783357003918452992.000000 0.006473328 0.001220535 0.048660059 0.017520819 0.090549812 -0.003791095 0.995730579
1783357003946699008.000000 0.008728040 0.001505085 0.052521940 0.017538901 0.091173492 -0.003906021 0.995672941
1783357003978651136.000000 0.007457245 0.001556707 0.058263481 0.017339997 0.093758032 -0.003851850 0.995436609
1783357004018388992.000000 -0.018573083 0.000300161 0.065254211 0.018095927 0.108382188 -0.004217370 0.993935704
1783357004046466048.000000 0.009499717 0.001429630 0.067678668 0.019629480 0.095094368 -0.005487648 0.995259583
1783357004078608128.000000 0.007590979 0.001497680 0.074029006 0.019546729 0.097487152 -0.005299586 0.995030761
1783357004110585856.000000 -0.022378519 0.000371434 0.080373600 0.019027548 0.114614524 -0.005035770 0.993215084
1783357004150415872.000000 0.011156192 0.001808549 0.086098142 0.019398047 0.098570645 -0.004717207 0.994929850
1783357004178489088.000000 0.009927401 0.001845234 0.090603054 0.018765843 0.100331813 -0.003976721 0.994769096
1783357004210434816.000000 -0.026993899 0.000513424 0.099635422 0.017408194 0.120891854 -0.003080947 0.992508292
1783357004242438912.000000 0.013207796 0.002146320 0.103670411 0.018275082 0.099580556 -0.003141720 0.994856715
1783357004270451968.000000 0.013392294 0.001410086 0.109511457 0.017762790 0.099889532 -0.003103439 0.994835138
1783357004302498048.000000 0.011510879 0.000453032 0.116701178 0.017661037 0.101404175 -0.003060758 0.994683862
1783357004334449920.000000 0.015162185 0.002360907 0.122274004 0.019549897 0.100009724 -0.003846069 0.994786978
1783357004358642176.000000 0.014022093 0.002690345 0.127847940 0.020059837 0.101612426 -0.003923114 0.994614124
1783357004394499072.000000 0.012344734 0.002671798 0.135763839 0.019910131 0.103585169 -0.002851856 0.994417191
1783357004426501888.000000 0.017034622 0.002802782 0.142093390 0.019780492 0.101494618 -0.002170565 0.994637072
1783357004450714112.000000 0.015744576 0.002710839 0.147999749 0.019801004 0.102578580 -0.001802321 0.994526148
1783357004482592000.000000 0.015221834 0.003183198 0.156495839 0.020054638 0.103591688 -0.001748130 0.994416237
1783357004518503936.000000 0.019073926 0.003668034 0.162289888 0.021212921 0.101869397 -0.002044639 0.994569480
1783357004550520064.000000 0.020483231 0.005613275 0.169450089 0.023774819 0.102466807 -0.003351325 0.994446695
1783357004574733056.000000 -0.033814911 0.000103309 0.181929737 0.020228228 0.136547670 -0.002513424 0.990423739
1783357004606515968.000000 0.023098661 0.003836155 0.182184100 0.022005208 0.104307577 -0.003206269 0.994296491
1783357004642533120.000000 0.024522716 0.004259116 0.190286770 0.020365596 0.105496362 -0.002997608 0.994206607
1783357004666533888.000000 0.025645707 0.004134533 0.195592493 0.019333003 0.105920658 -0.002896451 0.994182467
1783357004698576896.000000 0.027240878 0.004319665 0.202499717 0.018044308 0.106082574 -0.002999137 0.994189084
1783357004734519040.000000 0.028472945 0.004427589 0.209883168 0.017127473 0.106386177 -0.003460522 0.994171381
1783357004758883840.000000 0.029817199 0.004706438 0.216157898 0.016765838 0.106402650 -0.003826456 0.994174421
1783357004790529024.000000 0.031319074 0.004789801 0.224126756 0.016216401 0.106452346 -0.004270929 0.994176447
1783357004822489088.000000 0.032947674 0.004952311 0.230163947 0.016122194 0.106016226 -0.003373193 0.994227946
1783357004850817792.000000 0.034262866 0.005184087 0.236147270 0.016182406 0.105844550 -0.003207380 0.994245827
1783357004882606080.000000 0.035595097 0.005146523 0.243443519 0.016457662 0.106063306 -0.002867783 0.994219065
1783357004914532864.000000 0.036852207 0.005234722 0.250989944 0.016905634 0.106514029 -0.003285444 0.994162023
1783357004946504192.000000 0.038504560 0.005559837 0.257348090 0.017239528 0.106535010 -0.003880949 0.994151890
1783357004974579968.000000 0.039681170 0.005653831 0.263083279 0.017518284 0.106952898 -0.004501357 0.994099557
1783357005006594048.000000 0.041191854 0.005769273 0.270471364 0.018307054 0.107874438 -0.005236642 0.993982196
1783357005038541056.000000 0.042750683 0.005944019 0.277825236 0.018579865 0.109135337 -0.005101502 0.993840158
1783357005074548992.000000 0.044254951 0.006004223 0.284277529 0.017489335 0.110068977 -0.003961718 0.993762195
1783357005098593024.000000 0.045582023 0.006207941 0.289878160 0.016944312 0.110967867 -0.003269456 0.993674219
1783357005130571008.000000 0.047142860 0.006359505 0.297449082 0.016861944 0.112134419 -0.003563057 0.993543625
1783357005162526976.000000 0.048547160 0.006327677 0.304765522 0.016702836 0.112878710 -0.004121156 0.993459821
1783357005190574848.000000 0.049814872 0.006533945 0.309358507 0.016830515 0.112673223 -0.004523616 0.993479252
1783357005222620928.000000 0.051468436 0.006771796 0.316977650 0.017390005 0.113116868 -0.005000996 0.993416905
1783357005254572032.000000 0.052976795 0.006762151 0.324202895 0.018180056 0.113506235 -0.004801200 0.993359387
1783357005286542848.000000 0.054649811 0.007007912 0.331711113 0.017783731 0.114010319 -0.004229443 0.993311405
1783357005314595072.000000 0.055881619 0.007101692 0.336464852 0.017331848 0.114052013 -0.003507742 0.993317425
1783357005346636032.000000 0.057501830 0.007307890 0.343885750 0.017216962 0.114587985 -0.003709591 0.993256986
1783357005378576896.000000 0.059138689 0.007317856 0.351198584 0.016789293 0.115073383 -0.003992025 0.993207157
1783357005402742016.000000 0.060310818 0.007486221 0.356801242 0.016493648 0.115704782 -0.004421622 0.993136883
1783357005438606080.000000 0.061956402 0.007681920 0.363516837 0.016457105 0.115574077 -0.004798493 0.993150949
1783357005470606080.000000 0.063502371 0.007766515 0.370746046 0.016719330 0.115968019 -0.004850180 0.993100405
1783357005502574080.000000 0.065360703 0.008138489 0.377975434 0.016352506 0.116377592 -0.004270239 0.993061244
1783357005530627840.000000 0.066386633 0.008231260 0.383343220 0.015718969 0.117080010 -0.004116069 0.992989540
1783357005562637056.000000 0.068116575 0.008439509 0.391105264 0.015538710 0.117677562 -0.003838733 0.992922902
1783357005594629888.000000 0.069827124 0.008515557 0.397669792 0.014756936 0.117549278 -0.004164231 0.992948711
1783357005618866944.000000 0.071032934 0.008579941 0.403182894 0.014253881 0.117332481 -0.004802086 0.992978811
1783357005654625792.000000 0.072665244 0.008879662 0.410570294 0.014106384 0.117457971 -0.005317584 0.992963493
1783357005679088128.000000 0.073879778 0.008851250 0.416050524 0.013751775 0.117631339 -0.005724807 0.992945671
1783357005710653184.000000 0.075458601 0.008975619 0.423321486 0.014260611 0.117812693 -0.005474571 0.992918372
1783357005742609152.000000 0.077235550 0.009257045 0.430116951 0.015308965 0.117534712 -0.004609453 0.992940128
1783357005770795008.000000 0.078336857 0.009384672 0.435538173 0.016189028 0.117757030 -0.004345331 0.992900968
1783357005802690048.000000 0.080003105 0.009520286 0.442708313 0.016785312 0.118094303 -0.004453058 0.992850542
1783357005834647040.000000 0.081702180 0.009667646 0.449854106 0.017019780 0.118515767 -0.004922609 0.992794156
1783357005870678016.000000 0.083402343 0.009755732 0.456928819 0.016437849 0.119510360 -0.005396422 0.992682219
1783357005894684160.000000 0.084604263 0.009904357 0.461638212 0.015310448 0.120151855 -0.005307257 0.992623270
1783357005926661888.000000 0.086130232 0.010050906 0.468410552 0.010520820 0.121424265 -0.004629890 0.992534220
1783357005958638080.000000 0.087776028 0.010238570 0.475035459 0.001419144 0.121981315 -0.002957043 0.992527008
1783357005986708992.000000 0.088864662 0.010163151 0.479590029 -0.001935687 0.122791037 -0.002591705 0.992427289
1783357006018693888.000000 0.090205111 0.010376952 0.485195100 0.002320337 0.124054410 -0.002989111 0.992268205
1783357006042876928.000000 0.091007404 0.010394254 0.488564759 0.001244524 0.125473768 -0.002853680 0.992092073
1783357006074661120.000000 0.092069425 0.010444435 0.493061066 0.000766409 0.128382355 -0.002692493 0.991720855
1783357006110691072.000000 0.092997797 0.010393554 0.497129470 0.001649226 0.133281291 -0.003338104 0.991071343
1783357006134732032.000000 0.093659259 0.010520942 0.499707878 0.000775981 0.137357369 -0.002957389 0.990516901
1783357006166692864.000000 0.094362162 0.010610454 0.502486348 0.001305147 0.143705621 -0.003444902 0.989613712
1783357006198669056.000000 0.095165320 0.010740826 0.504635215 0.000944923 0.149429962 -0.003045731 0.988767147
1783357006226766080.000000 0.095564954 0.010826511 0.505947769 0.002260442 0.153831005 -0.003578905 0.988088071
1783357006258739968.000000 0.096000969 0.010871459 0.507444024 0.003561731 0.157302141 -0.004833865 0.987532318
1783357006290686976.000000 0.096392311 0.010888808 0.508546293 0.002979279 0.155975133 -0.004082792 0.987748146
1783357006314977024.000000 0.096604079 0.010879867 0.509138346 0.003448370 0.152317226 -0.004292028 0.988316357
1783357006350724864.000000 0.096643947 0.010860671 0.509728611 0.004010811 0.142899022 -0.004516885 0.989718854
1783357006382710016.000000 0.096878879 0.010892892 0.510460496 0.004349812 0.129984438 -0.004261943 0.991497397
1783357006406966016.000000 0.096962340 0.010925851 0.510978878 0.004961399 0.120948724 -0.004058526 0.992638111
1783357006442750976.000000 0.096935876 0.010918602 0.511690319 0.005661771 0.111010402 -0.003999996 0.993795097
1783357006467072000.000000 0.096985951 0.010922136 0.512408376 0.006438030 0.105346449 -0.003816109 0.994407475
1783357006498727936.000000 0.097243465 0.010996187 0.512905359 0.007862714 0.099267520 -0.003485066 0.995023668
1783357006530704896.000000 0.097395882 0.010999391 0.513591647 0.009361466 0.095599130 -0.003263941 0.995370567
1783357006558796032.000000 0.097489126 0.011016070 0.514120042 0.010952611 0.093626112 -0.003281517 0.995541811
1783357006590786816.000000 0.097573414 0.011002289 0.514762938 0.012187880 0.091952935 -0.003472698 0.995682776
1783357006622739200.000000 0.097683191 0.010997552 0.515317082 0.012154028 0.092367262 -0.003196185 0.995645702
1783357006654715136.000000 0.097809382 0.011013380 0.515844166 0.012363289 0.094681971 -0.003272170 0.995425463
1783357006682769920.000000 0.097877152 0.011043757 0.516312838 0.013566425 0.096967474 -0.003584904 0.995188653
1783357006714772992.000000 0.098029688 0.011048334 0.516907215 0.015839132 0.099746555 -0.003723332 0.994879842
1783357006738967040.000000 0.098124906 0.011078405 0.517358303 0.017487252 0.101271115 -0.004080377 0.994696856
1783357006770756096.000000 0.098188959 0.011043023 0.517879605 0.017184844 0.102418944 -0.004141815 0.994584322
1783357006799120896.000000 0.098280244 0.011073023 0.518333614 0.017181890 0.102699079 -0.004127296 0.994555593
1783357006830818816.000000 0.098475106 0.011047790 0.518843293 0.017335113 0.102394208 -0.004091872 0.994584441
1783357006862774016.000000 0.098522164 0.011111504 0.519614160 0.017452052 0.102216311 -0.004290597 0.994599879
1783357006894763008.000000 0.098681532 0.011056814 0.520163298 0.017232975 0.101668239 -0.004204162 0.994660258
1783357006922827008.000000 0.098790005 0.011084354 0.520772994 0.017121650 0.100904979 -0.004201376 0.994739890
1783357006954785024.000000 0.098903649 0.011086944 0.521449506 0.017502017 0.099909507 -0.004148921 0.994833946
1783357006986759936.000000 0.099041991 0.011083365 0.522152841 0.016974224 0.099640824 -0.004152044 0.994870067
1783357007014849024.000000 0.099077247 0.011093252 0.522735417 0.017289273 0.099799208 -0.004159401 0.994848728
1783357007046836992.000000 0.099312812 0.011159200 0.523454964 0.017307270 0.099917874 -0.004192634 0.994836330
1783357007070982912.000000 0.099390447 0.011112603 0.523871601 0.017225558 0.099981882 -0.004217164 0.994831204
1783357007102793984.000000 0.099482045 0.011118437 0.524569750 0.017803397 0.099749230 -0.004304099 0.994844079
1783357007138818048.000000 0.099588223 0.011059462 0.525114417 0.017021641 0.099245988 -0.004245599 0.994908333
1783357007162899968.000000 0.099701405 0.011103891 0.525749087 0.017261863 0.098525994 -0.004245983 0.994975686
1783357007194816000.000000 0.099821508 0.011108567 0.526432693 0.017623538 0.097413965 -0.004363040 0.995078385
1783357007226792960.000000 0.099948213 0.011091671 0.527056992 0.017503547 0.096404366 -0.004278514 0.995179176
1783357007254849792.000000 0.100062259 0.011124208 0.527502179 0.017711885 0.095574535 -0.004265671 0.995255589
1783357007286864128.000000 0.100167416 0.011166966 0.528293848 0.017388141 0.094452798 -0.004153655 0.995368838
1783357007318823168.000000 0.100272737 0.011172298 0.528934360 0.017855499 0.093436211 -0.004216981 0.995456219
1783357007350845184.000000 0.100453049 0.011230235 0.529658914 0.017570943 0.092448033 -0.004144361 0.995553851
1783357007378880000.000000 0.100502707 0.011267140 0.530126691 0.018002525 0.091766328 -0.004155188 0.995609164
1783357007410838016.000000 0.100537658 0.011302071 0.530786812 0.018098107 0.091112010 -0.004253883 0.995667160
1783357007435069184.000000 0.100626782 0.011315716 0.531270325 0.018239677 0.090392731 -0.004282377 0.995729983
1783357007466872064.000000 0.100734398 0.011278966 0.531887591 0.018229045 0.089712240 -0.004205105 0.995792091
1783357007494893056.000000 0.100763917 0.011287576 0.532388568 0.017998891 0.089528337 -0.004063334 0.995813370
1783357007526881024.000000 0.100917175 0.011298561 0.533097923 0.017878164 0.089147396 -0.003941741 0.995850205
1783357007558840064.000000 0.101079531 0.011481015 0.533314943 0.010533781 0.086920671 -0.003272981 0.996154249
1783357007587136000.000000 0.101040140 0.011449539 0.533221245 0.002560630 0.085730337 -0.002594650 0.996311784
1783357007618907904.000000 0.101013884 0.011472130 0.533194661 0.004104238 0.085501373 -0.002820906 0.996325612
1783357007650878976.000000 0.100913048 0.011365512 0.532779992 0.003531367 0.086708963 -0.002801722 0.996223569
1783357007682852864.000000 0.100847237 0.011336116 0.532415032 0.005479524 0.087452948 -0.003042307 0.996148944
1783357007710910208.000000 0.100901254 0.011486568 0.532285810 0.008341507 0.087680109 -0.003326906 0.996108234
1783357007742918912.000000 0.100891449 0.011425361 0.531997502 0.011736846 0.088401437 -0.003493732 0.996009707
1783357007774877952.000000 0.100712009 0.011279321 0.531649590 0.014948566 0.089305282 -0.003930976 0.995884418
1783357007799083008.000000 0.100694805 0.011263230 0.531347454 0.017737664 0.089647330 -0.004076207 0.995807290
1783357007834948096.000000 0.100568481 0.011295396 0.531199336 0.019470820 0.089023910 -0.005016217 0.995826542
1783357007866888960.000000 0.100565583 0.011296229 0.531125069 0.018541157 0.087780103 -0.004544486 0.995957017
1783357007891020032.000000 0.100604191 0.011261312 0.531141937 0.017683582 0.087422147 -0.003920994 0.996006727
1783357007922964992.000000 0.100625433 0.011269754 0.531208396 0.017206132 0.086986013 -0.003985051 0.996052980
1783357007951211008.000000 0.100618824 0.011292030 0.531215012 0.017293006 0.086893201 -0.004246711 0.996058524
1783357007982942976.000000 0.100628331 0.011282267 0.531223774 0.017693896 0.087150112 -0.004015751 0.996029973
1783357008014898944.000000 0.100713924 0.011335571 0.531274438 0.017609285 0.092392802 -0.004049372 0.995558739
1783357008042993920.000000 0.100824766 0.011373304 0.531325400 0.018133512 0.101989359 -0.004550139 0.994609833
1783357008075067904.000000 0.100940786 0.011296754 0.530975699 0.018071739 0.119303204 -0.005202309 0.992679834
1783357008114968064.000000 0.100777566 0.011347193 0.530987084 0.017628759 0.141747192 -0.005567083 0.989730358
1783357008146985984.000000 0.100895911 0.011191947 0.531229913 0.018359898 0.153801233 -0.006319623 0.987911046
1783357008183016960.000000 0.101017624 0.011256273 0.531776369 0.018730992 0.159481034 -0.007081068 0.986997902
1783357008214977024.000000 0.101139843 0.011260243 0.532020271 0.018458698 0.161326393 -0.006870849 0.986704588
1783357008254951936.000000 0.101376370 0.011269851 0.532716155 0.018352948 0.159430280 -0.006484482 0.987017274
1783357008283305984.000000 0.101585656 0.011296721 0.533339798 0.018341916 0.155712962 -0.006293731 0.987612069
1783357008315008000.000000 0.101904050 0.011284663 0.534275353 0.018222192 0.148878857 -0.005889558 0.988670051
1783357008346961920.000000 0.102140829 0.011299478 0.535381138 0.018370589 0.140858293 -0.005688617 0.989843011
1783357008378993920.000000 0.102560848 0.011366580 0.536649168 0.018628957 0.131887197 -0.005343775 0.991075277
1783357008407012096.000000 0.102764659 0.011433850 0.537772477 0.018192029 0.125994951 -0.004959015 0.991851687
1783357008439012096.000000 0.103237428 0.011427156 0.539196610 0.018631186 0.119003512 -0.004811576 0.992707431
1783357008463049984.000000 0.103558294 0.011530496 0.540298879 0.018686989 0.115242660 -0.004872772 0.993149638
1783357008495161088.000000 0.104132973 0.011544267 0.541620433 0.018847331 0.111544579 -0.004878734 0.993568718
1783357008531024896.000000 0.104194768 0.011576444 0.543121219 0.019206181 0.110385478 -0.004944058 0.993691027
1783357008555223040.000000 0.104261234 0.011531580 0.544202089 0.018816682 0.110433988 -0.005019651 0.993692696
1783357008586991104.000000 0.104500353 0.011511362 0.545745730 0.019261789 0.111173972 -0.005311173 0.993600070
1783357008615420160.000000 0.104913875 0.011518951 0.546628356 0.020014847 0.111756258 -0.005476540 0.993519008
1783357008647048960.000000 0.105038613 0.011682680 0.548142731 0.019682465 0.113450944 -0.005890930 0.993331194
1783357008678993920.000000 0.105222613 0.011773834 0.549565971 0.019940857 0.114834808 -0.006019520 0.993166268
1783357008711045120.000000 0.105890833 0.011871833 0.550948381 0.020029031 0.115423106 -0.006025646 0.993096173
1783357008739027968.000000 0.105941549 0.011733955 0.552051544 0.019575451 0.116516575 -0.006055592 0.992977381
1783357008771032064.000000 0.106365249 0.011696281 0.553488016 0.019865114 0.117105879 -0.006192802 0.992901504
1783357008795059968.000000 0.106679752 0.011849068 0.554577470 0.020023758 0.117495798 -0.006324499 0.992851377
1783357008826996992.000000 0.106600866 0.011868180 0.556026995 0.020167913 0.118637756 -0.006645005 0.992710590
1783357008855143936.000000 0.106637843 0.011764169 0.557067335 0.020224946 0.119268477 -0.006816127 0.992632627
1783357008887027968.000000 0.107265361 0.011815269 0.558432400 0.020113401 0.119240820 -0.006728825 0.992638826
1783357008919030016.000000 0.107484333 0.011921527 0.559916794 0.020308260 0.119990274 -0.006890680 0.992543459
1783357008951024896.000000 0.107653134 0.011902156 0.561261356 0.020279717 0.120519258 -0.006954794 0.992479503
1783357008979033856.000000 0.108321086 0.011873111 0.562234223 0.020189904 0.120020479 -0.006885821 0.992542267
1783357009003319040.000000 0.108310826 0.011923014 0.563386202 0.020310167 0.120785415 -0.007016626 0.992446125
1783357009035118080.000000 0.108755551 0.011921871 0.564679265 0.020589143 0.121038094 -0.007255033 0.992407799
1783357009071090944.000000 0.109277427 0.011608334 0.565401495 0.012223635 0.111807853 -0.005536352 0.993639231
1783357009095262976.000000 0.109379038 0.011867397 0.565892637 0.008912002 0.103392720 -0.005642631 0.994584680
1783357009127053056.000000 0.109805197 0.011865277 0.566927671 0.005153448 0.092313163 -0.003996865 0.995708704
1783357009159040000.000000 0.109367378 0.012006531 0.567764878 0.005421679 0.082265250 -0.003546673 0.996589422
1783357009187160064.000000 0.109482281 0.012178415 0.568316579 0.007201200 0.073724128 -0.003681269 0.997245908
1783357009219109120.000000 0.109318510 0.011906827 0.568405747 0.006990113 0.068311892 -0.004294846 0.997630358
1783357009243122176.000000 0.109390967 0.012143083 0.568657517 0.006797731 0.070075214 -0.003770015 0.997511506
1783357009275062016.000000 0.109420255 0.012123408 0.568606555 0.007134970 0.068811789 -0.003827353 0.997596860
1783357009303414016.000000 0.109254740 0.011845772 0.568473339 0.006900019 0.069764264 -0.003771145 0.997532547
1783357009335130880.000000 0.109272465 0.011715694 0.568404555 0.007146257 0.069423303 -0.004022545 0.997553647
1783357009367098112.000000 0.109509431 0.011903997 0.568327546 0.007292423 0.069402538 -0.004030056 0.997554004
1783357009399069952.000000 0.109603599 0.011760658 0.568134844 0.007166814 0.070092484 -0.003873821 0.997507274
1783357009427109888.000000 0.109564349 0.011971179 0.568225682 0.007627114 0.071007222 -0.004117022 0.997438192
1783357009459158784.000000 0.109558672 0.011973702 0.568160355 0.007546369 0.071863025 -0.004116177 0.997377515
1783357009491099136.000000 0.109513491 0.011997529 0.568136573 0.007682350 0.072929412 -0.003989724 0.997299612
1783357009515100928.000000 0.109527275 0.011977256 0.568164229 0.007893876 0.073568381 -0.004229658 0.997249961
1783357009543129856.000000 0.109464064 0.012010244 0.568052828 0.008234557 0.074233629 -0.004287568 0.997197688
1783357009575159040.000000 0.109489247 0.012036865 0.567930043 0.008788002 0.074681267 -0.004137667 0.997160196
1783357009607120128.000000 0.109441541 0.012025889 0.567933142 0.009420889 0.076074354 -0.004243994 0.997048676
1783357009643162112.000000 0.109453216 0.011917622 0.567804277 0.009477871 0.077166036 -0.004352493 0.996963739
1783357009667154944.000000 0.109390207 0.011994894 0.567749918 0.009775129 0.078876562 -0.004184281 0.996827662
1783357009699126016.000000 0.109338097 0.012002360 0.567611456 0.009785299 0.081502102 -0.004376610 0.996615589
1783357009731108864.000000 0.109331049 0.012054149 0.567444742 0.010010266 0.084099993 -0.004447408 0.996397138
1783357009759186944.000000 0.109288894 0.012089817 0.567276835 0.010371544 0.086244792 -0.004485125 0.996209919
1783357009783376896.000000 0.109232679 0.012097074 0.567174196 0.010637619 0.088480815 -0.004523828 0.996010840
1783357009815165952.000000 0.109248415 0.012121295 0.567072153 0.011212518 0.091294855 -0.004686847 0.995749772
1783357009847127808.000000 0.109194919 0.012137314 0.566867352 0.012209706 0.094069764 -0.004909929 0.995478690
1783357009875204096.000000 0.109192170 0.012078219 0.566698730 0.012859590 0.095893502 -0.004945854 0.995296299
1783357009907162880.000000 0.109013841 0.012086061 0.566502571 0.014073704 0.098664351 -0.005149250 0.995007992
1783357009963154944.000000 0.109126106 0.012012582 0.565965533 0.016625293 0.102322280 -0.005506407 0.994597137
1783357009991420928.000000 0.109150812 0.011860400 0.565831125 0.017736614 0.103869669 -0.005682213 0.994416595
1783357010023214080.000000 0.109085545 0.011882333 0.565545738 0.019840637 0.106189050 -0.005870595 0.994130731
1783357010055171072.000000 0.109085664 0.011843457 0.565253019 0.021171054 0.108714841 -0.006430453 0.993826747
1783357010079368192.000000 0.109008871 0.011905947 0.565129042 0.019131336 0.110905468 -0.006448038 0.993625879
1783357010115190016.000000 0.108960748 0.011918530 0.564353943 0.008351561 0.114856705 -0.004949289 0.993334711
1783357010139493888.000000 0.108904302 0.011834137 0.563468993 0.001767240 0.116794191 -0.003326613 0.993149042
1783357010171195136.000000 0.108816952 0.011896176 0.562350988 0.006136647 0.119514205 -0.004220035 0.992804527
1783357010203205120.000000 0.108280867 0.011952822 0.560938239 0.004441438 0.121643864 -0.004150080 0.992555201
1783357010231229952.000000 0.107853971 0.011812574 0.559758961 0.004303781 0.122873530 -0.003730536 0.992406011
1783357010263230976.000000 0.107720129 0.011808001 0.557711065 0.005386678 0.123282991 -0.004324810 0.992347538
1783357010295203072.000000 0.107093446 0.011752580 0.555767179 0.005409256 0.122466303 -0.004543609 0.992447555
1783357010319567872.000000 0.106678568 0.011817596 0.554201305 0.006054971 0.120943077 -0.004768108 0.992629588
1783357010347233024.000000 0.106138371 0.011772854 0.552730262 0.006415005 0.119230576 -0.004581516 0.992835283
1783357010379228160.000000 0.105763875 0.011718853 0.550577581 0.006543462 0.116177924 -0.004613401 0.993196189
1783357010411219968.000000 0.105159275 0.011757152 0.548628211 0.007537019 0.113983788 -0.004820454 0.993442357
1783357010447258880.000000 0.104786381 0.011809347 0.546624601 0.008234425 0.112386040 -0.004689184 0.993619442
1783357010471270144.000000 0.104514509 0.011621928 0.545065999 0.008946531 0.111807890 -0.004545270 0.993679225
1783357010503247104.000000 0.104067795 0.011610823 0.543031216 0.010284732 0.111617826 -0.004654243 0.993687093
1783357010527473920.000000 0.103908032 0.011478988 0.541450381 0.011461863 0.111134425 -0.004761857 0.993727922
1783357010587259136.000000 0.103091493 0.011453784 0.538371384 0.020322828 0.110896647 -0.005916231 0.993606567
1783357010619260928.000000 0.102736183 0.011201960 0.537121117 0.021876417 0.108987376 -0.006839334 0.993778884
1783357010651219968.000000 0.102349326 0.011404213 0.536314547 0.018556690 0.108519547 -0.005186791 0.993907630
1783357010679280128.000000 0.102350831 0.011373738 0.535933971 0.017791549 0.108005576 -0.004334112 0.993981600
1783357010703531008.000000 0.102406502 0.011432698 0.535550773 0.016770577 0.107270628 -0.004176979 0.994079709
1783357010735260928.000000 0.102212422 0.011401757 0.535005748 0.014960893 0.106246680 -0.004370905 0.994217634
1783357010767240960.000000 0.102132402 0.011495824 0.534452021 0.013169670 0.105299667 -0.004135187 0.994344711
1783357010795293184.000000 0.102062277 0.011386666 0.533919096 0.011550547 0.105028637 -0.003675721 0.994395316
1783357010827308032.000000 0.101958349 0.011367511 0.533291161 0.009800524 0.104546614 -0.003455350 0.994465709
1783357010851281920.000000 0.101838760 0.011387011 0.532859147 0.008657278 0.104144990 -0.003560478 0.994518101
1783357010883258112.000000 0.101674840 0.011413581 0.532277703 0.007117705 0.103623375 -0.003252760 0.994585872
1783357010911309056.000000 0.101618990 0.011507956 0.532040179 0.010703305 0.102802359 -0.003505241 0.994638085
1783357010943322880.000000 0.101556085 0.011311092 0.532163382 0.020676419 0.102362372 -0.005978822 0.994514346
1783357010975284992.000000 0.101453386 0.011379430 0.532271743 0.019262087 0.103365958 -0.005652988 0.994440854
1783357011027552000.000000 0.101733834 0.011372340 0.532308340 0.013767976 0.103062667 -0.003495788 0.994573474
1783357011059344896.000000 0.101708323 0.011395879 0.532508433 0.011588344 0.103031158 -0.003778816 0.994603455
1783357011091303168.000000 0.101718657 0.011417799 0.532673299 0.009812555 0.103050433 -0.003821907 0.994620383
1783357011115556096.000000 0.101769097 0.011422328 0.532701135 0.008474790 0.103024706 -0.003273703 0.994637311
1783357011151360000.000000 0.101776250 0.011383190 0.532867134 0.006586348 0.103121452 -0.003205148 0.994641840
1783357011175500032.000000 0.101771757 0.011389425 0.532924652 0.005166795 0.103086948 -0.003228992 0.994653761
1783357011207328000.000000 0.101786673 0.011392727 0.533040047 0.003773160 0.103136100 -0.003137490 0.994655192
1783357011243376896.000000 0.101796865 0.011389438 0.533060312 0.004315105 0.102959640 -0.002920864 0.994671881
1783357011267354880.000000 0.101777859 0.011390108 0.533054471 0.004800588 0.102664761 -0.003114007 0.994699597
1783357011299330048.000000 0.101778165 0.011376158 0.532989025 0.005979181 0.104609922 -0.003461506 0.994489431
1783357011323576832.000000 0.101820335 0.011389419 0.533035934 0.007141711 0.112224437 -0.003521119 0.993650973
1783357011359382016.000000 0.101333164 0.011403549 0.533231735 0.008022130 0.130477756 -0.003950635 0.991410911
1783357011383537152.000000 0.101161830 0.011388741 0.532974899 0.008388363 0.146200523 -0.004839934 0.989207625
1783357011415347968.000000 0.100629471 0.011402395 0.532789886 0.009006753 0.168587461 -0.005557869 0.985629916
1783357011447344896.000000 0.101255454 0.011235246 0.532705724 0.009469463 0.190277234 -0.005966171 0.981666625
1783357011475399936.000000 0.101906389 0.011277312 0.532130480 0.010295176 0.205627024 -0.006575373 0.978554249
1783357011507368192.000000 0.101725414 0.011274023 0.532178700 0.011513348 0.227758110 -0.007382660 0.973621726
1783357011531362048.000000 0.101724677 0.010970184 0.531451166 0.011887388 0.244180128 -0.008576364 0.969619155
1783357011563347200.000000 0.101423256 0.010895928 0.531435430 0.012522741 0.266901195 -0.009563271 0.963595152
1783357011591408128.000000 0.101206258 0.011083618 0.531751394 0.013670754 0.283767730 -0.010768314 0.958735168
1783357011623412992.000000 0.101121403 0.011308378 0.532191932 0.016087355 0.306149632 -0.011815144 0.951774180
1783357011647542016.000000 0.101380624 0.011344811 0.532156944 0.016791347 0.321417838 -0.012694181 0.946703553
1783357011679360000.000000 0.101317838 0.011090529 0.531789362 0.015169417 0.341423869 -0.013278062 0.939693272
1783357011707420160.000000 0.102050349 0.011216603 0.532118618 0.015032907 0.356445938 -0.013133605 0.934102714
1783357011739398912.000000 0.101481073 0.011030684 0.531627119 0.014444624 0.377803624 -0.014594901 0.925658047
1783357011763627008.000000 0.101743832 0.011027656 0.531563163 0.014250037 0.393293709 -0.015224696 0.919176340
1783357011795376896.000000 0.101378828 0.011264462 0.532642126 0.014114781 0.414777547 -0.016338822 0.909666657
1783357011823441152.000000 0.101424344 0.011315539 0.531997085 0.013790910 0.429721057 -0.016646035 0.902702928
1783357011855410944.000000 0.102681711 0.011469555 0.531490028 0.013582123 0.448740900 -0.016712805 0.893402457
1783357011879607808.000000 0.102725178 0.011198547 0.531149626 0.013395884 0.464023143 -0.016376290 0.885570407
1783357011911393792.000000 0.102360532 0.011190325 0.530923367 0.013745747 0.483983874 -0.018106803 0.874781609
1783357011939462912.000000 0.102271177 0.011175675 0.530901372 0.013169367 0.498385847 -0.018636722 0.866654992
1783357011971479040.000000 0.102358826 0.011205154 0.530964375 0.012575607 0.517601550 -0.018772652 0.855323374
1783357012003417856.000000 0.101351097 0.011207110 0.530413806 0.012327588 0.537540019 -0.019849222 0.842914462
1783357012027427072.000000 0.101118311 0.011186294 0.530327857 0.012659814 0.552470565 -0.019196289 0.833215177
1783357012055795968.000000 0.101735070 0.011209652 0.530626059 0.012501851 0.566372097 -0.021380538 0.823777497
1783357012087479040.000000 0.100856796 0.011184102 0.530223370 0.012264956 0.584845901 -0.020482369 0.810793042
1783357012119437824.000000 0.101446897 0.011243177 0.530419588 0.011572251 0.603057265 -0.021848561 0.797314703
1783357012143652864.000000 0.099725872 0.011235828 0.530522466 0.011150604 0.618278503 -0.023055349 0.785541773
1783357012179476992.000000 0.096079201 0.011057418 0.531930566 0.010585835 0.639595449 -0.025867635 0.768203497
1783357012203475968.000000 0.091556132 0.008401483 0.529466510 0.008353517 0.652503729 -0.021328721 0.757439256
1783357012203475968.000000 0.091556132 0.008401483 0.529466510 0.008353517 0.652503729 -0.021328721 0.757439256
1783357012203475968.000000 0.091556132 0.008401483 0.529466510 0.008353517 0.652503729 -0.021328721 0.757439256
1783357012203475968.000000 0.091556132 0.008401483 0.529466510 0.008353517 0.652503729 -0.021328721 0.757439256
1783357012203475968.000000 0.091556132 0.008401483 0.529466510 0.008353517 0.652503729 -0.021328721 0.757439256
1783357012203475968.000000 0.091556132 0.008401483 0.529466510 0.008353517 0.652503729 -0.021328721 0.757439256
1783357012203475968.000000 0.091556132 0.008401483 0.529466510 0.008353517 0.652503729 -0.021328721 0.757439256
1783357012203475968.000000 0.091556132 0.008401483 0.529466510 0.008353517 0.652503729 -0.021328721 0.757439256
1783357012203475968.000000 0.091556132 0.008401483 0.529466510 0.008353517 0.652503729 -0.021328721 0.757439256
1783357012203475968.000000 0.091556132 0.008401483 0.529466510 0.008353517 0.652503729 -0.021328721 0.757439256
1783357012203475968.000000 0.091556132 0.008401483 0.529466510 0.008353517 0.652503729 -0.021328721 0.757439256
1783357012203475968.000000 0.091556132 0.008401483 0.529466510 0.008353517 0.652503729 -0.021328721 0.757439256
1783357012203475968.000000 0.091556132 0.008401483 0.529466510 0.008353517 0.652503729 -0.021328721 0.757439256
1783357012203475968.000000 0.091556132 0.008401483 0.529466510 0.008353517 0.652503729 -0.021328721 0.757439256
1783357012203475968.000000 0.091556132 0.008401483 0.529466510 0.008353517 0.652503729 -0.021328721 0.757439256
1783357012203475968.000000 0.091556132 0.008401483 0.529466510 0.008353517 0.652503729 -0.021328721 0.757439256
1783357012203475968.000000 0.091556132 0.008401483 0.529466510 0.008353517 0.652503729 -0.021328721 0.757439256
1783357012203475968.000000 0.091556132 0.008401483 0.529466510 0.008353517 0.652503729 -0.021328721 0.757439256
1783357012203475968.000000 0.091556132 0.008401483 0.529466510 0.008353517 0.652503729 -0.021328721 0.757439256
1783357012203475968.000000 0.091556132 0.008401483 0.529466510 0.008353517 0.652503729 -0.021328721 0.757439256
1783357012203475968.000000 0.091556132 0.008401483 0.529466510 0.008353517 0.652503729 -0.021328721 0.757439256
1783357012203475968.000000 0.091556132 0.008401483 0.529466510 0.008353517 0.652503729 -0.021328721 0.757439256
1783357012203475968.000000 0.091556132 0.008401483 0.529466510 0.008353517 0.652503729 -0.021328721 0.757439256
1783357012203475968.000000 0.091556132 0.008401483 0.529466510 0.008353517 0.652503729 -0.021328721 0.757439256
1783357012203475968.000000 0.091556132 0.008401483 0.529466510 0.008353517 0.652503729 -0.021328721 0.757439256
1783357012203475968.000000 0.091556132 0.008401483 0.529466510 0.008353517 0.652503729 -0.021328721 0.757439256
1783357012203475968.000000 0.091556132 0.008401483 0.529466510 0.008353517 0.652503729 -0.021328721 0.757439256
1783357012203475968.000000 0.091556132 0.008401483 0.529466510 0.008353517 0.652503729 -0.021328721 0.757439256
1783357012203475968.000000 0.091556132 0.008401483 0.529466510 0.008353517 0.652503729 -0.021328721 0.757439256
1783357012203475968.000000 0.091556132 0.008401483 0.529466510 0.008353517 0.652503729 -0.021328721 0.757439256
1783357012203475968.000000 0.091556132 0.008401483 0.529466510 0.008353517 0.652503729 -0.021328721 0.757439256
1783357012203475968.000000 0.091556132 0.008401483 0.529466510 0.008353517 0.652503729 -0.021328721 0.757439256
1783357012203475968.000000 0.091556132 0.008401483 0.529466510 0.008353517 0.652503729 -0.021328721 0.757439256
1783357012203475968.000000 0.091556132 0.008401483 0.529466510 0.008353517 0.652503729 -0.021328721 0.757439256
1783357012203475968.000000 0.091556132 0.008401483 0.529466510 0.008353517 0.652503729 -0.021328721 0.757439256
1783357012203475968.000000 0.091556132 0.008401483 0.529466510 0.008353517 0.652503729 -0.021328721 0.757439256
1783357012203475968.000000 0.091556132 0.008401483 0.529466510 0.008353517 0.652503729 -0.021328721 0.757439256
1783357012203475968.000000 0.091556132 0.008401483 0.529466510 0.008353517 0.652503729 -0.021328721 0.757439256
1783357012203475968.000000 0.091556132 0.008401483 0.529466510 0.008353517 0.652503729 -0.021328721 0.757439256
1783357012203475968.000000 0.091556132 0.008401483 0.529466510 0.008353517 0.652503729 -0.021328721 0.757439256
1783357012203475968.000000 0.091556132 0.008401483 0.529466510 0.008353517 0.652503729 -0.021328721 0.757439256
1783357012203475968.000000 0.091556132 0.008401483 0.529466510 0.008353517 0.652503729 -0.021328721 0.757439256
1783357012203475968.000000 0.091556132 0.008401483 0.529466510 0.008353517 0.652503729 -0.021328721 0.757439256
1783357012203475968.000000 0.091556132 0.008401483 0.529466510 0.008353517 0.652503729 -0.021328721 0.757439256
1783357012203475968.000000 0.091556132 0.008401483 0.529466510 0.008353517 0.652503729 -0.021328721 0.757439256
1783357012203475968.000000 0.091556132 0.008401483 0.529466510 0.008353517 0.652503729 -0.021328721 0.757439256
1783357012203475968.000000 0.091556132 0.008401483 0.529466510 0.008353517 0.652503729 -0.021328721 0.757439256
1783357012203475968.000000 0.091556132 0.008401483 0.529466510 0.008353517 0.652503729 -0.021328721 0.757439256
1783357012203475968.000000 0.091556132 0.008401483 0.529466510 0.008353517 0.652503729 -0.021328721 0.757439256
1783357012203475968.000000 0.091556132 0.008401483 0.529466510 0.008353517 0.652503729 -0.021328721 0.757439256
1783357012203475968.000000 0.091556132 0.008401483 0.529466510 0.008353517 0.652503729 -0.021328721 0.757439256
1783357012203475968.000000 0.091556132 0.008401483 0.529466510 0.008353517 0.652503729 -0.021328721 0.757439256
1783357012203475968.000000 0.091556132 0.008401483 0.529466510 0.008353517 0.652503729 -0.021328721 0.757439256
1783357012203475968.000000 0.091556132 0.008401483 0.529466510 0.008353517 0.652503729 -0.021328721 0.757439256
1783357012203475968.000000 0.091556132 0.008401483 0.529466510 0.008353517 0.652503729 -0.021328721 0.757439256
1783357012203475968.000000 0.091556132 0.008401483 0.529466510 0.008353517 0.652503729 -0.021328721 0.757439256
1783357012203475968.000000 0.091556132 0.008401483 0.529466510 0.008353517 0.652503729 -0.021328721 0.757439256
1783357012203475968.000000 0.091556132 0.008401483 0.529466510 0.008353517 0.652503729 -0.021328721 0.757439256
1783357012203475968.000000 0.091556132 0.008401483 0.529466510 0.008353517 0.652503729 -0.021328721 0.757439256
1783357012203475968.000000 0.091556132 0.008401483 0.529466510 0.008353517 0.652503729 -0.021328721 0.757439256
1783357012203475968.000000 0.091556132 0.008401483 0.529466510 0.008353517 0.652503729 -0.021328721 0.757439256
1783357012203475968.000000 0.091556132 0.008401483 0.529466510 0.008353517 0.652503729 -0.021328721 0.757439256
1783357012203475968.000000 0.091556132 0.008401483 0.529466510 0.008353517 0.652503729 -0.021328721 0.757439256
1783357012203475968.000000 0.091556132 0.008401483 0.529466510 0.008353517 0.652503729 -0.021328721 0.757439256
1783357012203475968.000000 0.091556132 0.008401483 0.529466510 0.008353517 0.652503729 -0.021328721 0.757439256
1783357012203475968.000000 0.091556132 0.008401483 0.529466510 0.008353517 0.652503729 -0.021328721 0.757439256
1783357012203475968.000000 0.091556132 0.008401483 0.529466510 0.008353517 0.652503729 -0.021328721 0.757439256
1783357012203475968.000000 0.091556132 0.008401483 0.529466510 0.008353517 0.652503729 -0.021328721 0.757439256
1783357012203475968.000000 0.091556132 0.008401483 0.529466510 0.008353517 0.652503729 -0.021328721 0.757439256
1783357012203475968.000000 0.091556132 0.008401483 0.529466510 0.008353517 0.652503729 -0.021328721 0.757439256
1783357012203475968.000000 0.091556132 0.008401483 0.529466510 0.008353517 0.652503729 -0.021328721 0.757439256
1783357012203475968.000000 0.091556132 0.008401483 0.529466510 0.008353517 0.652503729 -0.021328721 0.757439256
1783357012203475968.000000 0.091556132 0.008401483 0.529466510 0.008353517 0.652503729 -0.021328721 0.757439256
1783357012203475968.000000 0.091556132 0.008401483 0.529466510 0.008353517 0.652503729 -0.021328721 0.757439256
1783357012203475968.000000 0.091556132 0.008401483 0.529466510 0.008353517 0.652503729 -0.021328721 0.757439256
1783357012203475968.000000 0.091556132 0.008401483 0.529466510 0.008353517 0.652503729 -0.021328721 0.757439256
1783357012203475968.000000 0.091556132 0.008401483 0.529466510 0.008353517 0.652503729 -0.021328721 0.757439256
1783357012203475968.000000 0.091556132 0.008401483 0.529466510 0.008353517 0.652503729 -0.021328721 0.757439256
1783357012203475968.000000 0.091556132 0.008401483 0.529466510 0.008353517 0.652503729 -0.021328721 0.757439256
1783357012203475968.000000 0.091556132 0.008401483 0.529466510 0.008353517 0.652503729 -0.021328721 0.757439256
1783357012203475968.000000 0.091556132 0.008401483 0.529466510 0.008353517 0.652503729 -0.021328721 0.757439256
1783357012203475968.000000 0.091556132 0.008401483 0.529466510 0.008353517 0.652503729 -0.021328721 0.757439256
1783357012203475968.000000 0.091556132 0.008401483 0.529466510 0.008353517 0.652503729 -0.021328721 0.757439256
1783357012203475968.000000 0.091556132 0.008401483 0.529466510 0.008353517 0.652503729 -0.021328721 0.757439256
1783357012203475968.000000 0.091556132 0.008401483 0.529466510 0.008353517 0.652503729 -0.021328721 0.757439256
1783357012203475968.000000 0.091556132 0.008401483 0.529466510 0.008353517 0.652503729 -0.021328721 0.757439256
1783357012203475968.000000 0.091556132 0.008401483 0.529466510 0.008353517 0.652503729 -0.021328721 0.757439256
1783357012203475968.000000 0.091556132 0.008401483 0.529466510 0.008353517 0.652503729 -0.021328721 0.757439256
1783357012203475968.000000 0.091556132 0.008401483 0.529466510 0.008353517 0.652503729 -0.021328721 0.757439256
1783357012203475968.000000 0.091556132 0.008401483 0.529466510 0.008353517 0.652503729 -0.021328721 0.757439256
1783357012203475968.000000 0.091556132 0.008401483 0.529466510 0.008353517 0.652503729 -0.021328721 0.757439256
