1783356605358237952.000000 -0.000814630 0.002283156 0.044094108 -0.001380907 -0.000638859 -0.000034854 0.999998868
1783356605442280960.000000 -0.002002432 0.003458588 0.068630800 -0.001434588 -0.001098134 -0.000352645 0.999998331
1783356605466386944.000000 -0.003057149 0.002850303 0.076106109 -0.001950310 -0.000776718 -0.000420002 0.999997795
1783356605494786048.000000 -0.003534021 0.002271364 0.083255686 -0.002729862 -0.000859270 -0.000870284 0.999995530
1783356605526341888.000000 -0.001468845 0.005163983 0.093616776 -0.001978893 -0.001948647 -0.000895053 0.999995768
1783356605558310912.000000 -0.005124909 0.001762060 0.103062928 -0.005184856 -0.000068236 0.000399239 0.999986529
1783356605582276096.000000 -0.001675256 0.006145009 0.110793948 -0.003280453 -0.001582088 0.000016736 0.999993384
1783356605610363904.000000 -0.002402547 0.005919808 0.118031912 -0.003539065 -0.000910062 -0.000342345 0.999993324
1783356605642338048.000000 -0.001923925 0.007162797 0.127959996 -0.003071515 -0.000641132 -0.000595746 0.999994934
1783356605666469120.000000 -0.002122186 0.007376528 0.135408670 -0.003169719 -0.000285648 -0.000618940 0.999994814
1783356605698288896.000000 -0.002012257 0.008305748 0.145220459 -0.002545461 -0.000139793 -0.000841510 0.999996424
1783356605726366976.000000 -0.002464574 0.008662966 0.152796432 -0.002533724 0.000279871 -0.001046979 0.999996245
1783356605758347008.000000 -0.002189131 0.009244976 0.162088901 -0.002555454 0.000377056 -0.000556075 0.999996543
1783356605782330112.000000 -0.002426972 0.009642115 0.169765726 -0.002741007 0.000819291 -0.000364590 0.999995887
1783356605814299136.000000 -0.002270592 0.010322758 0.179233372 -0.003120914 0.001775503 -0.000127471 0.999993563
1783356605842375168.000000 -0.002266336 0.010731135 0.186511248 -0.003014435 0.002542694 -0.000476958 0.999992132
1783356605874368000.000000 -0.002405949 0.011323341 0.196105853 -0.002706878 0.003794453 -0.000365285 0.999989092
1783356605898340864.000000 -0.002386673 0.011731027 0.203347161 -0.002438539 0.004514446 -0.000027445 0.999986887
1783356605930309888.000000 -0.002411902 0.012288991 0.212833777 -0.003195827 0.005471130 0.000032873 0.999979973
1783356605958393088.000000 -0.002205661 0.012819112 0.220007449 -0.003491799 0.006013955 0.000426148 0.999975741
1783356605982628096.000000 -0.002103854 0.013242535 0.227381244 -0.003349694 0.006431493 0.000904836 0.999973357
1783356606014355968.000000 -0.001981706 0.013945751 0.236846149 -0.003336655 0.006914446 0.001358697 0.999969602
1783356606046319104.000000 -0.001995785 0.014450316 0.246791735 -0.003462714 0.007192094 0.000841560 0.999967813
1783356606074387968.000000 -0.001903049 0.014806190 0.253771573 -0.003440169 0.007222016 -0.000138043 0.999968052
1783356606098403072.000000 -0.001895952 0.015375572 0.261119276 -0.003002940 0.007305421 -0.000652264 0.999968648
1783356606130359040.000000 -0.001990674 0.016202310 0.271059871 -0.002802747 0.007291405 -0.001159831 0.999968827
1783356606154365952.000000 -0.001901543 0.016688131 0.278286964 -0.004215840 0.007030834 -0.001170641 0.999965727
1783356606182425856.000000 -0.001773431 0.017275965 0.285593271 -0.004977866 0.006692828 -0.000956309 0.999964774
1783356606214413824.000000 -0.001609224 0.017850446 0.295302927 -0.004914912 0.006243226 -0.000129587 0.999968410
1783356606238599936.000000 -0.001511610 0.018319860 0.302518189 -0.005125616 0.006524018 0.000031265 0.999965608
1783356606270359040.000000 -0.001301747 0.018795004 0.312640637 -0.005844595 0.007190688 -0.000295470 0.999957025
1783356606298440960.000000 -0.001302111 0.019358104 0.319457203 -0.006038432 0.007750927 -0.000586079 0.999951541
1783356606330430976.000000 -0.001035366 0.020085068 0.329141319 -0.006266924 0.008236756 -0.000809230 0.999946177
1783356606354497792.000000 -0.001356307 0.020568464 0.336208910 -0.006405262 0.008654048 -0.000896515 0.999941647
1783356606386365952.000000 -0.001004801 0.021384878 0.346240401 -0.006983440 0.008722843 -0.000444804 0.999937475
1783356606414444800.000000 -0.000932933 0.021734362 0.353108287 -0.008955332 0.008414208 -0.000003026 0.999924541
1783356606438502144.000000 -0.000824448 0.022009244 0.360010892 -0.012846457 0.007987286 0.000509377 0.999885499
1783356606470423040.000000 -0.000398684 0.022303537 0.368557632 -0.021392655 0.008273222 0.001228428 0.999736249
1783356606502372096.000000 -0.000538851 0.023199426 0.376725107 -0.020642353 0.010262808 0.000708382 0.999734044
1783356606530499072.000000 -0.000477241 0.023525519 0.382534027 -0.018980766 0.011509042 0.001231486 0.999752939
1783356606554469120.000000 -0.000464275 0.023802565 0.387385309 -0.020826904 0.012321753 0.000309439 0.999707222
1783356606586419968.000000 -0.000427641 0.024260651 0.393561661 -0.018877221 0.012673160 0.000664695 0.999741256
1783356606610408192.000000 -0.000365161 0.024367020 0.397368819 -0.020441446 0.012186222 0.000353040 0.999716759
1783356606638492160.000000 -0.000369358 0.024905114 0.400824517 -0.019446302 0.011742040 0.000628752 0.999741793
1783356606670468096.000000 -0.000205731 0.025089532 0.404702485 -0.019247863 0.011756406 0.000514869 0.999745548
1783356606694657024.000000 -0.000100876 0.025268616 0.407024652 -0.019578665 0.012811574 0.000838860 0.999725938
1783356606726409984.000000 -0.000158022 0.025437728 0.409345925 -0.018201951 0.015818665 0.000512006 0.999709129
1783356606754484992.000000 -0.000361373 0.025535066 0.410783678 -0.019067446 0.018509502 0.000374220 0.999646842
1783356606786473984.000000 -0.000310754 0.025729088 0.411995232 -0.017354159 0.020119637 -0.000106786 0.999646962
1783356606810471936.000000 -0.000364841 0.025779072 0.412573129 -0.016195644 0.020217674 -0.000733865 0.999664187
1783356606842416896.000000 -0.000266009 0.025810717 0.413670003 -0.015439049 0.020466266 -0.000956993 0.999670923
1783356606870494976.000000 -0.000219406 0.026061473 0.414432734 -0.014695390 0.020288674 -0.000672288 0.999685943
1783356606894742016.000000 -0.000195792 0.026143266 0.415141940 -0.014109408 0.019532615 -0.000503916 0.999709547
1783356606926481920.000000 -0.000187938 0.026205579 0.416002154 -0.013257020 0.018399335 -0.000751974 0.999742568
1783356606958441984.000000 -0.000158664 0.026354359 0.417158067 -0.012435282 0.016927006 -0.000616558 0.999779284
1783356606986505984.000000 -0.000165822 0.026205307 0.417777419 -0.011979499 0.016028658 -0.000467431 0.999799669
1783356607010888960.000000 -0.000245704 0.026265470 0.418620884 -0.010936421 0.015269026 -0.000465404 0.999823511
1783356607042494976.000000 -0.000205169 0.026200997 0.419600755 -0.009485608 0.014548803 -0.000563895 0.999849021
1783356607074448128.000000 -0.000135279 0.026331909 0.420421213 -0.007881007 0.014146519 -0.000554488 0.999868751
1783356607102529024.000000 -0.000043016 0.026412457 0.421304941 -0.006949931 0.013818809 -0.000545256 0.999880254
1783356607126536960.000000 -0.000037846 0.026332540 0.421927303 -0.005933263 0.013588635 -0.000655669 0.999889910
1783356607158524928.000000 0.000081159 0.026381420 0.422975212 -0.003824524 0.013412030 -0.000572254 0.999902606
1783356607190459904.000000 -0.000050133 0.026459346 0.423804730 -0.002157508 0.013713499 -0.000856236 0.999903321
1783356607218534912.000000 0.000023202 0.026450440 0.424435735 -0.002787494 0.014117634 -0.000675121 0.999896228
1783356607242550016.000000 0.000076031 0.026475491 0.425287485 -0.002706456 0.014635541 -0.000758065 0.999889016
1783356607274512128.000000 0.000253831 0.026466645 0.426244289 -0.002551822 0.015541341 -0.000932725 0.999875605
1783356607298648064.000000 0.000163270 0.026629495 0.427264780 -0.002981668 0.016021410 -0.000875785 0.999866843
1783356607326745088.000000 0.000205791 0.026653333 0.427876651 -0.003046391 0.016096175 -0.000775368 0.999865532
1783356607358553856.000000 0.000194763 0.026700851 0.429045796 -0.002832972 0.015632138 -0.000562216 0.999873698
1783356607390520064.000000 0.000233969 0.026819939 0.430159628 -0.002607747 0.014850761 -0.000791153 0.999886096
1783356607422493952.000000 0.000273120 0.026814708 0.430915773 -0.002786515 0.014281205 -0.000623377 0.999894023
1783356607450547968.000000 0.000314067 0.026961617 0.431880504 -0.002827805 0.013897143 -0.000463333 0.999899387
1783356607474567936.000000 0.000386377 0.026950596 0.432832778 -0.002970722 0.013636766 -0.000382252 0.999902546
1783356607506529024.000000 0.000425682 0.027119780 0.433792442 -0.002727431 0.013169436 -0.000490541 0.999909520
1783356607530724096.000000 0.000419276 0.027108714 0.434390366 -0.002617735 0.012796282 -0.000293177 0.999914706
1783356607558607104.000000 0.000208881 0.027194485 0.434938341 -0.002620134 0.012690482 -0.000462983 0.999915957
1783356607590578176.000000 0.000579875 0.027128423 0.436018586 -0.002973247 0.012523635 -0.000114743 0.999917209
1783356607622548224.000000 0.000344896 0.027231427 0.436849058 -0.002777838 0.012809515 -0.000268890 0.999914110
1783356607646672128.000000 0.000533211 0.027272558 0.437634617 -0.002755272 0.012798055 -0.000002296 0.999914348
1783356607682585856.000000 0.000529248 0.027435979 0.438701361 -0.002667930 0.012857946 -0.000108217 0.999913752
1783356607706594048.000000 0.000460327 0.027433027 0.439418674 -0.002615020 0.012838933 -0.000007198 0.999914169
1783356607738557184.000000 0.000495744 0.027483027 0.440352857 -0.002812939 0.012954961 -0.000001819 0.999912143
1783356607762754048.000000 0.000326584 0.027539378 0.440927893 -0.002766771 0.013286762 -0.000138772 0.999907970
1783356607798588160.000000 0.000220141 0.027643958 0.441880316 -0.002525267 0.013761984 -0.000136744 0.999902189
1783356607822611200.000000 0.000520901 0.027538240 0.442791939 -0.002578410 0.013725601 -0.000130113 0.999902487
1783356607854577152.000000 0.000411189 0.027746351 0.443609536 -0.002398312 0.013760786 -0.000103046 0.999902487
1783356607878734080.000000 0.000491572 0.027608424 0.444211185 -0.002552784 0.013718760 0.000003845 0.999902666
1783356607906831872.000000 0.000423234 0.027779715 0.444802731 -0.002374088 0.013942842 -0.000173874 0.999899983
1783356607938626048.000000 0.000440835 0.027796676 0.445880085 -0.002302487 0.014391983 -0.000151567 0.999893785
1783356607970588928.000000 0.000457483 0.027733129 0.446911663 -0.002089688 0.014645533 -0.000344427 0.999890506
1783356607994574080.000000 0.000489421 0.027893238 0.447631449 -0.002227946 0.014658518 -0.000310426 0.999890089
1783356608022639104.000000 0.000546100 0.027918933 0.447945803 -0.006395888 0.013225648 -0.000231721 0.999892056
1783356608054594048.000000 0.000626506 0.027996600 0.448099345 -0.017229166 0.011368824 0.001154438 0.999786258
1783356608086600960.000000 0.000784183 0.028053161 0.448407680 -0.016636597 0.012871911 0.001392592 0.999777794
1783356608110596864.000000 0.000548654 0.027965339 0.448107690 -0.014054313 0.012701550 0.000543117 0.999820471
1783356608138652928.000000 0.000387903 0.027916865 0.447898656 -0.011278368 0.012837349 -0.000273004 0.999854028
1783356608170624000.000000 0.000415245 0.028010081 0.447845995 -0.007648437 0.012737860 0.000043148 0.999889672
1783356608194791168.000000 0.000452870 0.027946705 0.447671115 -0.005112735 0.012914709 0.000453229 0.999903500
1783356608226635008.000000 0.000566755 0.027917048 0.446898311 -0.001758802 0.012897983 -0.000224676 0.999915242
1783356608254661120.000000 0.000471604 0.027904538 0.446892500 -0.000836676 0.012256958 -0.000839545 0.999924183
1783356608286647040.000000 0.000433160 0.027929962 0.446735322 -0.001456823 0.010817753 -0.000484439 0.999940336
1783356608310797824.000000 0.000616064 0.027950253 0.446949363 -0.002447259 0.010162130 0.000285759 0.999945343
1783356608346651136.000000 0.000699368 0.027945518 0.447031319 -0.003127434 0.009818277 0.000281822 0.999946892
1783356608370668800.000000 0.000631041 0.027978325 0.447077960 -0.003370760 0.010478016 0.000076864 0.999939442
1783356608402637056.000000 0.000594016 0.028016364 0.447105825 -0.002010430 0.012139753 0.000053806 0.999924302
1783356608426646016.000000 0.000634317 0.027925584 0.447631836 0.000375711 0.014783174 -0.001297645 0.999889851
1783356608462682880.000000 0.000573905 0.027850784 0.448150069 -0.000476388 0.019927740 -0.001173544 0.999800682
1783356608510888192.000000 0.000917909 0.028474594 0.450295269 -0.000280831 0.025970649 -0.001336904 0.999661803
1783356608542654976.000000 0.000706180 0.028136536 0.451848298 -0.001337013 0.027351096 -0.001017131 0.999624491
1783356608566673152.000000 0.000944690 0.028351810 0.453389257 -0.000985630 0.025729228 -0.001107161 0.999667883
1783356608602678016.000000 0.000751806 0.028605975 0.455051005 -0.001669965 0.022235585 -0.000605178 0.999751270
1783356608626679040.000000 0.001033776 0.028661897 0.456231773 -0.001907714 0.018467322 0.000164676 0.999827683
1783356608658659840.000000 0.001184373 0.028735923 0.458163917 -0.002397695 0.014063057 0.000630628 0.999898076
1783356608682936832.000000 0.001287017 0.028528705 0.459567338 -0.002568716 0.011393202 0.000778168 0.999931574
1783356608711150848.000000 0.000976350 0.028687203 0.461253047 -0.001836309 0.009619014 0.000862239 0.999951720
1783356608742705152.000000 0.000966512 0.028868301 0.462696999 -0.001764384 0.007975718 0.001142299 0.999966025
1783356608774663936.000000 0.001117509 0.028909065 0.464659035 -0.002099359 0.007295837 0.001100070 0.999970615
1783356608798706944.000000 0.001178285 0.028978007 0.465753525 -0.001612598 0.007090874 0.001276943 0.999972820
1783356608826771968.000000 0.000981217 0.028995100 0.466970563 -0.001814772 0.007557966 0.001291279 0.999969006
1783356608858701056.000000 0.001465647 0.029086933 0.469319850 -0.002175491 0.008050961 0.001284501 0.999964476
1783356608890661888.000000 0.001310570 0.029116327 0.470920563 -0.001750017 0.008906378 0.001436046 0.999957860
1783356608918729984.000000 0.001311646 0.029510779 0.472510010 -0.001696981 0.009526552 0.001091036 0.999952614
1783356608942786048.000000 0.001150262 0.029665239 0.473736614 -0.001409879 0.010001512 0.001083729 0.999948442
1783356608974714112.000000 0.001375794 0.029734265 0.475475520 -0.001749573 0.010389324 0.001215358 0.999943793
1783356608998706944.000000 0.001267624 0.029755266 0.476617634 -0.001526347 0.010925545 0.001083627 0.999938607
1783356609034727936.000000 0.001412197 0.029878555 0.478536218 -0.001050007 0.011242888 0.001051373 0.999935746
1783356609058754048.000000 0.001324165 0.030002490 0.479973197 -0.001044313 0.011028793 0.001128713 0.999938071
1783356609090724096.000000 0.001614328 0.029843461 0.481886595 -0.001340594 0.010172099 0.001236708 0.999946594
1783356609114928896.000000 0.001675043 0.030011848 0.483211637 -0.001373962 0.009964613 0.001244046 0.999948621
1783356609150743040.000000 0.001495308 0.030234104 0.485056221 -0.001474435 0.010629120 0.001118383 0.999941826
1783356609174764032.000000 0.001444464 0.030436136 0.486470968 -0.001077089 0.011397969 0.000884159 0.999934137
1783356609206744064.000000 0.001364770 0.030598538 0.488350958 -0.000926216 0.011919608 0.000835274 0.999928176
1783356609230781184.000000 0.001697615 0.030651795 0.489593118 -0.000889908 0.011749718 0.001035462 0.999930084
1783356609266776064.000000 0.001618037 0.030867808 0.491462827 -0.000417528 0.012150715 0.000735602 0.999925852
1783356609290776064.000000 0.001600895 0.030934807 0.492757499 -0.000286866 0.012291061 0.000649333 0.999924242
1783356609322757888.000000 0.001519460 0.031122187 0.494477570 -0.000222738 0.012238972 0.000917666 0.999924719
1783356609346743040.000000 0.001647883 0.031116189 0.495856613 -0.000225267 0.012452665 0.000874275 0.999922097
1783356609382777088.000000 0.001804429 0.031163355 0.497327566 -0.005003005 0.004560587 0.001058399 0.999976516
1783356609406797056.000000 0.001825896 0.031109929 0.497992843 -0.008825813 -0.001823011 0.002129566 0.999957204
1783356609438770944.000000 0.001587602 0.031207819 0.499293566 -0.012339353 -0.012595775 0.002330317 0.999841809
1783356609462745856.000000 0.001802855 0.031274524 0.499798417 -0.013191079 -0.018693933 0.002017264 0.999736249
1783356609490795008.000000 0.001467987 0.031302359 0.499643028 -0.012713036 -0.018626904 0.002112985 0.999743462
1783356609522806784.000000 0.001653564 0.031197838 0.499355465 -0.010001176 -0.018586388 0.002707415 0.999773562
1783356609546978048.000000 0.001878344 0.031279966 0.499319851 -0.007447469 -0.018606830 0.002912236 0.999794900
1783356609578752000.000000 0.001764888 0.031071085 0.499063224 -0.004430714 -0.018691590 0.002571726 0.999812186
1783356609622824960.000000 0.001746332 0.031002671 0.498536617 -0.000778432 -0.018488988 0.002824443 0.999824822
1783356609647056128.000000 0.001773556 0.030958408 0.498329967 0.001322886 -0.018698676 0.002458833 0.999821305
1783356609678791936.000000 0.001624268 0.031010929 0.498220146 0.001178211 -0.019464776 0.002369701 0.999807060
1783356609710812928.000000 0.001822722 0.030836793 0.498313963 0.000085435 -0.020524995 0.003038443 0.999784768
1783356609738848000.000000 0.002072120 0.030754428 0.498436153 -0.000305038 -0.021017477 0.003116616 0.999774218
1783356609763068928.000000 0.001885366 0.031179668 0.498358279 0.000075728 -0.020965954 0.002870414 0.999776125
1783356609794820096.000000 0.001842180 0.030900931 0.498339146 0.000270147 -0.020904185 0.002747291 0.999777734
1783356609826812928.000000 0.002046458 0.030825142 0.498278946 0.000234990 -0.020948133 0.002938734 0.999776244
1783356609854839040.000000 0.002020835 0.030850776 0.498373210 0.000098750 -0.020849340 0.003020029 0.999778092
1783356609879010816.000000 0.001972623 0.030879514 0.498539001 0.000942382 -0.018160954 0.002615737 0.999831319
1783356609910827008.000000 0.001887389 0.030944591 0.498485208 -0.001559024 -0.014164961 0.002759483 0.999894679
1783356609946834944.000000 0.001933733 0.031089243 0.498185962 -0.004057926 -0.008697502 0.002666121 0.999950409
1783356609970864896.000000 0.001794319 0.030999076 0.497907013 -0.005653183 -0.004107354 0.002249465 0.999973059
1783356609994985216.000000 0.002058459 0.030867070 0.497734964 -0.006798791 0.001135952 0.002075888 0.999974072
1783356610026835968.000000 0.002075555 0.030833788 0.497224152 -0.007745684 0.008097805 0.001926714 0.999935389
1783356610051094016.000000 0.001856466 0.030974152 0.496812850 -0.008353319 0.013034342 0.001435887 0.999879181
1783356610086864896.000000 0.002098279 0.030820241 0.496183306 -0.013648405 0.019446781 0.001152662 0.999717116
1783356610110876928.000000 0.002055526 0.030846078 0.495236963 -0.013435468 0.021894826 0.000932442 0.999669552
1783356610142856960.000000 0.002013183 0.030763710 0.493706346 -0.012505385 0.023657098 0.001229420 0.999641180
1783356610167084032.000000 0.001832248 0.030862698 0.492038071 -0.013387884 0.023659473 0.000702913 0.999630213
1783356610202893056.000000 0.001715326 0.030746650 0.489870012 -0.012675338 0.022688692 0.001163834 0.999661565
1783356610226861056.000000 0.001605269 0.030526558 0.487782389 -0.013619486 0.020556588 0.001172993 0.999695241
1783356610258856960.000000 0.001499948 0.030374372 0.485086739 -0.012271503 0.017196430 0.001381361 0.999775887
1783356610282883840.000000 0.001283578 0.030313253 0.482610941 -0.012065603 0.014354187 0.001243188 0.999823391
1783356610311168000.000000 0.001231017 0.030235289 0.480315804 -0.012157020 0.011369186 0.000994864 0.999861002
1783356610342876928.000000 0.001065916 0.029847365 0.477401793 -0.012112765 0.008145390 0.001070249 0.999892890
1783356610374859008.000000 0.001294901 0.029745994 0.474610269 -0.011586705 0.005895157 0.001314890 0.999914646
1783356610398900992.000000 0.001168220 0.029506020 0.472255528 -0.011627733 0.005199338 0.001474275 0.999917805
1783356610426924032.000000 0.001158702 0.029340699 0.470160574 -0.011520921 0.004666975 0.001211058 0.999922097
1783356610458898176.000000 0.001013604 0.029262602 0.467265517 -0.011165023 0.004571737 0.001207448 0.999926507
1783356610483056896.000000 0.001224847 0.029003559 0.465034127 -0.010920723 0.004335868 0.001201213 0.999930322
1783356610518904832.000000 0.001126774 0.028935535 0.462153733 -0.009696152 0.004205165 0.001050162 0.999943674
1783356610542976000.000000 0.001219457 0.028756276 0.460069895 -0.007574770 0.003999386 0.000750817 0.999963045
1783356610574903040.000000 0.001298700 0.028392604 0.457690686 -0.002188966 0.003639180 0.000792588 0.999990702
1783356610598913792.000000 0.001345596 0.028323982 0.456166506 0.002161612 0.002697675 -0.000737016 0.999993742
1783356610634919936.000000 0.001293344 0.028160453 0.454613179 0.001104650 0.001374354 -0.000454222 0.999998331
1783356610658950144.000000 0.001327803 0.028183680 0.453489482 -0.000656624 0.001332397 0.000061483 0.999998927
1783356610690924800.000000 0.001447692 0.028208677 0.452743977 -0.001802640 0.001206500 0.000974284 0.999997258
1783356610714927872.000000 0.001470430 0.028226458 0.452178925 -0.003577756 0.000319582 0.000622528 0.999993384
1783356610750937088.000000 0.001505230 0.028225040 0.451457530 -0.006217545 -0.000886723 0.000399968 0.999980271
1783356610774956032.000000 0.001451310 0.028136676 0.450672537 -0.008000617 -0.001480817 0.000592127 0.999966741
1783356610806925056.000000 0.001031369 0.028163638 0.449989468 -0.010308607 -0.002113546 0.000736529 0.999944389
1783356610830960896.000000 0.001005450 0.028180979 0.449407190 -0.011724260 -0.002930171 0.000563921 0.999926865
1783356610866953984.000000 0.000870449 0.028196389 0.448524982 -0.013829371 -0.004131653 0.000227238 0.999895811
1783356610890989056.000000 0.000822110 0.028015319 0.448018879 -0.014765895 -0.004775991 0.000649610 0.999879360
1783356610922953984.000000 0.001229518 0.028105386 0.447329342 -0.013742587 -0.005168363 0.000828129 0.999891877
1783356610946932992.000000 0.001248275 0.027196998 0.447240382 -0.007124638 -0.005477824 0.000437910 0.999959528
1783356610982970880.000000 0.001037664 0.027854590 0.447203785 0.002091796 -0.004770849 -0.000675410 0.999986231
1783356611006988032.000000 0.001015009 0.027887929 0.447126925 -0.000427006 -0.004344739 -0.000213016 0.999990463
1783356611031140096.000000 0.001105446 0.027929630 0.447237372 -0.002512013 -0.004321106 0.000649804 0.999987304
1783356611062930176.000000 0.001147371 0.028039865 0.447696745 -0.003742388 -0.004612440 0.000949991 0.999981940
1783356611091036160.000000 0.001173558 0.028159082 0.448031247 -0.004502609 -0.004971549 0.000529995 0.999977350
1783356611122998016.000000 0.001023617 0.027915858 0.448083222 -0.005763972 -0.005388890 0.000309968 0.999968886
1783356611146982912.000000 0.001113031 0.027920634 0.448307335 -0.006765519 -0.005815973 0.000758602 0.999959946
1783356611178950144.000000 0.001125518 0.028000372 0.448282629 -0.007978732 -0.006306986 0.000880213 0.999947965
1783356611207016960.000000 0.000983006 0.027906111 0.448458046 -0.009035279 -0.006754279 0.000590922 0.999936283
1783356611238992896.000000 0.000918243 0.028262259 0.448549092 -0.010150850 -0.007190886 0.000452439 0.999922514
1783356611262989056.000000 0.001138655 0.028185885 0.448738128 -0.010926233 -0.007091125 0.000832987 0.999914825
1783356611294951936.000000 0.001074681 0.028083991 0.449016750 -0.009849840 -0.000599165 0.000719241 0.999951065
1783356611323015936.000000 0.001201102 0.027957018 0.448882699 -0.010212892 0.009551622 0.000069817 0.999902248
1783356611347266816.000000 0.002329166 0.027886624 0.448488146 -0.010935704 0.022092622 -0.000131454 0.999696136
1783356611379000832.000000 0.003083537 0.027775526 0.449222714 -0.011362278 0.041937966 -0.000610961 0.999055445
1783356611410969088.000000 0.003475436 0.028119892 0.449826628 -0.011925912 0.063902326 -0.001989298 0.997882903
1783356611439023104.000000 0.002656551 0.027828380 0.449546486 -0.012610622 0.081187852 -0.002468894 0.996616066
1783356611463036928.000000 0.002975192 0.028134987 0.448991388 -0.012692364 0.097759061 -0.003410904 0.995123327
1783356611495016960.000000 0.003633974 0.028144000 0.449005157 -0.013084345 0.119093738 -0.003943871 0.992788970
1783356611518996992.000000 0.003680171 0.027895546 0.448945493 -0.013649204 0.135414869 -0.004729795 0.990683734
1783356611555038976.000000 0.003884837 0.028130528 0.448806405 -0.014229678 0.157831073 -0.005558992 0.987347960
1783356611579058944.000000 0.003584665 0.028181458 0.449267119 -0.014764734 0.175202757 -0.005917255 0.984403908
1783356611603035904.000000 0.003668599 0.028181473 0.448824167 -0.015028307 0.191635057 -0.006686167 0.981328428
1783356611634990848.000000 0.003723458 0.028202878 0.448316813 -0.015311075 0.213291407 -0.007491934 0.976839960
1783356611663045888.000000 0.003905635 0.027917091 0.447916716 -0.015804909 0.229748309 -0.008034298 0.973088622
1783356611687275008.000000 0.003982795 0.028186962 0.447587669 -0.015312080 0.245845973 -0.008866982 0.969147444
1783356611719040000.000000 0.003830653 0.028099783 0.447676748 -0.015338250 0.268257886 -0.009581928 0.963177443
1783356611743209984.000000 0.003795154 0.027862869 0.447772563 -0.015293973 0.284786850 -0.009847832 0.958418310
1783356611779073024.000000 0.004111286 0.028082941 0.447788388 -0.014590233 0.306473315 -0.011341373 0.951699913
1783356611803081984.000000 0.004873794 0.027789192 0.446717411 -0.014664003 0.322053730 -0.012698544 0.946522653
1783356611835041024.000000 0.003456414 0.027973663 0.446419299 -0.014669966 0.345131844 -0.013447344 0.938343227
1783356611859062016.000000 0.005670093 0.027390301 0.446182728 -0.015329575 0.360269278 -0.014281956 0.932613075
1783356611895076864.000000 0.005161718 0.027584035 0.446101725 -0.014737477 0.382555902 -0.016166570 0.923673332
1783356611919091968.000000 0.002897173 0.027586406 0.446847945 -0.014415070 0.400949746 -0.016913423 0.915830553
1783356611943068928.000000 0.002799295 0.027922498 0.446695477 -0.014018756 0.417309910 -0.017468249 0.908488274
1783356611975060992.000000 0.003813952 0.027295034 0.446723253 -0.014919182 0.438753873 -0.017899487 0.898305178
1783356611999092224.000000 0.002419233 0.027642006 0.445795745 -0.014423006 0.455599964 -0.018647617 0.889872432
1783356612027192064.000000 0.002316222 0.027351446 0.444684386 -0.014336715 0.470868170 -0.019787809 0.881865144
1783356612059067904.000000 0.002721220 0.028379180 0.445703268 -0.013973174 0.492230713 -0.022805756 0.870053768
1783356612083272960.000000 0.002395302 0.028109094 0.445890725 -0.013857393 0.508672774 -0.022140039 0.860563755
1783356612119088896.000000 0.002976313 0.027659817 0.445837706 -0.014624878 0.528766274 -0.023270100 0.848322451
1783356612143111936.000000 0.003400207 0.027934257 0.445911348 -0.014643094 0.543878078 -0.023906736 0.838695824
1783356612175087872.000000 0.003102809 0.027922180 0.445692956 -0.014311673 0.563841164 -0.025655366 0.825360596
1783356612199106816.000000 0.002600521 0.027863208 0.445532948 -0.014213667 0.578938782 -0.024388231 0.814882338
1783356612235113984.000000 0.002930701 0.028463442 0.445776045 -0.014148269 0.598900139 -0.028323177 0.800197661
1783356612259121920.000000 0.003150195 0.028175440 0.445924908 -0.014293019 0.613541186 -0.028668731 0.789012790
1783356612291100928.000000 0.003150016 0.028138623 0.445713192 -0.013611580 0.632058978 -0.029940495 0.774222136
1783356612291100928.000000 0.003150016 0.028138623 0.445713192 -0.013611580 0.632058978 -0.029940495 0.774222136
1783356612291100928.000000 0.003150016 0.028138623 0.445713192 -0.013611580 0.632058978 -0.029940495 0.774222136
1783356612291100928.000000 0.003150016 0.028138623 0.445713192 -0.013611580 0.632058978 -0.029940495 0.774222136
1783356612291100928.000000 0.003150016 0.028138623 0.445713192 -0.013611580 0.632058978 -0.029940495 0.774222136
1783356612291100928.000000 0.003150016 0.028138623 0.445713192 -0.013611580 0.632058978 -0.029940495 0.774222136
1783356612291100928.000000 0.003150016 0.028138623 0.445713192 -0.013611580 0.632058978 -0.029940495 0.774222136
1783356612291100928.000000 0.003150016 0.028138623 0.445713192 -0.013611580 0.632058978 -0.029940495 0.774222136
1783356612291100928.000000 0.003150016 0.028138623 0.445713192 -0.013611580 0.632058978 -0.029940495 0.774222136
1783356612291100928.000000 0.003150016 0.028138623 0.445713192 -0.013611580 0.632058978 -0.029940495 0.774222136
1783356612291100928.000000 0.003150016 0.028138623 0.445713192 -0.013611580 0.632058978 -0.029940495 0.774222136
1783356612291100928.000000 0.003150016 0.028138623 0.445713192 -0.013611580 0.632058978 -0.029940495 0.774222136
1783356612291100928.000000 0.003150016 0.028138623 0.445713192 -0.013611580 0.632058978 -0.029940495 0.774222136
1783356612291100928.000000 0.003150016 0.028138623 0.445713192 -0.013611580 0.632058978 -0.029940495 0.774222136
1783356612291100928.000000 0.003150016 0.028138623 0.445713192 -0.013611580 0.632058978 -0.029940495 0.774222136
1783356612291100928.000000 0.003150016 0.028138623 0.445713192 -0.013611580 0.632058978 -0.029940495 0.774222136
1783356612291100928.000000 0.003150016 0.028138623 0.445713192 -0.013611580 0.632058978 -0.029940495 0.774222136
1783356612291100928.000000 0.003150016 0.028138623 0.445713192 -0.013611580 0.632058978 -0.029940495 0.774222136
1783356612291100928.000000 0.003150016 0.028138623 0.445713192 -0.013611580 0.632058978 -0.029940495 0.774222136
1783356612291100928.000000 0.003150016 0.028138623 0.445713192 -0.013611580 0.632058978 -0.029940495 0.774222136
1783356612291100928.000000 0.003150016 0.028138623 0.445713192 -0.013611580 0.632058978 -0.029940495 0.774222136
1783356612291100928.000000 0.003150016 0.028138623 0.445713192 -0.013611580 0.632058978 -0.029940495 0.774222136
1783356612291100928.000000 0.003150016 0.028138623 0.445713192 -0.013611580 0.632058978 -0.029940495 0.774222136
1783356612291100928.000000 0.003150016 0.028138623 0.445713192 -0.013611580 0.632058978 -0.029940495 0.774222136
1783356612291100928.000000 0.003150016 0.028138623 0.445713192 -0.013611580 0.632058978 -0.029940495 0.774222136
1783356612291100928.000000 0.003150016 0.028138623 0.445713192 -0.013611580 0.632058978 -0.029940495 0.774222136
1783356612291100928.000000 0.003150016 0.028138623 0.445713192 -0.013611580 0.632058978 -0.029940495 0.774222136
1783356612291100928.000000 0.003150016 0.028138623 0.445713192 -0.013611580 0.632058978 -0.029940495 0.774222136
1783356612291100928.000000 0.003150016 0.028138623 0.445713192 -0.013611580 0.632058978 -0.029940495 0.774222136
1783356612291100928.000000 0.003150016 0.028138623 0.445713192 -0.013611580 0.632058978 -0.029940495 0.774222136
1783356612291100928.000000 0.003150016 0.028138623 0.445713192 -0.013611580 0.632058978 -0.029940495 0.774222136
1783356612291100928.000000 0.003150016 0.028138623 0.445713192 -0.013611580 0.632058978 -0.029940495 0.774222136
1783356612291100928.000000 0.003150016 0.028138623 0.445713192 -0.013611580 0.632058978 -0.029940495 0.774222136
1783356612291100928.000000 0.003150016 0.028138623 0.445713192 -0.013611580 0.632058978 -0.029940495 0.774222136
1783356612291100928.000000 0.003150016 0.028138623 0.445713192 -0.013611580 0.632058978 -0.029940495 0.774222136
1783356612291100928.000000 0.003150016 0.028138623 0.445713192 -0.013611580 0.632058978 -0.029940495 0.774222136
1783356612291100928.000000 0.003150016 0.028138623 0.445713192 -0.013611580 0.632058978 -0.029940495 0.774222136
1783356612291100928.000000 0.003150016 0.028138623 0.445713192 -0.013611580 0.632058978 -0.029940495 0.774222136
1783356612291100928.000000 0.003150016 0.028138623 0.445713192 -0.013611580 0.632058978 -0.029940495 0.774222136
1783356612291100928.000000 0.003150016 0.028138623 0.445713192 -0.013611580 0.632058978 -0.029940495 0.774222136
1783356612291100928.000000 0.003150016 0.028138623 0.445713192 -0.013611580 0.632058978 -0.029940495 0.774222136
1783356612291100928.000000 0.003150016 0.028138623 0.445713192 -0.013611580 0.632058978 -0.029940495 0.774222136
1783356612291100928.000000 0.003150016 0.028138623 0.445713192 -0.013611580 0.632058978 -0.029940495 0.774222136
1783356612291100928.000000 0.003150016 0.028138623 0.445713192 -0.013611580 0.632058978 -0.029940495 0.774222136
1783356612291100928.000000 0.003150016 0.028138623 0.445713192 -0.013611580 0.632058978 -0.029940495 0.774222136
1783356612291100928.000000 0.003150016 0.028138623 0.445713192 -0.013611580 0.632058978 -0.029940495 0.774222136
1783356612291100928.000000 0.003150016 0.028138623 0.445713192 -0.013611580 0.632058978 -0.029940495 0.774222136
1783356612291100928.000000 0.003150016 0.028138623 0.445713192 -0.013611580 0.632058978 -0.029940495 0.774222136
1783356612291100928.000000 0.003150016 0.028138623 0.445713192 -0.013611580 0.632058978 -0.029940495 0.774222136
1783356612291100928.000000 0.003150016 0.028138623 0.445713192 -0.013611580 0.632058978 -0.029940495 0.774222136
1783356612291100928.000000 0.003150016 0.028138623 0.445713192 -0.013611580 0.632058978 -0.029940495 0.774222136
1783356612291100928.000000 0.003150016 0.028138623 0.445713192 -0.013611580 0.632058978 -0.029940495 0.774222136
1783356612291100928.000000 0.003150016 0.028138623 0.445713192 -0.013611580 0.632058978 -0.029940495 0.774222136
1783356612291100928.000000 0.003150016 0.028138623 0.445713192 -0.013611580 0.632058978 -0.029940495 0.774222136
1783356612291100928.000000 0.003150016 0.028138623 0.445713192 -0.013611580 0.632058978 -0.029940495 0.774222136
1783356612291100928.000000 0.003150016 0.028138623 0.445713192 -0.013611580 0.632058978 -0.029940495 0.774222136
1783356612291100928.000000 0.003150016 0.028138623 0.445713192 -0.013611580 0.632058978 -0.029940495 0.774222136
1783356612291100928.000000 0.003150016 0.028138623 0.445713192 -0.013611580 0.632058978 -0.029940495 0.774222136
1783356612291100928.000000 0.003150016 0.028138623 0.445713192 -0.013611580 0.632058978 -0.029940495 0.774222136
1783356612291100928.000000 0.003150016 0.028138623 0.445713192 -0.013611580 0.632058978 -0.029940495 0.774222136
1783356612291100928.000000 0.003150016 0.028138623 0.445713192 -0.013611580 0.632058978 -0.029940495 0.774222136
1783356612291100928.000000 0.003150016 0.028138623 0.445713192 -0.013611580 0.632058978 -0.029940495 0.774222136
1783356612291100928.000000 0.003150016 0.028138623 0.445713192 -0.013611580 0.632058978 -0.029940495 0.774222136
1783356612291100928.000000 0.003150016 0.028138623 0.445713192 -0.013611580 0.632058978 -0.029940495 0.774222136
1783356612291100928.000000 0.003150016 0.028138623 0.445713192 -0.013611580 0.632058978 -0.029940495 0.774222136
1783356612291100928.000000 0.003150016 0.028138623 0.445713192 -0.013611580 0.632058978 -0.029940495 0.774222136
1783356612291100928.000000 0.003150016 0.028138623 0.445713192 -0.013611580 0.632058978 -0.029940495 0.774222136
1783356612291100928.000000 0.003150016 0.028138623 0.445713192 -0.013611580 0.632058978 -0.029940495 0.774222136
1783356612291100928.000000 0.003150016 0.028138623 0.445713192 -0.013611580 0.632058978 -0.029940495 0.774222136
1783356612291100928.000000 0.003150016 0.028138623 0.445713192 -0.013611580 0.632058978 -0.029940495 0.774222136
1783356612291100928.000000 0.003150016 0.028138623 0.445713192 -0.013611580 0.632058978 -0.029940495 0.774222136
1783356612291100928.000000 0.003150016 0.028138623 0.445713192 -0.013611580 0.632058978 -0.029940495 0.774222136
1783356612291100928.000000 0.003150016 0.028138623 0.445713192 -0.013611580 0.632058978 -0.029940495 0.774222136
1783356612291100928.000000 0.003150016 0.028138623 0.445713192 -0.013611580 0.632058978 -0.029940495 0.774222136
1783356612291100928.000000 0.003150016 0.028138623 0.445713192 -0.013611580 0.632058978 -0.029940495 0.774222136
1783356612291100928.000000 0.003150016 0.028138623 0.445713192 -0.013611580 0.632058978 -0.029940495 0.774222136
1783356612291100928.000000 0.003150016 0.028138623 0.445713192 -0.013611580 0.632058978 -0.029940495 0.774222136
1783356612291100928.000000 0.003150016 0.028138623 0.445713192 -0.013611580 0.632058978 -0.029940495 0.774222136
1783356612291100928.000000 0.003150016 0.028138623 0.445713192 -0.013611580 0.632058978 -0.029940495 0.774222136
1783356612291100928.000000 0.003150016 0.028138623 0.445713192 -0.013611580 0.632058978 -0.029940495 0.774222136
1783356612291100928.000000 0.003150016 0.028138623 0.445713192 -0.013611580 0.632058978 -0.029940495 0.774222136
1783356612291100928.000000 0.003150016 0.028138623 0.445713192 -0.013611580 0.632058978 -0.029940495 0.774222136
1783356612291100928.000000 0.003150016 0.028138623 0.445713192 -0.013611580 0.632058978 -0.029940495 0.774222136
1783356612291100928.000000 0.003150016 0.028138623 0.445713192 -0.013611580 0.632058978 -0.029940495 0.774222136
1783356612291100928.000000 0.003150016 0.028138623 0.445713192 -0.013611580 0.632058978 -0.029940495 0.774222136
1783356612291100928.000000 0.003150016 0.028138623 0.445713192 -0.013611580 0.632058978 -0.029940495 0.774222136
1783356612291100928.000000 0.003150016 0.028138623 0.445713192 -0.013611580 0.632058978 -0.029940495 0.774222136
1783356612291100928.000000 0.003150016 0.028138623 0.445713192 -0.013611580 0.632058978 -0.029940495 0.774222136
1783356612291100928.000000 0.003150016 0.028138623 0.445713192 -0.013611580 0.632058978 -0.029940495 0.774222136
1783356612291100928.000000 0.003150016 0.028138623 0.445713192 -0.013611580 0.632058978 -0.029940495 0.774222136
1783356612291100928.000000 0.003150016 0.028138623 0.445713192 -0.013611580 0.632058978 -0.029940495 0.774222136
1783356612291100928.000000 0.003150016 0.028138623 0.445713192 -0.013611580 0.632058978 -0.029940495 0.774222136
1783356612291100928.000000 0.003150016 0.028138623 0.445713192 -0.013611580 0.632058978 -0.029940495 0.774222136
1783356612291100928.000000 0.003150016 0.028138623 0.445713192 -0.013611580 0.632058978 -0.029940495 0.774222136
1783356612291100928.000000 0.003150016 0.028138623 0.445713192 -0.013611580 0.632058978 -0.029940495 0.774222136
1783356612291100928.000000 0.003150016 0.028138623 0.445713192 -0.013611580 0.632058978 -0.029940495 0.774222136
1783356612291100928.000000 0.003150016 0.028138623 0.445713192 -0.013611580 0.632058978 -0.029940495 0.774222136
1783356612291100928.000000 0.003150016 0.028138623 0.445713192 -0.013611580 0.632058978 -0.029940495 0.774222136
1783356612291100928.000000 0.003150016 0.028138623 0.445713192 -0.013611580 0.632058978 -0.029940495 0.774222136
1783356612291100928.000000 0.003150016 0.028138623 0.445713192 -0.013611580 0.632058978 -0.029940495 0.774222136
